Seed 0:
0 -588.39 
1 -551.59 
2 -349.29 
3 -440.03 
4 -458.12 
5 -168.72 
6 -494.59 
7 -241.11 
8 -520.78 
9 -458.79 
10 -503.80 
11 -461.57 
12 -409.87 
13 -401.51 
14 -574.62 
15 -290.25 
16 -237.60 
17 -226.48 
18 -680.10 
19 -287.00 
20 -599.30 
21 -575.44 
22 -266.20 
23 -409.48 
24 -578.77 
25 -390.75 
26 -531.21 
27 -360.07 
28 -130.89 
29 -429.95 
30 -357.28 
31 -375.28 
32 -418.69 
33 -260.05 
34 -270.36 
35 -134.75 
36 -211.11 
37 -102.22 
38 -59.82 
39 -153.93 
40 -132.07 
41 -72.53 
42 1.12 
43 15.24 
44 -152.52 
45 -0.82 
46 -35.12 
47 -72.33 
48 -110.89 
49 -76.62 
50 -83.97 
51 -61.04 
52 -22.16 
53 -28.83 
54 -43.08 
55 -21.15 
56 -96.28 
57 -59.79 
58 -103.44 
59 -28.13 
60 -47.84 
61 -50.76 
62 -79.94 
63 -46.22 
64 -137.68 
65 -71.08 
66 -47.92 
67 -56.16 
68 -42.78 
69 -86.72 
70 -56.04 
71 -47.89 
72 -65.38 
73 -101.85 
74 -89.64 
75 -103.70 
76 -82.82 
77 -68.79 
78 -51.58 
79 -47.02 
80 -58.00 
81 -86.34 
82 -33.95 
83 -36.32 
84 -88.94 
85 -68.64 
86 -76.90 
87 -71.95 
88 -41.95 
89 -27.71 
90 -91.57 
91 -46.57 
92 -82.65 
93 -48.85 
94 -49.64 
95 -80.91 
96 -51.92 
97 -47.38 
98 -64.72 
99 -53.88 
100 -17.99 
101 -60.50 
102 -52.73 
103 -20.39 
104 -16.44 
105 -34.28 
106 -41.62 
107 -38.85 
108 -58.47 
109 -79.22 
110 -40.13 
111 -44.79 
112 -80.50 
113 -41.18 
114 -65.48 
115 -58.23 
116 -27.24 
117 -48.37 
118 -50.62 
119 -35.23 
120 -8.63 
121 -30.77 
122 -63.94 
123 -39.77 
124 -62.86 
125 -70.60 
126 -21.45 
127 -36.52 
128 -60.38 
129 -40.61 
130 -42.18 
131 -40.42 
132 -36.32 
133 -28.58 
134 -75.14 
135 -54.17 
136 -44.72 
137 -74.77 
138 -35.89 
139 -49.38 
140 -85.54 
141 -50.74 
142 -64.81 
143 -21.95 
144 -108.30 
145 -198.77 
146 -52.01 
147 -44.01 
148 -19.17 
149 -45.11 
150 -76.65 
151 -30.25 
152 -60.24 
153 12.51 
154 -48.44 
155 -74.08 
156 -45.93 
157 -10.01 
158 -37.15 
159 -25.02 
160 -41.84 
161 -43.43 
162 -32.21 
163 -45.43 
164 -30.35 
165 -40.51 
166 -61.39 
167 -45.21 
168 -33.43 
169 -26.81 
170 -97.58 
171 -25.24 
172 -44.47 
173 -29.56 
174 -41.30 
175 -61.27 
176 -27.54 
177 -56.11 
178 -39.49 
179 -56.34 
180 -37.12 
181 -62.76 
182 -33.16 
183 -21.46 
184 -28.67 
185 -42.25 
186 -32.13 
187 -38.87 
188 -56.01 
189 -51.52 
190 -32.91 
191 -31.98 
192 -49.00 
193 -22.46 
194 -48.10 
195 -58.85 
196 -41.83 
197 -20.81 
198 -56.74 
199 -31.93 
200 -23.11 
201 -64.70 
202 -48.98 
203 -19.64 
204 -45.73 
205 -11.39 
206 3.09 
207 -45.08 
208 -25.47 
209 -8.35 
210 -54.18 
211 -31.16 
212 -26.58 
213 -51.85 
214 -79.45 
215 -50.98 
216 -9.60 
217 -34.44 
218 -53.03 
219 -47.39 
220 -25.63 
221 -43.03 
222 -7.28 
223 -33.15 
224 -57.37 
225 -35.34 
226 -21.53 
227 -102.05 
228 -14.02 
229 -49.33 
230 -55.65 
231 -47.18 
232 -40.98 
233 -69.72 
234 -62.50 
235 -70.18 
236 -35.00 
237 -39.99 
238 -100.44 
239 -42.52 
240 -29.00 
241 -104.09 
242 -34.66 
243 15.37 
244 -90.94 
245 -55.00 
246 -40.21 
247 -37.61 
248 -50.17 
249 -47.73 
250 -19.06 
251 44.14 
252 -25.96 
253 -2.08 
254 -41.97 
255 -2.51 
256 -54.15 
257 0.82 
258 -4.91 
259 -49.12 
260 -49.72 
261 -4.20 
262 -3.50 
263 -10.01 
264 -0.16 
265 -27.72 
266 3.94 
267 -9.79 
268 7.42 
269 -37.63 
270 -36.87 
271 28.62 
272 -23.78 
273 -38.02 
274 -38.03 
275 -13.39 
276 7.46 
277 -8.59 
278 24.01 
279 -6.18 
280 -1.25 
281 3.33 
282 -22.21 
283 -1.75 
284 -23.90 
285 3.85 
286 2.31 
287 -15.17 
288 29.09 
289 4.16 
290 19.13 
291 45.83 
292 32.74 
293 -0.63 
294 30.31 
295 28.70 
296 12.13 
297 6.91 
298 24.89 
299 15.89 
300 39.62 
301 47.89 
302 -24.76 
303 53.79 
304 -2.61 
305 -3.30 
306 40.46 
307 -0.15 
308 34.22 
309 37.42 
310 31.57 
311 -10.76 
312 31.28 
313 -3.69 
314 67.09 
315 41.14 
316 45.35 
317 -54.20 
318 47.86 
319 -56.91 
320 42.13 
321 17.67 
322 -59.68 
323 28.27 
324 203.99 
325 -265.83 
326 68.06 
327 47.81 
328 71.35 
329 35.01 
330 53.76 
331 22.51 
332 53.61 
333 15.71 
334 16.23 
335 93.54 
336 -72.81 
337 34.68 
338 50.04 
339 -1.06 
340 -12.12 
341 79.57 
342 134.95 
343 79.39 
344 40.16 
345 -2.98 
346 99.27 
347 90.79 
348 41.26 
349 187.62 
350 204.06 
351 80.78 
352 124.94 
353 109.23 
354 236.77 
355 18.21 
356 45.16 
357 110.67 
358 114.87 
359 -75.38 
360 44.77 
361 -130.01 
362 113.08 
363 189.89 
364 22.53 
365 85.18 
366 40.41 
367 49.95 
368 40.79 
369 -186.49 
370 -197.56 
371 29.21 
372 175.01 
373 155.71 
374 -0.37 
375 49.38 
376 110.38 
377 230.17 
378 188.75 
379 143.25 
380 45.43 
381 42.01 
382 -165.75 
383 262.58 
384 76.48 
385 229.00 
386 272.17 
387 179.11 
388 218.60 
389 -104.45 
390 241.95 
391 102.29 
