Seed 0:
0 -614.92 
1 -575.19 
2 -516.07 
3 -576.92 
4 -378.82 
5 2295.08 
6 113.95 
7 1145.52 
8 -212.00 
9 529.45 
10 100.74 
11 597.99 
12 603.98 
13 593.59 
14 593.24 
15 631.93 
16 587.99 
17 609.22 
18 582.08 
19 612.75 
20 610.93 
21 610.67 
22 596.52 
23 590.68 
24 589.62 
25 576.14 
26 590.81 
27 565.64 
28 628.25 
29 591.98 
30 612.87 
31 603.13 
32 595.97 
33 605.13 
34 586.12 
35 613.34 
36 611.14 
37 603.16 
38 582.62 
39 585.85 
40 619.62 
41 606.16 
42 603.79 
43 596.63 
44 568.22 
45 610.14 
46 578.53 
47 584.85 
48 610.26 
49 594.43 
50 620.73 
51 592.11 
52 605.51 
53 578.48 
54 619.19 
55 577.05 
56 595.37 
57 588.91 
58 616.19 
59 600.36 
60 609.73 
61 615.23 
62 607.57 
63 598.77 
64 589.78 
65 604.35 
66 592.33 
67 613.83 
68 606.53 
69 605.45 
70 592.64 
71 607.80 
72 586.42 
73 601.62 
74 614.15 
75 595.72 
76 601.28 
77 604.89 
78 580.74 
79 582.56 
80 587.81 
81 578.89 
82 596.27 
83 611.76 
84 592.24 
85 594.98 
86 623.60 
87 609.27 
88 613.99 
89 585.61 
90 620.47 
91 567.15 
92 595.89 
93 606.72 
94 610.64 
95 576.19 
96 621.57 
97 598.25 
98 608.10 
99 641.17 
100 595.42 
101 602.54 
102 586.24 
103 589.12 
104 602.39 
105 593.71 
106 601.82 
107 596.29 
108 589.28 
109 588.13 
110 601.27 
111 567.30 
112 592.20 
113 609.31 
114 619.39 
115 586.68 
116 602.21 
117 629.02 
118 604.51 
119 589.81 
120 607.99 
121 594.63 
122 597.89 
123 600.27 
124 624.21 
125 636.13 
126 614.37 
127 585.45 
128 617.44 
129 604.06 
130 597.90 
131 609.56 
132 624.15 
133 621.05 
134 594.82 
135 611.11 
136 583.34 
137 594.97 
138 619.78 
139 576.41 
140 607.85 
141 620.30 
142 601.47 
143 582.87 
144 596.12 
145 624.05 
146 616.32 
147 607.09 
148 613.87 
149 583.42 
150 611.07 
151 600.40 
152 596.66 
153 606.19 
154 604.59 
155 624.65 
156 572.71 
157 599.71 
158 622.14 
159 577.36 
160 600.17 
161 563.28 
162 595.52 
163 613.77 
164 609.33 
165 605.64 
166 623.92 
167 594.95 
168 588.67 
169 609.21 
170 624.20 
171 628.21 
172 611.03 
173 623.46 
174 625.96 
175 581.88 
176 581.70 
177 596.04 
178 588.43 
179 618.93 
180 608.59 
181 605.85 
182 582.57 
183 608.78 
184 627.98 
185 623.11 
186 580.62 
187 586.95 
188 598.10 
189 592.00 
190 607.31 
191 621.64 
192 619.23 
193 594.40 
194 591.61 
195 610.00 
196 609.14 
197 577.98 
198 578.76 
199 600.70 
200 590.49 
201 624.33 
202 594.38 
203 566.97 
204 586.13 
205 618.46 
206 626.42 
207 585.87 
208 620.25 
209 609.13 
210 616.44 
211 589.96 
212 603.26 
213 601.03 
214 583.49 
215 595.39 
216 598.97 
217 602.87 
218 581.04 
219 598.86 
220 591.06 
221 606.20 
222 628.71 
223 611.25 
224 596.52 
225 589.44 
226 591.55 
227 597.38 
228 610.91 
229 618.88 
230 594.95 
231 601.85 
232 597.31 
233 581.80 
234 598.67 
235 579.93 
236 572.79 
237 562.90 
238 613.53 
239 614.64 
240 611.26 
241 602.44 
242 597.54 
243 607.52 
244 600.32 
245 608.76 
246 573.56 
247 583.93 
248 584.05 
249 597.34 
250 620.42 
251 624.62 
252 597.80 
253 593.37 
254 602.84 
255 585.31 
256 602.86 
257 595.47 
258 604.41 
259 598.17 
260 593.56 
261 608.47 
262 579.70 
263 595.54 
264 568.44 
265 593.88 
266 617.22 
267 584.86 
268 588.46 
269 601.87 
270 632.97 
271 601.51 
272 619.96 
273 613.31 
274 638.52 
275 586.78 
276 599.95 
277 581.07 
278 605.41 
279 588.33 
280 609.09 
281 603.50 
282 589.27 
283 603.04 
284 572.41 
285 590.82 
286 587.39 
287 576.52 
288 613.60 
289 600.59 
290 601.44 
291 597.79 
292 603.43 
293 594.83 
294 600.07 
295 586.05 
296 595.88 
297 606.54 
298 587.00 
299 588.96 
300 578.62 
301 578.73 
302 595.50 
303 598.28 
304 588.68 
305 598.81 
306 600.80 
307 605.25 
308 601.37 
309 595.24 
310 612.83 
311 608.79 
312 574.13 
313 608.59 
314 600.83 
315 595.22 
316 600.27 
317 591.30 
318 598.91 
319 601.78 
320 616.69 
321 604.32 
322 614.14 
323 594.45 
324 592.88 
325 583.94 
326 633.64 
327 605.74 
328 581.64 
329 603.88 
330 619.07 
331 617.37 
332 595.35 
333 617.44 
334 596.88 
335 604.15 
336 595.86 
337 594.18 
338 585.90 
339 630.82 
340 600.72 
341 591.57 
342 614.69 
343 595.12 
344 589.29 
345 622.74 
346 596.05 
347 610.59 
348 595.22 
349 608.92 
350 585.60 
351 587.33 
352 582.17 
353 617.15 
354 593.93 
355 591.35 
356 593.69 
357 601.90 
358 568.19 
359 616.27 
360 606.28 
361 609.44 
362 615.67 
363 607.96 
364 601.67 
365 577.89 
366 611.51 
367 610.27 
368 585.62 
369 604.00 
370 573.41 
371 577.76 
372 574.49 
373 614.05 
374 593.23 
375 600.16 
376 606.38 
377 601.76 
378 584.41 
379 606.75 
380 588.66 
381 565.85 
382 614.67 
383 609.48 
384 614.25 
385 589.76 
386 606.51 
387 594.51 
388 614.33 
389 588.05 
390 596.07 
391 591.31 
392 618.74 
393 622.63 
394 598.01 
395 605.14 
396 603.86 
397 598.77 
398 615.92 
399 608.49 
400 602.70 
401 560.53 
402 592.02 
403 598.17 
404 606.41 
405 570.71 
406 596.27 
407 581.98 
408 607.71 
409 611.49 
410 614.49 
411 609.60 
412 609.33 
413 577.70 
414 600.71 
415 621.00 
416 599.90 
417 577.35 
418 595.93 
419 598.98 
420 614.07 
421 592.98 
422 610.58 
423 611.85 
424 613.44 
425 586.08 
426 586.13 
427 589.18 
428 608.77 
429 609.82 
430 582.40 
431 603.50 
432 599.11 
433 625.03 
434 566.34 
435 600.55 
436 596.51 
437 615.94 
438 606.78 
439 610.89 
440 587.83 
441 609.25 
442 605.23 
443 587.77 
444 583.38 
445 600.63 
446 584.41 
447 595.08 
448 612.91 
449 612.20 
450 614.31 
451 610.90 
452 606.87 
453 590.21 
454 611.78 
455 612.54 
456 599.95 
457 602.61 
458 594.17 
459 601.51 
460 610.68 
461 604.68 
462 597.92 
463 594.13 
464 597.89 
465 596.57 
466 607.90 
467 603.36 
468 606.06 
469 596.50 
470 610.44 
471 588.90 
472 590.75 
473 601.00 
474 594.05 
475 608.75 
476 632.32 
477 606.27 
478 585.56 
479 582.19 
480 586.45 
481 612.37 
482 596.42 
483 566.42 
484 584.40 
485 621.25 
486 604.16 
487 595.39 
488 582.99 
489 601.24 
490 590.03 
491 587.18 
492 582.56 
493 596.09 
494 600.52 
495 576.63 
496 615.02 
497 583.13 
498 573.55 
499 594.96 
500 600.05 
501 587.42 
502 596.19 
503 628.22 
504 602.83 
505 620.23 
506 608.49 
507 617.60 
508 607.22 
509 611.21 
510 616.27 
511 604.32 
512 586.66 
513 570.32 
514 605.75 
515 597.77 
516 618.13 
517 595.23 
518 626.89 
519 602.65 
520 570.34 
521 588.23 
522 582.91 
523 599.69 
524 599.86 
525 610.72 
526 605.97 
527 574.01 
528 593.08 
529 615.21 
530 623.34 
531 603.86 
532 573.31 
533 621.04 
534 592.96 
535 599.84 
536 591.50 
537 582.62 
538 618.13 
539 628.62 
540 590.91 
541 619.57 
542 580.48 
543 596.34 
544 629.45 
545 572.63 
546 599.08 
547 604.01 
548 616.95 
549 621.10 
550 588.05 
551 585.03 
552 597.57 
553 596.54 
554 600.22 
555 601.90 
556 584.92 
557 594.42 
558 601.46 
559 594.58 
560 615.13 
561 589.87 
562 606.79 
563 580.48 
564 593.33 
565 607.00 
566 609.31 
567 620.12 
568 615.48 
569 606.58 
570 626.31 
571 577.66 
572 603.60 
573 593.30 
574 623.08 
575 607.83 
576 578.52 
577 596.43 
578 593.43 
579 604.18 
580 593.04 
581 591.54 
582 596.33 
583 601.28 
584 600.17 
585 607.29 
586 606.54 
587 605.59 
588 585.81 
589 600.35 
590 599.41 
591 633.19 
592 618.74 
593 618.08 
594 591.14 
595 599.22 
596 580.39 
597 606.85 
598 616.96 
599 625.24 
600 584.52 
601 604.32 
602 595.81 
603 596.01 
604 606.17 
605 618.45 
606 619.83 
607 611.39 
608 573.96 
609 587.44 
610 568.13 
611 594.34 
612 586.15 
613 615.81 
614 611.27 
615 618.61 
616 604.08 
617 601.89 
618 580.47 
619 581.19 
620 630.99 
621 563.05 
622 599.11 
623 567.67 
624 589.09 
625 623.47 
626 597.87 
627 569.29 
628 620.30 
629 609.17 
630 595.35 
631 589.04 
632 583.80 
633 601.80 
634 611.27 
635 610.38 
636 614.90 
637 588.83 
638 579.34 
639 596.23 
640 625.64 
641 615.46 
642 599.99 
643 606.88 
644 600.03 
645 602.67 
646 609.63 
647 587.19 
648 577.87 
649 584.42 
650 601.55 
651 602.61 
652 617.12 
653 568.10 
654 579.64 
655 602.79 
656 606.38 
657 611.17 
658 590.72 
659 594.57 
660 596.11 
661 600.41 
662 619.57 
663 598.18 
664 592.79 
665 602.02 
666 602.11 
667 606.79 
668 602.41 
669 634.38 
670 585.33 
671 617.79 
672 581.64 
673 609.23 
674 578.95 
675 634.01 
676 622.47 
677 582.81 
678 618.65 
679 584.20 
680 613.52 
681 598.20 
682 593.23 
683 606.50 
684 627.05 
685 594.23 
686 602.56 
687 606.35 
688 585.48 
689 590.47 
690 572.59 
691 599.78 
692 609.35 
693 615.33 
694 599.16 
695 595.73 
696 620.11 
697 604.19 
698 580.54 
699 578.80 
700 558.87 
701 606.83 
702 585.76 
703 589.79 
704 599.31 
705 583.87 
706 599.31 
707 585.80 
708 581.73 
709 604.37 
710 596.10 
711 622.43 
712 608.51 
713 604.84 
714 608.53 
715 581.02 
716 594.24 
717 582.78 
718 605.01 
719 599.50 
720 597.94 
721 604.93 
722 598.57 
723 604.72 
724 575.19 
725 598.45 
726 580.71 
727 645.87 
728 600.41 
729 607.80 
730 605.84 
731 598.83 
732 585.32 
733 584.78 
734 603.98 
735 567.06 
736 598.97 
737 608.84 
738 574.35 
739 620.74 
740 589.78 
741 590.61 
742 605.37 
743 590.08 
744 629.03 
745 608.29 
746 611.15 
747 597.08 
748 595.09 
749 602.27 
750 589.66 
751 571.47 
752 636.58 
753 602.19 
754 589.20 
755 598.62 
756 595.05 
757 580.11 
758 613.10 
759 625.95 
760 587.78 
761 606.83 
762 599.88 
763 610.26 
764 604.09 
765 611.00 
766 614.59 
767 583.45 
768 583.07 
769 582.21 
770 584.21 
771 607.57 
772 613.48 
773 575.93 
774 586.48 
775 603.67 
776 595.74 
777 577.86 
778 610.17 
779 601.46 
780 598.78 
781 607.91 
782 614.33 
783 602.82 
784 584.68 
785 608.00 
786 603.23 
787 615.98 
788 586.04 
789 604.89 
790 580.80 
791 628.48 
792 606.93 
793 610.79 
794 619.23 
795 582.23 
796 587.31 
797 595.77 
798 592.37 
799 597.86 
800 582.66 
801 604.92 
802 582.34 
803 610.00 
804 611.31 
805 600.66 
806 600.32 
807 590.03 
808 596.57 
809 616.12 
810 618.25 
811 631.24 
812 600.65 
813 580.85 
814 610.98 
815 592.03 
816 573.23 
817 600.94 
818 621.01 
819 593.30 
820 585.99 
821 608.59 
822 590.66 
823 578.87 
824 622.32 
825 606.40 
826 602.77 
827 610.72 
828 608.31 
829 605.88 
830 593.22 
831 564.20 
832 581.51 
833 607.12 
834 598.60 
835 592.64 
836 613.57 
837 588.06 
838 590.01 
839 616.12 
840 612.99 
841 599.42 
842 598.61 
843 596.30 
844 609.26 
845 586.65 
846 600.67 
847 606.04 
848 594.37 
849 604.29 
850 586.82 
851 598.51 
852 596.26 
853 621.09 
854 607.92 
855 622.49 
856 596.05 
857 619.46 
858 611.21 
859 623.36 
860 599.72 
861 614.18 
862 597.38 
863 632.09 
864 560.31 
865 629.27 
866 593.43 
867 624.32 
868 596.55 
869 598.28 
870 616.60 
871 592.81 
872 601.81 
873 618.07 
874 617.06 
875 616.04 
876 603.93 
877 599.09 
878 620.40 
879 628.44 
880 597.69 
881 588.83 
882 599.14 
883 586.08 
884 588.25 
885 576.31 
886 617.67 
887 619.72 
888 577.99 
889 612.51 
890 613.89 
891 594.88 
892 605.63 
893 578.73 
894 572.47 
895 604.27 
896 576.64 
897 601.32 
898 587.47 
899 608.98 
900 597.95 
901 620.50 
902 589.82 
903 601.39 
904 597.98 
905 597.19 
906 583.64 
907 593.96 
908 599.94 
909 589.56 
910 614.36 
911 610.62 
912 612.06 
913 594.15 
914 612.26 
915 601.28 
916 582.32 
917 581.60 
918 617.75 
919 590.10 
920 561.86 
921 600.30 
922 591.75 
923 613.21 
924 604.83 
925 599.02 
926 604.97 
927 623.96 
928 598.34 
929 603.54 
930 619.78 
931 602.47 
932 602.80 
933 620.12 
934 587.49 
935 604.39 
936 585.47 
937 597.51 
938 598.63 
939 613.16 
940 589.32 
941 576.58 
942 591.49 
943 613.27 
944 599.61 
945 629.82 
946 601.02 
947 593.42 
948 559.39 
949 601.53 
950 594.48 
951 574.97 
952 594.12 
953 586.12 
954 591.47 
955 616.81 
956 601.22 
957 606.47 
958 605.77 
959 605.94 
960 599.33 
961 608.59 
962 601.68 
963 615.24 
964 609.88 
965 594.85 
966 609.01 
967 627.34 
968 576.16 
969 604.95 
970 612.63 
971 592.04 
972 608.34 
973 602.71 
974 593.51 
975 607.83 
976 589.65 
977 625.44 
978 605.63 
979 634.87 
980 572.44 
981 591.82 
982 604.21 
983 582.31 
984 608.29 
985 588.14 
986 604.87 
987 595.98 
988 602.78 
989 579.63 
990 606.48 
991 578.45 
992 557.12 
993 607.30 
994 619.55 
995 587.78 
996 616.94 
997 590.80 
998 594.72 
999 588.04 
1000 619.52 
1001 602.84 
1002 590.79 
1003 601.10 
1004 597.42 
1005 591.93 
1006 602.26 
1007 622.26 
1008 596.62 
1009 584.81 
1010 610.32 
1011 613.24 
1012 619.91 
1013 594.93 
1014 606.38 
1015 604.24 
1016 578.09 
1017 593.83 
1018 597.79 
1019 590.62 
1020 616.40 
1021 588.97 
1022 616.37 
1023 581.48 
1024 595.25 
1025 620.64 
1026 600.41 
1027 622.98 
1028 590.67 
1029 609.19 
1030 586.40 
1031 599.66 
1032 609.98 
1033 599.05 
1034 632.53 
1035 604.47 
1036 592.34 
1037 598.58 
1038 607.41 
1039 617.21 
1040 590.06 
1041 611.13 
1042 586.43 
1043 604.22 
1044 594.02 
1045 590.95 
1046 600.10 
1047 601.76 
1048 587.76 
1049 587.95 
1050 600.37 
1051 604.37 
1052 589.18 
1053 598.25 
1054 591.35 
1055 618.22 
1056 590.19 
1057 639.27 
1058 589.77 
1059 604.36 
1060 605.85 
1061 574.54 
1062 592.87 
1063 597.63 
1064 596.56 
1065 622.35 
1066 596.32 
1067 581.83 
1068 607.50 
1069 599.31 
1070 581.94 
1071 616.87 
1072 591.99 
1073 587.85 
1074 635.65 
1075 594.37 
1076 577.52 
1077 586.87 
1078 603.67 
1079 595.26 
1080 586.98 
1081 598.43 
1082 611.67 
1083 617.47 
1084 596.82 
1085 616.73 
1086 600.51 
1087 613.14 
1088 595.84 
1089 597.77 
1090 596.08 
1091 614.84 
1092 602.79 
1093 610.19 
1094 582.84 
1095 587.40 
1096 586.75 
1097 555.40 
1098 626.71 
1099 615.37 
1100 612.96 
1101 650.95 
1102 592.66 
1103 583.83 
1104 596.45 
1105 566.33 
1106 597.75 
1107 578.98 
1108 610.03 
1109 581.60 
1110 611.24 
1111 579.17 
1112 593.36 
1113 637.36 
1114 576.27 
1115 590.13 
1116 613.54 
1117 630.27 
1118 590.31 
1119 599.98 
1120 602.83 
1121 602.92 
1122 596.84 
1123 588.85 
1124 599.68 
1125 588.50 
1126 585.02 
1127 596.74 
1128 598.85 
1129 614.78 
1130 582.23 
1131 614.19 
1132 606.85 
1133 594.56 
1134 604.21 
1135 597.98 
1136 609.08 
1137 601.27 
1138 588.97 
1139 552.43 
1140 598.72 
1141 621.11 
1142 590.81 
1143 605.24 
1144 599.64 
1145 595.32 
1146 582.95 
1147 609.17 
1148 616.35 
1149 599.10 
1150 623.60 
1151 601.62 
1152 598.57 
1153 611.19 
1154 590.92 
1155 624.40 
1156 623.85 
1157 607.67 
1158 618.15 
1159 606.24 
1160 605.98 
1161 598.13 
1162 595.84 
1163 599.91 
1164 601.38 
1165 578.50 
1166 594.59 
1167 600.23 
1168 579.75 
1169 611.78 
1170 595.33 
1171 603.29 
1172 614.52 
1173 618.39 
1174 607.49 
1175 582.13 
1176 592.12 
1177 596.96 
1178 600.40 
1179 592.65 
1180 593.40 
1181 575.64 
1182 598.30 
1183 596.45 
1184 619.25 
1185 616.24 
1186 598.85 
1187 604.15 
1188 608.33 
1189 596.63 
1190 620.65 
1191 611.22 
1192 596.73 
1193 585.56 
1194 570.24 
1195 601.97 
1196 591.72 
1197 613.76 
1198 588.38 
1199 606.65 
1200 610.32 
1201 586.69 
1202 624.36 
1203 618.18 
1204 602.30 
1205 601.88 
1206 587.01 
1207 600.23 
1208 583.65 
1209 585.21 
1210 573.23 
1211 583.41 
1212 593.33 
1213 596.08 
1214 582.42 
1215 620.90 
1216 638.70 
1217 627.15 
1218 583.45 
1219 598.23 
1220 564.33 
1221 596.93 
1222 608.15 
1223 556.13 
1224 615.27 
1225 577.39 
1226 614.54 
1227 606.86 
1228 590.97 
1229 615.71 
1230 592.38 
1231 589.08 
1232 619.16 
1233 599.88 
1234 624.20 
1235 607.19 
1236 579.25 
1237 602.73 
1238 594.39 
1239 587.35 
1240 618.38 
1241 597.39 
1242 604.03 
1243 590.88 
1244 594.98 
1245 596.65 
1246 611.70 
1247 632.93 
1248 580.84 
1249 606.62 
1250 603.08 
1251 609.00 
1252 594.82 
1253 620.53 
1254 621.18 
1255 612.28 
1256 590.66 
1257 596.46 
1258 581.60 
1259 603.24 
1260 616.47 
1261 622.41 
1262 567.61 
1263 625.67 
1264 591.15 
1265 590.62 
1266 594.33 
1267 603.05 
1268 601.90 
1269 589.88 
1270 604.93 
1271 597.95 
1272 593.64 
1273 611.83 
1274 618.63 
1275 602.56 
1276 567.12 
1277 619.83 
1278 589.86 
1279 607.01 
1280 584.41 
1281 601.63 
1282 608.81 
1283 594.97 
1284 583.27 
1285 596.08 
1286 589.41 
1287 572.71 
1288 571.76 
1289 610.64 
1290 638.43 
1291 618.17 
1292 593.37 
1293 588.94 
1294 595.03 
1295 587.28 
1296 623.15 
1297 643.04 
1298 583.59 
1299 585.05 
1300 585.41 
1301 608.86 
1302 601.05 
1303 590.87 
1304 591.52 
1305 595.77 
1306 586.89 
1307 600.10 
1308 579.05 
1309 615.12 
1310 621.95 
1311 621.16 
1312 594.14 
1313 590.60 
1314 586.37 
1315 597.24 
1316 611.84 
1317 604.17 
1318 605.75 
1319 619.90 
1320 604.45 
1321 595.95 
1322 583.73 
1323 600.44 
1324 632.10 
1325 595.75 
1326 569.12 
1327 597.23 
1328 601.24 
1329 603.57 
1330 624.49 
1331 605.78 
1332 593.77 
1333 604.23 
1334 612.96 
1335 588.85 
1336 609.52 
1337 602.14 
1338 583.56 
1339 599.27 
1340 627.20 
1341 614.87 
1342 587.48 
1343 609.96 
1344 627.86 
1345 622.69 
1346 621.23 
1347 602.39 
1348 595.16 
1349 577.96 
1350 572.89 
1351 612.15 
1352 603.35 
1353 588.64 
1354 620.65 
1355 595.09 
1356 598.61 
1357 584.33 
1358 626.93 
1359 615.72 
1360 595.49 
1361 593.74 
1362 602.03 
1363 586.61 
1364 578.96 
1365 601.47 
1366 616.57 
1367 608.76 
1368 606.70 
1369 628.35 
1370 614.30 
1371 606.81 
1372 620.09 
1373 625.90 
1374 600.76 
1375 607.27 
1376 593.94 
1377 591.98 
1378 614.46 
1379 614.75 
1380 601.29 
1381 569.47 
1382 605.72 
1383 592.48 
1384 609.47 
1385 599.41 
1386 609.04 
1387 600.04 
1388 582.55 
1389 595.74 
1390 589.67 
1391 594.41 
1392 603.24 
1393 593.80 
1394 600.03 
1395 612.56 
1396 588.03 
1397 598.57 
1398 607.87 
1399 594.04 
1400 593.26 
1401 567.03 
1402 587.02 
1403 585.60 
1404 611.92 
1405 608.08 
1406 616.61 
1407 600.69 
1408 608.54 
1409 615.69 
1410 591.35 
1411 595.37 
1412 607.55 
1413 614.97 
1414 581.66 
1415 615.05 
1416 602.06 
1417 614.81 
1418 586.18 
1419 609.80 
1420 620.06 
1421 603.86 
1422 601.56 
1423 583.67 
1424 624.56 
1425 593.60 
1426 604.90 
1427 583.99 
1428 601.50 
1429 579.03 
1430 604.08 
1431 610.62 
1432 592.39 
1433 608.18 
1434 616.87 
1435 588.27 
1436 586.67 
1437 593.06 
1438 576.32 
1439 596.60 
1440 598.31 
1441 591.29 
1442 606.64 
1443 621.36 
1444 605.37 
1445 600.51 
1446 607.92 
1447 590.90 
1448 583.01 
1449 609.47 
1450 607.53 
1451 598.50 
1452 604.85 
1453 617.29 
1454 589.51 
1455 606.04 
1456 592.72 
1457 599.91 
1458 604.67 
1459 620.78 
1460 607.11 
1461 560.06 
1462 604.34 
1463 623.66 
1464 594.55 
1465 619.20 
1466 592.08 
1467 608.67 
1468 608.22 
1469 605.47 
1470 578.63 
1471 594.31 
1472 608.53 
1473 573.33 
1474 623.24 
1475 603.87 
1476 597.75 
1477 593.19 
1478 592.89 
1479 605.55 
1480 602.88 
1481 586.06 
1482 607.35 
1483 593.34 
1484 605.61 
1485 580.83 
1486 613.02 
1487 589.89 
1488 604.34 
1489 578.73 
1490 576.74 
1491 606.54 
1492 593.12 
1493 615.04 
1494 616.80 
1495 594.78 
1496 606.15 
1497 616.55 
1498 635.52 
1499 591.80 
1500 588.62 
1501 544.12 
1502 608.01 
1503 602.72 
1504 631.45 
1505 617.59 
1506 597.10 
1507 608.00 
1508 622.91 
1509 587.21 
1510 587.04 
1511 600.69 
1512 608.91 
1513 608.25 
1514 600.62 
1515 588.36 
1516 600.66 
1517 627.71 
1518 599.71 
1519 578.71 
1520 595.36 
1521 611.97 
1522 617.21 
1523 588.70 
1524 583.68 
1525 586.01 
1526 593.17 
1527 592.98 
1528 583.56 
1529 595.81 
1530 601.98 
1531 599.28 
1532 599.36 
1533 593.60 
1534 632.64 
1535 607.01 
1536 581.52 
1537 597.74 
1538 609.87 
1539 617.77 
1540 616.02 
1541 606.03 
1542 596.53 
1543 618.69 
1544 601.13 
1545 597.26 
1546 597.99 
1547 584.52 
1548 590.13 
1549 588.26 
1550 608.90 
1551 606.67 
1552 592.28 
1553 585.74 
1554 603.25 
1555 606.31 
1556 575.84 
1557 628.89 
1558 601.39 
1559 612.24 
1560 600.54 
1561 598.88 
1562 613.39 
1563 598.93 
1564 597.87 
1565 615.61 
1566 598.53 
1567 593.39 
1568 629.03 
1569 607.21 
1570 612.65 
1571 600.72 
1572 593.67 
1573 570.07 
1574 597.62 
1575 601.86 
1576 595.03 
1577 577.81 
1578 596.05 
1579 604.44 
1580 592.80 
1581 592.18 
1582 589.95 
1583 602.30 
1584 608.21 
1585 604.78 
1586 606.80 
1587 594.77 
1588 612.04 
1589 602.67 
1590 596.55 
1591 594.97 
1592 605.10 
1593 603.03 
1594 608.40 
1595 611.84 
1596 572.97 
1597 606.12 
1598 599.54 
1599 593.35 
1600 622.94 
1601 615.88 
1602 597.98 
1603 578.90 
1604 583.22 
1605 605.85 
1606 627.83 
1607 578.24 
1608 583.11 
1609 590.11 
1610 595.84 
1611 618.05 
1612 598.90 
1613 620.43 
1614 613.92 
1615 616.39 
1616 621.38 
1617 609.59 
1618 604.56 
1619 627.53 
1620 607.19 
1621 609.54 
1622 614.70 
1623 631.54 
1624 615.00 
1625 620.99 
1626 617.86 
1627 605.28 
1628 613.19 
1629 599.11 
1630 594.45 
1631 586.61 
1632 575.50 
1633 606.71 
1634 606.94 
1635 575.67 
1636 593.47 
1637 586.13 
1638 596.90 
1639 607.67 
1640 597.73 
1641 629.13 
1642 586.54 
1643 596.13 
1644 600.65 
1645 598.48 
1646 602.10 
1647 593.61 
1648 613.53 
1649 584.49 
1650 574.78 
1651 612.79 
1652 594.84 
1653 604.16 
1654 597.54 
1655 616.15 
1656 610.14 
1657 590.13 
1658 579.59 
1659 628.86 
1660 636.08 
1661 599.71 
1662 605.99 
1663 570.16 
1664 609.54 
1665 587.70 
1666 610.62 
1667 628.57 
1668 614.66 
1669 571.24 
1670 588.01 
1671 581.70 
1672 615.98 
1673 591.25 
1674 597.25 
1675 603.71 
1676 595.32 
1677 612.16 
1678 598.90 
1679 588.96 
1680 586.44 
1681 615.79 
1682 618.50 
1683 599.64 
1684 626.71 
1685 609.18 
1686 629.56 
1687 608.32 
1688 600.83 
1689 616.01 
1690 603.11 
1691 583.26 
1692 603.14 
1693 609.67 
1694 577.65 
1695 597.20 
1696 608.28 
1697 575.15 
1698 628.11 
1699 615.21 
1700 608.41 
1701 595.30 
1702 602.08 
1703 609.12 
1704 620.46 
1705 590.25 
1706 572.88 
1707 606.28 
1708 587.44 
1709 610.23 
1710 574.69 
1711 588.21 
1712 576.91 
1713 606.43 
1714 618.94 
1715 592.85 
1716 598.55 
1717 580.62 
1718 609.16 
1719 601.06 
1720 584.38 
1721 607.73 
1722 626.56 
1723 584.97 
1724 623.58 
1725 613.55 
1726 589.36 
1727 610.56 
1728 609.45 
1729 592.31 
1730 592.86 
1731 594.11 
1732 587.94 
1733 595.03 
1734 624.04 
1735 611.09 
1736 588.16 
1737 576.65 
1738 588.39 
1739 569.46 
1740 603.36 
1741 602.97 
1742 602.28 
1743 608.39 
1744 618.93 
1745 591.73 
1746 602.98 
1747 597.30 
1748 606.10 
1749 603.28 
1750 593.63 
1751 589.52 
1752 611.41 
1753 593.86 
1754 589.83 
1755 577.46 
1756 597.11 
1757 568.51 
1758 623.34 
1759 598.20 
1760 590.93 
1761 579.53 
1762 616.43 
1763 599.80 
1764 613.41 
1765 599.04 
1766 628.41 
1767 611.48 
1768 612.32 
1769 580.03 
1770 618.99 
1771 618.24 
1772 594.49 
1773 610.12 
1774 588.76 
1775 576.51 
1776 600.58 
1777 598.48 
1778 617.25 
1779 575.02 
1780 595.78 
1781 588.50 
1782 598.31 
1783 609.31 
1784 596.13 
1785 601.68 
1786 590.66 
1787 611.47 
1788 595.76 
1789 593.50 
1790 608.21 
1791 598.48 
1792 606.06 
1793 601.94 
1794 606.68 
1795 616.17 
1796 597.15 
1797 598.85 
1798 582.11 
1799 608.54 
1800 593.48 
1801 578.64 
1802 594.24 
1803 602.93 
1804 627.73 
1805 584.69 
1806 581.06 
1807 596.23 
1808 576.24 
1809 620.59 
1810 591.67 
1811 627.81 
1812 606.00 
1813 579.62 
1814 605.30 
1815 602.31 
1816 594.13 
1817 595.08 
1818 592.76 
1819 595.67 
1820 596.36 
1821 604.76 
1822 606.16 
1823 590.79 
1824 608.16 
1825 598.43 
1826 619.36 
1827 605.73 
1828 607.72 
1829 587.49 
1830 605.95 
1831 614.40 
1832 570.68 
1833 585.06 
1834 580.83 
1835 600.99 
1836 597.30 
1837 615.86 
1838 602.42 
1839 601.30 
1840 613.47 
1841 610.51 
1842 614.35 
1843 613.72 
1844 585.81 
1845 583.20 
1846 570.21 
1847 603.25 
1848 594.95 
1849 600.40 
1850 595.81 
1851 628.27 
1852 605.53 
1853 592.67 
1854 590.13 
1855 584.79 
1856 611.03 
1857 586.15 
1858 600.10 
1859 572.63 
1860 611.23 
1861 618.13 
1862 585.36 
1863 598.69 
1864 595.36 
1865 611.41 
1866 584.78 
1867 613.43 
1868 585.69 
1869 568.63 
1870 594.98 
1871 611.74 
1872 616.03 
1873 603.06 
1874 597.45 
1875 579.78 
1876 608.23 
1877 602.91 
1878 590.40 
1879 590.48 
1880 589.65 
1881 596.57 
1882 605.65 
1883 584.85 
1884 611.75 
1885 616.05 
1886 619.59 
1887 623.94 
1888 606.03 
1889 605.09 
1890 552.09 
1891 599.95 
1892 586.69 
1893 607.70 
1894 605.08 
1895 608.03 
1896 575.82 
1897 592.53 
1898 604.60 
1899 611.66 
1900 582.75 
1901 576.54 
1902 600.47 
1903 582.68 
1904 599.51 
1905 587.23 
1906 609.19 
1907 608.79 
1908 622.55 
1909 612.25 
1910 594.53 
1911 603.42 
1912 603.42 
1913 554.44 
1914 630.95 
1915 601.32 
1916 591.97 
1917 591.27 
1918 599.53 
1919 588.96 
1920 590.06 
1921 596.96 
1922 568.91 
1923 587.26 
1924 582.03 
1925 586.69 
1926 602.13 
1927 588.13 
1928 595.26 
1929 609.52 
1930 570.83 
1931 587.40 
1932 587.45 
1933 608.09 
1934 596.37 
1935 587.20 
1936 577.46 
1937 614.51 
1938 564.59 
1939 589.45 
1940 590.34 
1941 596.29 
1942 593.35 
1943 591.80 
1944 591.34 
1945 624.84 
1946 619.94 
1947 603.43 
1948 637.78 
1949 591.36 
1950 600.27 
1951 610.52 
1952 602.29 
1953 622.01 
1954 605.99 
1955 589.76 
1956 610.52 
1957 596.91 
1958 611.40 
1959 601.25 
1960 580.78 
1961 583.19 
1962 609.99 
1963 613.33 
1964 584.63 
1965 617.82 
1966 600.95 
1967 587.16 
1968 594.17 
1969 613.00 
1970 597.32 
1971 561.35 
1972 587.93 
1973 588.40 
1974 579.26 
1975 628.33 
1976 594.75 
1977 597.80 
1978 606.13 
1979 597.25 
1980 613.85 
1981 599.35 
1982 607.93 
1983 583.27 
1984 633.70 
1985 606.80 
1986 600.60 
1987 581.52 
1988 593.65 
1989 603.28 
1990 595.36 
1991 584.10 
1992 601.37 
1993 607.46 
1994 598.11 
1995 617.61 
1996 600.43 
1997 604.95 
1998 576.20 
1999 594.13 
2000 607.79 
2001 611.43 
2002 596.85 
2003 594.44 
2004 595.71 
2005 619.38 
2006 592.74 
2007 579.18 
2008 592.39 
2009 610.79 
2010 593.29 
2011 588.47 
2012 609.64 
2013 586.46 
2014 631.73 
2015 603.46 
2016 608.62 
2017 616.98 
2018 604.01 
2019 594.50 
2020 580.80 
2021 603.83 
2022 592.45 
2023 581.33 
2024 586.85 
2025 607.67 
2026 623.25 
2027 592.67 
2028 591.71 
2029 591.69 
2030 611.57 
2031 586.28 
2032 601.62 
2033 607.04 
2034 591.67 
2035 615.28 
2036 603.83 
2037 608.88 
2038 592.98 
2039 613.43 
2040 611.38 
2041 583.44 
2042 598.18 
2043 614.97 
2044 634.67 
2045 611.84 
2046 589.43 
2047 608.28 
2048 621.85 
2049 583.90 
2050 600.74 
2051 625.62 
2052 611.19 
2053 608.93 
2054 609.86 
2055 604.45 
2056 594.63 
2057 591.06 
2058 597.89 
2059 578.49 
2060 596.02 
2061 593.27 
2062 607.00 
2063 581.23 
2064 620.54 
2065 588.91 
2066 619.65 
2067 580.14 
2068 592.17 
2069 592.71 
2070 593.99 
2071 599.72 
2072 591.74 
2073 607.27 
2074 577.56 
2075 598.45 
2076 602.38 
2077 588.42 
2078 603.40 
2079 582.24 
2080 625.37 
2081 602.91 
2082 605.58 
2083 597.23 
2084 633.72 
2085 577.46 
2086 576.66 
2087 592.17 
2088 608.24 
2089 607.90 
2090 596.67 
2091 613.90 
2092 590.22 
2093 589.61 
2094 591.72 
2095 575.18 
2096 587.98 
2097 574.73 
2098 600.50 
2099 604.27 
2100 602.75 
2101 617.04 
2102 575.50 
2103 614.59 
2104 602.34 
2105 573.26 
2106 619.88 
2107 580.32 
2108 595.55 
2109 606.66 
2110 619.99 
2111 609.17 
2112 588.86 
2113 598.59 
2114 604.93 
2115 586.63 
2116 594.30 
2117 605.25 
2118 598.64 
2119 588.12 
2120 601.13 
2121 606.70 
2122 587.37 
2123 598.54 
2124 610.76 
2125 592.39 
2126 608.34 
2127 605.11 
2128 620.41 
2129 600.65 
2130 593.55 
2131 596.17 
2132 605.74 
2133 612.18 
2134 617.65 
2135 587.16 
2136 590.39 
2137 614.55 
2138 604.70 
2139 596.68 
2140 590.32 
2141 612.19 
2142 608.54 
2143 597.86 
2144 610.77 
2145 593.86 
2146 618.09 
2147 594.84 
2148 579.16 
2149 589.54 
2150 594.06 
2151 618.40 
2152 626.62 
2153 581.96 
2154 584.62 
2155 597.59 
2156 590.09 
2157 593.23 
2158 614.62 
2159 593.38 
2160 600.79 
2161 613.52 
2162 610.86 
2163 579.56 
2164 576.39 
2165 612.29 
2166 592.76 
2167 606.54 
2168 614.48 
2169 599.26 
2170 594.64 
2171 590.97 
2172 597.87 
2173 596.96 
2174 591.29 
2175 604.62 
2176 601.38 
2177 608.34 
2178 604.41 
2179 588.20 
2180 585.96 
2181 606.38 
2182 617.36 
2183 608.20 
2184 606.61 
2185 596.93 
2186 602.11 
2187 593.23 
2188 595.10 
2189 597.87 
2190 583.47 
2191 621.70 
2192 605.48 
2193 597.25 
2194 607.12 
2195 610.10 
2196 608.56 
2197 606.76 
2198 593.81 
2199 610.93 
2200 601.88 
2201 613.83 
2202 620.62 
2203 597.11 
2204 612.54 
2205 600.78 
2206 614.47 
2207 602.67 
2208 578.06 
2209 559.64 
2210 621.47 
2211 597.76 
2212 594.37 
2213 600.77 
2214 605.05 
2215 595.82 
2216 587.43 
2217 592.72 
2218 578.35 
2219 592.34 
2220 586.63 
2221 605.48 
2222 595.93 
2223 601.18 
2224 621.12 
2225 600.85 
2226 615.92 
2227 612.27 
2228 611.97 
2229 606.62 
2230 604.90 
2231 602.20 
2232 604.65 
2233 586.94 
2234 603.73 
2235 598.80 
2236 582.77 
2237 586.28 
2238 607.90 
2239 574.93 
2240 634.40 
2241 605.99 
2242 569.92 
2243 591.06 
2244 610.92 
2245 596.84 
2246 602.32 
2247 602.02 
2248 592.33 
2249 595.81 
2250 600.10 
2251 610.73 
2252 572.09 
2253 572.66 
2254 587.00 
2255 596.32 
2256 581.74 
2257 581.30 
2258 613.92 
2259 576.67 
2260 580.98 
2261 587.14 
2262 623.00 
2263 596.71 
2264 609.70 
2265 590.82 
2266 621.83 
2267 621.81 
2268 599.52 
2269 600.85 
2270 595.85 
2271 596.72 
2272 595.55 
2273 597.57 
2274 603.43 
2275 602.66 
2276 611.83 
2277 600.39 
2278 560.54 
2279 591.63 
2280 582.46 
2281 615.49 
2282 595.11 
2283 590.64 
2284 591.85 
2285 631.57 
2286 566.41 
2287 601.07 
2288 598.26 
2289 602.68 
2290 624.63 
2291 591.22 
2292 594.06 
2293 585.50 
2294 603.57 
2295 591.22 
2296 589.84 
2297 610.12 
2298 607.61 
2299 619.90 
2300 583.08 
2301 601.98 
2302 597.90 
2303 602.28 
2304 609.33 
2305 610.08 
2306 600.13 
2307 584.14 
2308 615.86 
2309 643.47 
2310 590.37 
2311 605.35 
2312 579.10 
2313 614.41 
2314 606.04 
2315 602.38 
2316 643.76 
2317 606.01 
2318 610.31 
2319 612.55 
2320 595.70 
2321 597.24 
2322 603.51 
2323 557.48 
2324 614.99 
2325 592.42 
2326 603.69 
2327 604.89 
2328 605.10 
2329 633.39 
2330 599.26 
2331 623.79 
2332 598.93 
2333 590.67 
2334 633.65 
2335 607.33 
2336 609.37 
2337 576.42 
2338 615.29 
2339 600.29 
2340 587.27 
2341 624.29 
2342 605.76 
2343 596.01 
2344 614.97 
2345 585.33 
2346 609.50 
2347 581.50 
2348 585.48 
2349 618.75 
2350 572.37 
2351 606.82 
2352 604.48 
2353 592.66 
2354 589.81 
2355 597.51 
2356 595.17 
2357 608.74 
2358 617.71 
2359 613.76 
2360 575.64 
2361 601.84 
2362 579.10 
2363 601.65 
2364 608.14 
2365 618.06 
2366 589.80 
2367 568.62 
2368 608.73 
2369 622.03 
2370 599.16 
2371 572.46 
2372 618.92 
2373 608.91 
2374 580.30 
2375 583.72 
2376 612.80 
2377 607.17 
2378 617.37 
2379 600.04 
2380 601.05 
2381 604.06 
2382 579.87 
2383 593.58 
2384 603.54 
2385 598.93 
2386 629.99 
2387 596.25 
2388 623.64 
2389 587.08 
2390 593.87 
2391 594.22 
2392 613.28 
2393 610.44 
2394 618.78 
0 621.65 
1 601.67 
2 609.44 
3 603.07 
4 622.53 
5 586.71 
6 572.41 
7 577.49 
8 590.58 
9 587.57 
10 591.40 
11 615.32 
12 589.49 
13 598.20 
14 598.10 
15 608.54 
16 594.20 
17 593.18 
18 605.37 
19 610.63 
20 599.96 
21 605.70 
22 583.62 
23 601.38 
24 589.72 
25 605.70 
26 601.01 
27 582.51 
28 608.36 
29 588.98 
30 592.52 
31 603.64 
32 599.52 
33 590.01 
34 564.15 
35 626.52 
36 616.34 
37 601.30 
38 586.97 
39 593.74 
40 601.14 
41 625.72 
42 595.22 
43 578.58 
44 594.01 
45 580.22 
46 590.62 
47 581.30 
48 602.07 
49 602.63 
50 621.83 
51 601.08 
52 572.07 
53 585.17 
54 597.53 
55 561.55 
56 621.64 
57 577.96 
58 586.44 
59 641.57 
60 594.01 
61 564.10 
62 584.26 
63 598.82 
64 592.76 
65 590.87 
66 582.56 
67 616.90 
68 617.38 
69 604.08 
70 607.52 
71 584.87 
72 609.50 
73 595.86 
74 602.77 
75 609.61 
76 599.86 
77 601.43 
78 589.47 
79 620.12 
80 583.73 
81 608.11 
82 594.85 
83 603.96 
84 589.48 
85 593.48 
86 566.67 
87 600.98 
88 591.75 
89 605.51 
90 595.83 
91 586.23 
92 594.96 
93 603.84 
94 592.58 
95 609.24 
96 611.97 
97 588.88 
98 619.93 
99 603.59 
100 616.97 
101 573.74 
102 598.48 
103 589.56 
104 612.67 
105 603.12 
106 593.60 
107 579.62 
108 638.97 
109 584.93 
110 599.29 
111 609.49 
112 572.75 
113 574.19 
114 597.04 
115 604.94 
116 570.08 
117 582.59 
118 612.84 
119 591.68 
120 635.38 
121 618.79 
122 613.10 
123 583.15 
124 591.30 
125 596.04 
126 613.54 
127 599.91 
128 613.45 
129 587.33 
130 595.14 
131 605.76 
132 596.96 
133 591.38 
134 589.62 
135 598.10 
136 601.70 
137 614.24 
138 588.78 
139 593.75 
140 587.16 
141 579.72 
142 615.87 
143 619.62 
144 599.92 
145 599.84 
146 606.16 
147 594.93 
148 594.74 
149 605.91 
150 595.12 
151 596.91 
152 592.90 
153 612.25 
154 559.03 
155 608.36 
156 580.27 
157 588.04 
158 601.50 
159 586.42 
160 591.12 
161 597.62 
162 578.46 
163 604.51 
164 603.88 
165 605.98 
166 616.94 
167 588.56 
168 620.50 
169 587.78 
170 588.91 
171 588.98 
172 586.58 
173 602.73 
174 630.01 
175 612.64 
176 601.92 
177 616.38 
178 585.60 
179 600.14 
180 590.54 
181 607.74 
182 627.54 
183 621.41 
184 593.46 
185 592.64 
186 590.67 
187 588.48 
188 603.80 
189 618.26 
190 611.81 
191 583.49 
192 599.89 
193 591.19 
194 604.06 
195 598.94 
196 589.32 
197 596.67 
198 626.19 
199 599.13 
200 591.24 
201 613.79 
202 619.81 
203 597.40 
204 617.31 
205 605.75 
206 586.34 
207 616.38 
208 589.94 
209 605.74 
210 593.98 
211 601.62 
212 589.70 
213 568.94 
214 600.34 
215 617.40 
216 621.61 
217 621.53 
218 594.35 
219 594.49 
220 620.35 
221 595.49 
222 595.34 
223 594.56 
224 616.68 
225 613.98 
226 616.27 
227 617.34 
228 574.96 
229 582.26 
230 588.11 
231 610.76 
232 609.45 
233 570.21 
234 603.49 
235 600.97 
236 602.31 
237 608.72 
238 630.61 
239 585.96 
240 600.15 
241 623.18 
242 601.20 
243 591.68 
244 575.73 
245 597.39 
246 580.92 
247 590.75 
248 610.87 
249 617.20 
250 580.00 
251 579.79 
252 579.73 
253 595.56 
254 610.39 
255 616.27 
256 574.87 
257 595.97 
258 623.73 
259 578.14 
260 588.93 
261 616.25 
262 604.42 
263 588.22 
264 599.63 
265 576.55 
266 618.36 
267 598.19 
268 631.93 
269 588.09 
270 592.40 
271 588.24 
272 593.89 
273 591.25 
274 603.72 
275 597.79 
276 616.07 
277 618.79 
278 598.85 
279 586.13 
280 593.64 
281 606.95 
282 622.06 
283 597.58 
284 598.40 
285 608.45 
286 586.48 
287 576.67 
288 564.89 
289 619.60 
290 614.48 
291 610.85 
292 619.87 
293 586.91 
294 586.88 
295 585.58 
296 606.35 
297 609.84 
298 606.48 
299 611.07 
300 575.93 
301 569.36 
302 596.43 
303 602.55 
304 608.01 
305 606.02 
306 605.99 
307 590.77 
308 600.90 
309 599.55 
310 618.48 
311 604.72 
312 616.33 
313 603.96 
314 580.77 
315 630.32 
316 573.21 
317 593.38 
318 582.94 
319 577.97 
320 604.95 
321 612.29 
322 585.57 
323 611.57 
324 605.55 
325 604.68 
326 602.88 
327 583.30 
328 608.14 
329 590.30 
330 592.20 
331 588.22 
332 599.91 
333 610.76 
334 601.05 
335 573.26 
336 620.25 
337 613.36 
338 619.21 
339 605.71 
340 612.57 
341 610.23 
342 611.22 
343 593.74 
344 592.61 
345 579.04 
346 608.84 
347 600.02 
348 577.46 
349 593.13 
350 625.58 
351 589.49 
352 589.56 
353 623.80 
354 612.30 
355 593.13 
356 593.73 
357 595.79 
358 591.62 
359 597.73 
360 605.77 
361 619.53 
362 606.70 
363 575.01 
364 624.14 
365 594.40 
366 613.66 
367 616.94 
368 603.64 
369 600.46 
370 580.16 
371 598.71 
372 616.64 
373 603.38 
374 618.27 
375 578.13 
376 591.37 
377 615.26 
378 611.66 
379 610.92 
380 589.03 
381 587.96 
382 604.36 
383 590.70 
384 615.03 
385 582.30 
386 599.82 
387 588.92 
388 592.84 
389 623.11 
390 615.96 
391 615.53 
392 568.89 
393 607.37 
394 611.82 
395 616.54 
396 583.05 
397 606.91 
398 576.33 
399 591.24 
400 598.83 
401 579.12 
402 591.68 
403 604.40 
404 594.47 
405 602.81 
406 616.84 
407 608.32 
408 607.38 
409 613.06 
410 596.56 
411 615.11 
412 604.05 
413 591.49 
414 597.74 
415 575.98 
416 615.16 
417 588.87 
418 630.78 
419 598.54 
420 607.30 
421 581.05 
422 607.27 
423 587.90 
424 605.91 
425 590.09 
426 569.30 
427 587.75 
428 593.87 
429 589.66 
430 596.86 
431 584.15 
432 599.13 
433 620.11 
434 601.82 
435 611.15 
436 606.51 
437 600.58 
438 586.54 
439 601.37 
440 592.43 
441 597.25 
442 608.93 
443 598.65 
444 582.77 
445 588.04 
446 620.26 
447 616.85 
448 631.07 
449 609.89 
450 599.68 
451 582.59 
452 612.35 
453 621.56 
454 613.97 
455 591.90 
456 600.46 
457 575.10 
458 582.89 
459 603.64 
460 603.66 
461 629.79 
462 590.01 
463 596.47 
464 602.26 
465 606.39 
466 616.27 
467 558.55 
468 583.53 
469 619.75 
470 609.24 
471 583.33 
472 556.21 
473 610.21 
474 580.50 
475 605.43 
476 620.42 
477 585.04 
478 583.82 
479 598.08 
480 581.20 
481 603.59 
482 585.98 
483 607.29 
484 566.24 
485 576.63 
486 595.07 
487 606.06 
488 590.78 
489 594.83 
490 589.56 
491 580.20 
492 613.31 
493 596.72 
494 609.03 
495 622.86 
496 615.45 
497 580.66 
498 620.32 
499 584.66 
500 601.74 
501 606.54 
502 594.64 
503 586.03 
504 610.73 
505 593.73 
506 606.29 
507 587.81 
508 591.35 
509 614.54 
510 591.43 
511 607.47 
512 604.88 
513 613.48 
514 627.85 
515 613.30 
516 592.34 
517 611.51 
518 606.25 
519 585.55 
520 582.16 
521 595.68 
522 600.20 
523 589.32 
524 604.59 
525 622.55 
526 585.60 
527 584.82 
528 607.70 
529 614.64 
530 580.72 
531 607.41 
532 592.68 
533 575.70 
534 594.38 
535 608.58 
536 593.07 
537 586.87 
538 599.85 
539 592.11 
540 614.35 
541 599.13 
542 593.84 
543 631.19 
544 603.49 
545 576.46 
546 625.38 
547 602.77 
548 571.46 
549 633.16 
550 610.69 
551 586.01 
552 610.99 
553 606.46 
554 603.58 
555 587.50 
556 613.17 
557 625.54 
558 600.86 
559 587.97 
560 606.11 
561 584.20 
562 604.28 
563 605.83 
564 592.10 
565 583.66 
566 578.41 
567 600.18 
568 621.47 
569 615.89 
570 586.73 
571 594.91 
572 608.85 
573 598.67 
574 624.19 
575 607.79 
576 591.78 
577 605.14 
578 598.12 
579 584.26 
580 592.27 
581 601.66 
582 614.99 
583 611.43 
584 598.45 
585 586.97 
586 623.52 
587 614.52 
588 627.27 
589 603.80 
590 622.52 
591 608.97 
592 614.01 
593 620.35 
594 593.55 
595 571.79 
596 583.71 
597 604.83 
598 609.00 
599 599.02 
600 617.20 
601 573.58 
602 601.01 
603 589.99 
604 598.39 
605 629.32 
606 619.37 
607 617.77 
608 627.24 
609 615.75 
610 602.00 
611 597.53 
612 588.52 
613 590.24 
614 612.72 
615 612.37 
616 614.77 
617 630.52 
618 598.21 
619 599.43 
620 620.99 
621 609.07 
622 595.55 
623 609.66 
624 577.29 
625 605.02 
626 595.89 
627 584.45 
628 588.93 
629 594.17 
630 614.28 
631 610.41 
632 583.93 
633 585.66 
634 588.80 
635 595.77 
636 634.56 
637 585.42 
638 583.25 
639 600.69 
640 598.92 
641 595.08 
642 614.00 
643 623.74 
644 602.07 
645 592.26 
646 594.57 
647 604.30 
648 588.25 
649 586.40 
650 578.60 
651 599.79 
652 599.05 
653 595.68 
654 570.84 
655 603.12 
656 584.43 
657 595.22 
658 591.30 
659 596.36 
660 590.82 
661 605.79 
662 603.73 
663 597.67 
664 599.33 
665 618.82 
666 582.29 
667 605.75 
668 623.07 
669 606.32 
670 610.97 
671 601.25 
672 605.55 
673 602.03 
674 611.74 
675 586.22 
676 614.71 
677 600.94 
678 573.57 
679 608.66 
680 616.91 
681 598.96 
682 620.21 
683 616.78 
684 599.80 
685 593.47 
686 585.58 
687 595.90 
688 605.08 
689 614.78 
690 602.19 
691 609.26 
692 598.06 
693 620.69 
694 591.74 
695 621.50 
696 606.11 
697 611.84 
698 613.20 
699 629.46 
700 615.00 
701 594.11 
702 579.33 
703 587.29 
704 598.04 
705 598.17 
706 606.08 
707 612.96 
708 583.82 
709 622.31 
710 632.35 
711 610.60 
712 594.54 
713 620.75 
714 593.80 
715 588.33 
716 613.89 
717 629.84 
718 592.74 
719 596.03 
720 610.71 
721 591.43 
722 603.49 
723 601.70 
724 621.81 
725 597.76 
726 579.60 
727 604.25 
728 600.19 
729 609.49 
730 638.12 
731 610.63 
732 585.37 
733 608.43 
734 623.53 
735 599.49 
736 590.18 
737 596.96 
738 604.62 
739 605.92 
740 607.49 
741 610.00 
742 577.32 
743 593.17 
744 596.26 
745 588.77 
746 620.28 
747 579.64 
748 589.17 
749 575.54 
750 619.98 
751 619.72 
752 595.41 
753 585.65 
754 590.46 
755 599.32 
756 608.90 
757 590.23 
758 614.22 
759 605.07 
760 615.68 
761 598.53 
762 590.85 
763 599.04 
764 623.24 
765 612.95 
766 590.02 
767 589.59 
768 607.04 
769 600.16 
770 584.46 
771 623.20 
772 621.01 
773 599.46 
774 618.39 
775 599.40 
776 581.96 
777 616.88 
778 627.85 
779 609.56 
780 600.52 
781 591.88 
782 595.22 
783 603.39 
784 591.69 
785 593.64 
786 597.15 
787 599.65 
788 595.23 
789 614.30 
790 578.28 
791 583.79 
792 609.88 
793 604.31 
794 596.71 
795 612.71 
796 602.34 
797 581.46 
798 589.52 
799 602.27 
800 616.82 
801 603.71 
802 609.75 
803 577.86 
804 585.46 
805 595.47 
806 599.81 
807 601.71 
808 603.43 
809 587.17 
810 561.92 
811 611.28 
812 598.92 
813 592.73 
814 603.24 
815 592.86 
816 605.71 
817 592.03 
818 595.37 
819 612.32 
820 595.81 
821 615.58 
822 611.76 
823 603.56 
824 610.97 
825 588.76 
826 573.23 
827 606.61 
828 617.48 
829 597.52 
830 566.18 
831 620.54 
832 611.36 
833 575.36 
834 618.59 
835 610.35 
836 613.55 
837 620.20 
838 613.74 
839 598.75 
840 603.53 
841 578.82 
842 611.94 
843 584.42 
844 590.90 
845 607.74 
846 608.56 
847 582.24 
848 613.71 
849 590.25 
850 593.51 
851 602.78 
852 608.99 
853 609.90 
854 615.22 
855 618.35 
856 606.66 
857 582.75 
858 585.04 
859 615.95 
860 611.67 
861 613.57 
862 620.83 
863 591.80 
864 597.08 
865 590.16 
866 603.01 
867 586.13 
868 597.63 
869 628.04 
870 603.89 
871 614.43 
872 620.54 
873 608.01 
874 611.11 
875 616.35 
876 617.17 
877 578.03 
878 616.10 
879 567.67 
880 582.97 
881 582.94 
882 611.06 
883 609.21 
884 614.83 
885 627.65 
886 610.51 
887 622.37 
888 579.47 
889 590.46 
890 617.57 
891 595.87 
892 639.67 
893 608.03 
894 588.36 
895 570.55 
896 608.71 
897 574.45 
898 596.33 
899 607.84 
900 588.21 
901 577.74 
902 585.87 
903 592.33 
904 611.09 
905 617.30 
906 593.14 
907 596.10 
908 601.35 
909 604.57 
910 576.09 
911 593.22 
912 575.30 
913 596.21 
914 629.41 
915 608.87 
916 590.36 
917 577.62 
918 603.15 
919 610.56 
920 576.88 
921 588.55 
922 609.75 
923 608.11 
924 611.17 
925 615.78 
926 580.32 
927 595.36 
928 593.46 
929 580.57 
930 609.74 
931 578.26 
932 600.45 
933 629.13 
934 590.39 
935 594.54 
936 617.01 
937 582.57 
938 614.82 
939 598.22 
940 600.79 
941 600.99 
942 587.22 
943 603.02 
944 588.49 
945 599.61 
946 585.60 
947 614.96 
948 609.47 
949 617.75 
950 606.79 
951 606.50 
952 603.57 
953 632.49 
954 615.05 
955 564.77 
956 596.73 
957 617.53 
958 613.21 
959 589.96 
960 580.64 
961 598.78 
962 585.88 
963 593.24 
964 602.33 
965 566.76 
966 575.42 
967 595.28 
968 617.11 
969 586.61 
970 601.65 
971 579.31 
972 606.39 
973 590.90 
974 612.24 
975 607.00 
976 599.28 
977 600.16 
978 623.73 
979 601.20 
980 580.27 
981 610.00 
982 587.84 
983 610.87 
984 602.16 
985 587.08 
986 610.55 
987 580.66 
988 613.29 
989 609.16 
990 580.01 
991 589.48 
992 581.65 
993 602.48 
994 605.66 
995 586.54 
996 574.61 
997 596.16 
998 585.28 
999 616.29 
1000 610.85 
1001 611.09 
1002 600.43 
1003 598.54 
1004 596.43 
1005 603.84 
1006 602.11 
1007 600.34 
1008 607.71 
1009 616.33 
1010 613.75 
1011 590.17 
1012 612.10 
1013 614.62 
1014 605.30 
1015 584.68 
1016 592.38 
1017 581.57 
1018 627.65 
1019 592.58 
1020 607.18 
1021 579.15 
1022 586.77 
1023 606.00 
1024 612.27 
1025 627.24 
1026 612.24 
1027 598.40 
1028 571.32 
1029 587.88 
1030 611.61 
1031 597.77 
1032 569.34 
1033 578.18 
1034 605.57 
1035 600.51 
1036 607.03 
1037 583.39 
1038 582.92 
1039 601.97 
1040 605.70 
1041 608.16 
1042 579.76 
1043 602.52 
1044 599.91 
1045 585.27 
1046 607.99 
1047 599.99 
1048 590.43 
1049 591.11 
1050 604.33 
1051 607.32 
1052 573.99 
1053 609.15 
1054 629.99 
1055 580.41 
1056 591.33 
1057 587.55 
1058 629.43 
1059 595.54 
1060 604.91 
1061 603.88 
1062 583.58 
1063 595.46 
1064 617.47 
1065 602.16 
1066 581.01 
1067 582.81 
1068 613.24 
1069 614.06 
1070 598.13 
1071 593.58 
1072 587.18 
1073 604.68 
1074 607.58 
1075 608.63 
1076 575.25 
1077 583.36 
1078 596.60 
1079 603.19 
1080 624.84 
1081 592.40 
1082 621.72 
1083 600.19 
1084 602.28 
1085 575.68 
1086 597.52 
1087 607.91 
1088 586.92 
1089 599.84 
1090 617.24 
1091 605.38 
1092 597.52 
1093 614.92 
1094 592.24 
1095 610.38 
1096 598.82 
1097 585.47 
1098 592.60 
1099 577.31 
1100 604.52 
1101 615.20 
1102 597.58 
1103 611.97 
1104 604.95 
1105 611.87 
1106 581.36 
1107 580.60 
1108 590.60 
1109 600.09 
1110 617.35 
1111 605.86 
1112 597.60 
1113 604.30 
1114 594.01 
1115 603.00 
1116 595.29 
1117 629.06 
1118 583.76 
1119 611.09 
1120 608.59 
1121 581.65 
1122 620.23 
1123 597.71 
1124 598.33 
1125 607.11 
1126 598.29 
1127 596.27 
1128 609.61 
1129 569.63 
1130 607.31 
1131 617.43 
1132 595.29 
1133 596.98 
1134 604.74 
1135 603.87 
1136 605.12 
1137 568.91 
1138 614.76 
1139 626.87 
1140 583.42 
1141 589.79 
1142 607.71 
1143 620.00 
1144 592.78 
1145 604.67 
1146 596.85 
1147 595.77 
1148 622.09 
1149 599.95 
1150 616.78 
1151 586.41 
1152 615.93 
1153 603.28 
1154 588.66 
1155 599.38 
1156 577.04 
1157 610.12 
1158 609.08 
1159 602.17 
1160 625.59 
1161 587.89 
1162 635.59 
1163 576.98 
1164 592.18 
1165 605.14 
1166 621.38 
1167 603.70 
1168 587.46 
1169 587.90 
1170 598.03 
1171 590.75 
1172 581.67 
1173 618.72 
1174 594.66 
1175 595.86 
1176 616.19 
1177 630.67 
1178 578.37 
1179 583.93 
1180 593.67 
1181 606.72 
1182 604.20 
1183 614.83 
1184 605.82 
1185 587.31 
1186 607.22 
1187 585.12 
1188 584.24 
1189 621.99 
1190 604.05 
1191 620.42 
1192 592.10 
1193 593.34 
1194 624.06 
1195 595.17 
1196 623.38 
1197 605.58 
1198 621.87 
1199 612.58 
1200 576.86 
1201 603.44 
1202 588.89 
1203 606.21 
1204 606.89 
1205 616.92 
1206 593.88 
1207 599.11 
1208 604.62 
1209 580.89 
1210 602.20 
1211 583.69 
1212 598.81 
1213 593.84 
1214 586.01 
1215 589.44 
1216 602.54 
1217 569.69 
1218 575.56 
1219 587.97 
1220 592.75 
1221 601.31 
1222 600.46 
1223 580.28 
1224 575.61 
1225 600.25 
1226 587.50 
1227 605.65 
1228 591.17 
1229 590.67 
1230 592.14 
1231 630.49 
1232 601.86 
1233 611.16 
1234 594.98 
1235 603.05 
1236 592.56 
1237 611.27 
1238 601.96 
1239 573.15 
1240 611.87 
1241 576.51 
1242 614.24 
1243 605.62 
1244 615.37 
1245 614.96 
1246 600.13 
1247 595.81 
1248 609.83 
1249 606.41 
1250 594.77 
1251 596.35 
1252 588.38 
1253 575.77 
1254 601.97 
1255 597.27 
1256 592.61 
1257 574.26 
1258 591.12 
1259 617.19 
1260 595.69 
1261 625.54 
1262 598.05 
1263 593.53 
1264 607.27 
1265 581.54 
1266 604.59 
1267 617.08 
1268 590.71 
1269 598.13 
1270 588.09 
1271 593.76 
1272 609.41 
1273 608.55 
1274 608.99 
1275 580.96 
1276 591.04 
1277 601.18 
1278 596.81 
1279 584.62 
1280 625.62 
1281 599.49 
1282 582.47 
1283 615.61 
1284 595.43 
1285 599.26 
1286 594.22 
1287 602.91 
1288 607.93 
1289 609.76 
1290 602.26 
1291 592.49 
1292 595.33 
1293 606.72 
1294 600.05 
1295 602.59 
1296 606.48 
1297 581.01 
1298 612.38 
1299 601.74 
1300 582.05 
1301 598.81 
1302 616.04 
1303 619.95 
1304 599.76 
1305 622.98 
1306 608.84 
1307 585.48 
1308 599.17 
1309 622.88 
1310 593.12 
1311 618.22 
1312 607.83 
1313 614.53 
1314 597.46 
1315 591.96 
1316 615.24 
1317 603.38 
1318 585.53 
1319 607.48 
1320 588.15 
1321 620.38 
1322 596.18 
1323 602.72 
1324 577.81 
1325 599.99 
1326 614.15 
1327 569.66 
1328 602.25 
1329 603.68 
1330 610.67 
1331 588.84 
1332 618.10 
1333 615.67 
1334 613.48 
1335 607.71 
1336 590.74 
1337 609.24 
1338 604.56 
1339 616.53 
1340 603.36 
1341 582.34 
1342 599.42 
1343 586.85 
1344 594.79 
1345 589.48 
1346 597.58 
1347 601.97 
1348 609.84 
1349 591.39 
1350 591.35 
1351 599.94 
1352 592.96 
1353 590.68 
1354 600.70 
1355 601.95 
1356 581.50 
1357 605.68 
1358 609.22 
1359 589.85 
1360 614.59 
1361 613.82 
1362 616.91 
1363 608.48 
1364 597.50 
1365 595.14 
1366 580.88 
1367 606.36 
1368 615.74 
1369 592.45 
1370 593.76 
1371 633.90 
1372 604.24 
1373 618.85 
1374 621.38 
1375 611.60 
1376 619.76 
1377 603.30 
1378 587.22 
1379 612.19 
1380 603.30 
1381 586.28 
1382 609.59 
1383 599.81 
1384 604.34 
1385 585.05 
1386 604.72 
1387 612.66 
1388 596.54 
1389 602.71 
1390 618.12 
1391 611.86 
1392 598.46 
1393 619.61 
1394 604.75 
1395 613.19 
1396 609.70 
1397 596.28 
1398 575.11 
1399 583.97 
1400 604.79 
1401 632.60 
1402 604.48 
1403 614.87 
1404 608.85 
1405 621.56 
1406 588.86 
1407 606.27 
1408 593.46 
1409 574.77 
1410 595.48 
1411 573.42 
1412 577.47 
1413 602.06 
1414 604.31 
1415 617.62 
1416 592.33 
1417 618.73 
1418 610.86 
1419 606.25 
1420 609.53 
1421 609.98 
1422 590.74 
1423 614.73 
1424 571.58 
1425 599.81 
1426 582.83 
1427 571.98 
1428 602.30 
1429 605.68 
1430 607.93 
1431 602.53 
1432 604.29 
1433 594.11 
1434 611.81 
1435 582.85 
1436 591.66 
1437 605.06 
1438 613.00 
1439 588.50 
1440 600.07 
1441 592.75 
1442 615.33 
1443 597.32 
1444 577.31 
1445 621.82 
1446 596.22 
1447 553.91 
1448 596.95 
1449 591.11 
1450 604.91 
1451 607.26 
1452 586.34 
1453 613.37 
1454 632.46 
1455 602.56 
1456 588.62 
1457 615.65 
1458 602.88 
1459 617.14 
1460 582.33 
1461 596.41 
1462 601.01 
1463 603.92 
1464 584.96 
1465 593.46 
1466 621.40 
1467 603.46 
1468 602.56 
1469 591.15 
1470 624.15 
1471 604.82 
1472 624.22 
1473 619.50 
1474 573.34 
1475 610.73 
1476 609.35 
1477 575.94 
1478 615.09 
1479 594.57 
1480 583.44 
1481 599.70 
1482 587.12 
1483 626.07 
1484 606.73 
1485 606.04 
1486 602.03 
1487 614.98 
1488 607.20 
1489 552.34 
1490 568.67 
1491 600.53 
1492 589.52 
1493 610.26 
1494 600.31 
1495 624.16 
1496 598.69 
1497 603.55 
1498 596.20 
1499 612.83 
1500 574.18 
1501 614.69 
1502 574.52 
1503 610.19 
1504 607.53 
1505 605.38 
1506 607.34 
1507 601.37 
1508 587.25 
1509 605.44 
1510 589.55 
1511 601.84 
1512 593.01 
1513 605.39 
1514 604.19 
1515 610.55 
1516 572.85 
1517 601.49 
1518 626.93 
1519 615.56 
1520 611.87 
1521 605.33 
1522 592.61 
1523 595.82 
1524 628.51 
1525 576.73 
1526 598.93 
1527 564.71 
1528 592.35 
1529 586.66 
1530 594.57 
1531 597.99 
1532 611.35 
1533 605.96 
1534 582.37 
1535 590.69 
1536 607.09 
1537 625.45 
1538 623.15 
1539 611.18 
1540 606.79 
1541 604.77 
1542 608.95 
1543 580.37 
1544 605.86 
1545 584.43 
1546 593.68 
1547 609.48 
1548 606.95 
1549 625.81 
1550 621.02 
1551 598.44 
1552 594.40 
1553 587.55 
1554 599.94 
1555 609.66 
1556 615.01 
1557 600.25 
1558 567.58 
1559 617.27 
1560 599.12 
1561 601.25 
1562 616.24 
1563 611.66 
1564 615.79 
1565 599.04 
1566 586.51 
1567 595.85 
1568 599.86 
1569 618.60 
1570 590.46 
1571 595.61 
1572 602.54 
1573 590.66 
1574 624.65 
1575 613.47 
1576 606.87 
1577 577.25 
1578 567.87 
1579 602.68 
1580 604.11 
1581 617.94 
1582 585.61 
1583 603.73 
1584 609.60 
1585 593.33 
1586 589.46 
1587 590.93 
1588 581.66 
1589 580.17 
1590 605.78 
1591 592.95 
1592 592.50 
1593 602.35 
1594 590.27 
1595 598.29 
1596 594.10 
1597 607.03 
1598 589.15 
1599 629.93 
1600 608.07 
1601 594.08 
1602 596.51 
1603 605.36 
1604 606.80 
1605 596.25 
1606 619.86 
1607 595.65 
1608 606.23 
1609 592.93 
1610 596.61 
1611 605.58 
1612 617.26 
1613 601.18 
1614 632.94 
1615 627.07 
1616 589.68 
1617 608.67 
1618 616.57 
1619 595.44 
1620 600.69 
1621 606.41 
1622 589.90 
1623 615.36 
1624 601.57 
1625 628.78 
1626 601.82 
1627 591.64 
1628 621.83 
1629 621.32 
1630 606.64 
1631 603.83 
1632 589.68 
1633 614.04 
1634 606.76 
1635 584.38 
1636 580.15 
1637 612.54 
1638 606.26 
1639 621.24 
1640 622.77 
1641 594.50 
1642 605.66 
1643 610.08 
1644 603.86 
1645 613.58 
1646 613.79 
1647 609.96 
1648 603.36 
1649 606.08 
1650 614.98 
1651 618.88 
1652 587.97 
1653 617.15 
1654 596.78 
1655 575.70 
1656 604.55 
1657 601.49 
1658 594.76 
1659 595.98 
1660 587.60 
1661 610.83 
1662 611.45 
1663 597.21 
1664 611.96 
1665 609.34 
1666 592.72 
1667 603.38 
1668 601.91 
1669 631.97 
1670 580.37 
1671 623.62 
1672 603.53 
1673 594.26 
1674 605.84 
1675 601.99 
1676 588.74 
1677 601.40 
1678 624.85 
1679 593.20 
1680 592.39 
1681 615.88 
1682 587.33 
1683 627.81 
1684 570.66 
1685 608.12 
1686 618.49 
1687 602.79 
1688 585.33 
1689 617.31 
1690 607.41 
1691 604.07 
1692 592.64 
1693 587.82 
1694 573.07 
1695 621.15 
1696 588.13 
1697 585.49 
1698 596.80 
1699 604.93 
1700 589.19 
1701 587.02 
1702 593.88 
1703 591.96 
1704 616.53 
1705 598.62 
1706 589.15 
1707 600.28 
1708 595.14 
1709 619.78 
1710 601.05 
1711 608.56 
1712 599.74 
1713 604.32 
1714 607.69 
1715 600.29 
1716 578.93 
1717 594.03 
1718 620.24 
1719 593.50 
1720 610.88 
1721 589.28 
1722 617.09 
1723 611.49 
1724 609.19 
1725 585.95 
1726 594.77 
1727 579.49 
1728 582.61 
1729 610.55 
1730 578.28 
1731 614.76 
1732 586.49 
1733 590.28 
1734 601.27 
1735 590.49 
1736 589.17 
1737 585.40 
1738 569.37 
1739 604.75 
1740 584.65 
1741 615.95 
1742 613.65 
1743 566.98 
1744 607.92 
1745 589.11 
1746 602.99 
1747 594.30 
1748 605.37 
1749 605.53 
1750 615.03 
1751 603.93 
1752 599.58 
1753 604.09 
1754 594.94 
1755 613.83 
1756 596.50 
1757 596.10 
1758 615.20 
1759 579.99 
1760 600.01 
1761 619.61 
1762 585.78 
1763 574.64 
1764 594.57 
1765 602.23 
1766 591.01 
1767 591.66 
1768 588.49 
1769 631.80 
1770 581.65 
1771 612.06 
1772 592.73 
1773 592.65 
1774 604.53 
1775 619.04 
1776 594.93 
1777 590.67 
1778 573.77 
1779 570.35 
1780 614.44 
1781 567.60 
1782 577.67 
1783 612.56 
1784 591.49 
1785 589.77 
1786 608.33 
1787 618.67 
1788 581.79 
1789 602.66 
1790 583.28 
1791 596.70 
1792 605.57 
1793 613.68 
1794 590.17 
1795 607.55 
1796 608.11 
1797 598.24 
1798 605.76 
1799 618.92 
1800 600.60 
1801 574.98 
1802 612.77 
1803 595.12 
1804 613.17 
1805 642.50 
1806 589.20 
1807 602.54 
1808 619.93 
1809 604.60 
1810 598.59 
1811 592.36 
1812 593.61 
1813 624.95 
1814 612.99 
1815 605.43 
1816 591.53 
1817 603.64 
1818 602.99 
1819 596.68 
1820 597.84 
1821 604.46 
1822 587.41 
1823 593.35 
1824 601.35 
1825 589.61 
1826 609.19 
1827 606.07 
1828 631.47 
1829 602.92 
1830 594.65 
1831 627.35 
1832 613.05 
1833 614.75 
1834 584.94 
1835 606.06 
1836 592.59 
1837 620.94 
1838 620.28 
1839 602.37 
1840 581.72 
1841 581.38 
1842 605.63 
1843 584.59 
1844 583.57 
1845 588.59 
1846 613.69 
1847 603.22 
1848 621.14 
1849 610.59 
1850 598.50 
1851 592.89 
1852 611.59 
1853 608.08 
1854 633.54 
1855 594.27 
1856 613.34 
1857 573.49 
1858 587.89 
1859 599.08 
1860 588.70 
1861 623.87 
1862 606.81 
1863 601.02 
1864 604.61 
1865 601.09 
1866 606.98 
1867 590.47 
1868 611.50 
1869 612.18 
1870 587.23 
1871 597.88 
1872 591.18 
1873 608.26 
1874 602.05 
1875 602.48 
1876 604.01 
1877 583.54 
1878 597.92 
1879 575.51 
1880 601.60 
1881 608.04 
1882 621.73 
1883 597.80 
1884 599.69 
1885 614.04 
1886 588.81 
1887 585.23 
1888 605.87 
1889 611.73 
1890 611.79 
1891 587.48 
1892 602.14 
1893 584.08 
1894 586.46 
1895 575.35 
1896 592.99 
1897 604.13 
1898 589.54 
1899 611.47 
1900 557.76 
1901 592.30 
1902 620.34 
1903 607.93 
1904 611.64 
1905 591.45 
1906 621.76 
1907 586.27 
1908 585.35 
1909 599.07 
1910 605.65 
1911 605.75 
1912 611.64 
1913 607.04 
1914 614.36 
1915 605.27 
1916 598.74 
1917 606.73 
1918 617.02 
1919 614.57 
1920 577.60 
1921 601.28 
1922 587.53 
1923 577.93 
1924 615.39 
1925 597.54 
1926 624.08 
1927 618.16 
1928 588.92 
1929 595.03 
1930 593.81 
1931 575.61 
1932 562.60 
1933 619.81 
1934 609.09 
1935 592.17 
1936 582.09 
1937 611.21 
1938 589.17 
1939 600.66 
1940 583.46 
1941 607.61 
1942 627.41 
1943 601.06 
1944 610.71 
1945 620.30 
1946 607.29 
1947 615.97 
1948 574.37 
1949 581.27 
1950 594.50 
1951 587.29 
1952 597.47 
1953 620.64 
1954 576.40 
1955 580.15 
1956 607.41 
1957 623.89 
1958 586.00 
1959 593.25 
1960 612.01 
1961 604.93 
1962 585.72 
1963 588.29 
1964 626.42 
1965 600.63 
1966 594.77 
1967 567.15 
1968 593.35 
1969 576.86 
1970 619.64 
1971 604.07 
1972 583.39 
1973 604.31 
1974 599.18 
1975 611.55 
1976 604.13 
1977 612.13 
1978 603.16 
1979 609.86 
1980 625.84 
1981 592.89 
1982 596.63 
1983 595.45 
1984 604.81 
1985 590.51 
1986 627.06 
1987 605.99 
1988 628.16 
1989 597.78 
1990 611.77 
1991 587.10 
1992 607.70 
1993 595.45 
1994 626.37 
1995 593.25 
1996 605.98 
1997 606.97 
1998 618.23 
1999 594.86 
2000 582.88 
2001 611.39 
2002 597.69 
2003 614.49 
2004 591.15 
2005 592.85 
2006 598.59 
2007 609.47 
2008 610.64 
2009 594.73 
2010 605.60 
2011 588.48 
2012 608.38 
2013 588.26 
2014 597.71 
2015 585.88 
2016 587.77 
2017 612.05 
2018 589.42 
2019 604.62 
2020 599.85 
2021 596.49 
2022 597.43 
2023 574.40 
2024 595.00 
2025 592.59 
2026 585.52 
2027 601.70 
2028 601.14 
2029 577.08 
2030 606.90 
2031 602.87 
2032 590.87 
2033 610.12 
2034 571.31 
2035 617.29 
2036 584.73 
2037 580.94 
2038 590.93 
2039 614.86 
2040 591.62 
2041 605.93 
2042 581.99 
2043 598.99 
2044 616.55 
2045 613.59 
2046 599.27 
2047 640.59 
2048 589.13 
2049 610.17 
2050 567.74 
2051 578.46 
2052 627.45 
2053 580.71 
2054 586.96 
2055 629.02 
2056 577.79 
2057 607.37 
2058 601.23 
2059 585.51 
2060 600.28 
2061 637.61 
2062 622.19 
2063 614.24 
2064 611.54 
2065 564.03 
2066 622.13 
2067 612.35 
2068 604.91 
2069 613.72 
2070 602.89 
2071 617.42 
2072 583.11 
2073 596.38 
2074 569.51 
2075 613.50 
2076 619.21 
2077 582.61 
2078 601.98 
2079 611.67 
2080 608.95 
2081 605.83 
2082 600.49 
2083 575.39 
2084 603.56 
2085 609.18 
2086 589.89 
2087 582.56 
2088 597.50 
2089 596.86 
2090 594.16 
2091 597.07 
2092 590.92 
2093 589.95 
2094 623.39 
2095 575.04 
2096 616.39 
2097 585.40 
2098 601.85 
2099 600.63 
2100 601.58 
2101 605.56 
2102 611.43 
2103 585.85 
2104 598.62 
2105 613.54 
2106 603.01 
2107 606.34 
2108 642.64 
2109 630.99 
2110 603.21 
2111 606.12 
2112 596.89 
2113 589.48 
2114 619.40 
2115 600.42 
2116 615.78 
2117 604.45 
2118 599.62 
2119 614.98 
2120 632.42 
2121 603.56 
2122 597.72 
2123 616.12 
2124 603.78 
2125 592.00 
2126 611.18 
2127 602.72 
2128 613.68 
2129 599.42 
2130 604.64 
2131 592.70 
2132 588.19 
2133 610.05 
2134 601.77 
2135 626.11 
2136 597.26 
2137 612.11 
2138 621.87 
2139 607.97 
2140 603.31 
2141 591.03 
2142 615.77 
2143 589.57 
2144 597.80 
2145 614.03 
2146 614.20 
2147 608.72 
2148 607.35 
2149 593.69 
2150 562.91 
2151 578.54 
2152 586.24 
2153 603.07 
2154 612.55 
2155 610.56 
2156 592.67 
2157 615.22 
2158 611.56 
2159 605.39 
2160 615.08 
2161 603.40 
2162 616.86 
2163 602.43 
2164 579.06 
2165 637.72 
2166 591.53 
2167 614.82 
2168 588.38 
2169 598.71 
2170 601.50 
2171 585.85 
2172 634.84 
2173 599.65 
2174 620.64 
2175 607.57 
2176 615.72 
2177 610.07 
2178 615.89 
2179 593.05 
2180 600.31 
2181 599.71 
2182 608.15 
2183 573.81 
2184 610.97 
2185 580.17 
2186 578.74 
2187 592.84 
2188 595.59 
2189 596.62 
2190 577.59 
2191 601.07 
2192 602.14 
2193 619.73 
2194 591.42 
2195 597.10 
2196 601.90 
2197 595.83 
2198 609.82 
2199 604.21 
2200 608.91 
2201 602.74 
2202 606.00 
2203 580.22 
2204 594.76 
2205 589.98 
2206 620.17 
2207 596.94 
2208 587.42 
2209 620.94 
2210 589.52 
2211 595.60 
2212 586.92 
2213 584.00 
2214 571.15 
2215 611.12 
2216 588.96 
2217 599.58 
2218 577.69 
2219 598.96 
2220 612.92 
2221 582.84 
2222 600.50 
2223 589.38 
2224 589.88 
2225 590.93 
2226 580.42 
2227 589.16 
2228 616.69 
2229 598.75 
2230 623.10 
2231 608.38 
2232 578.69 
2233 614.59 
2234 606.57 
2235 619.85 
2236 621.01 
2237 612.37 
2238 600.73 
2239 622.30 
2240 608.04 
2241 583.51 
2242 608.41 
2243 606.65 
2244 623.93 
2245 625.33 
2246 616.62 
2247 591.52 
2248 594.51 
2249 582.52 
2250 608.15 
2251 634.26 
2252 597.96 
2253 588.81 
2254 583.27 
2255 587.03 
2256 599.86 
2257 601.37 
2258 594.04 
2259 602.68 
2260 598.75 
2261 607.99 
2262 604.89 
2263 598.53 
2264 588.20 
2265 583.50 
2266 576.23 
2267 598.13 
2268 603.15 
2269 581.38 
2270 620.90 
2271 593.78 
2272 565.07 
2273 592.69 
2274 612.98 
2275 581.16 
2276 613.68 
2277 594.33 
2278 597.08 
2279 589.35 
2280 583.20 
2281 568.67 
2282 594.85 
2283 610.94 
2284 603.42 
2285 583.79 
2286 614.18 
2287 592.31 
2288 602.10 
2289 582.70 
2290 608.17 
2291 591.62 
2292 612.08 
2293 600.14 
2294 616.52 
2295 579.82 
2296 629.48 
2297 598.34 
2298 569.45 
2299 616.56 
2300 630.77 
2301 647.74 
2302 590.64 
2303 598.02 
2304 583.07 
2305 606.24 
2306 582.76 
2307 590.75 
2308 606.56 
2309 586.99 
2310 598.70 
2311 596.22 
2312 616.73 
2313 610.88 
2314 595.82 
2315 605.67 
2316 589.87 
2317 629.86 
2318 611.90 
2319 590.61 
2320 602.84 
2321 616.68 
2322 594.03 
2323 592.55 
2324 597.48 
2325 587.46 
2326 558.71 
2327 605.80 
2328 590.89 
2329 626.22 
2330 592.65 
2331 606.01 
2332 596.90 
2333 597.71 
2334 601.23 
2335 610.55 
2336 605.30 
2337 593.67 
2338 621.31 
2339 586.77 
2340 574.56 
2341 580.86 
2342 609.56 
2343 590.32 
2344 625.54 
2345 595.09 
2346 607.87 
2347 609.82 
2348 601.98 
2349 592.32 
2350 580.00 
2351 610.54 
2352 571.60 
2353 595.18 
2354 610.33 
2355 597.45 
2356 573.47 
2357 582.85 
2358 613.69 
2359 585.37 
2360 600.78 
2361 608.43 
2362 581.97 
2363 612.77 
2364 603.75 
2365 570.85 
2366 610.20 
2367 615.37 
2368 579.95 
2369 617.49 
2370 592.83 
2371 591.61 
2372 604.90 
