Seed 0:
0 -601.74 
1 -341.79 
2 -499.92 
3 -143.08 
4 -143.64 
5 -487.84 
6 -2445.46 
7 -510.11 
8 -0.33 
9 1.21 
10 -0.31 
11 0.93 
12 -0.34 
13 -0.69 
14 -1.11 
15 -0.82 
16 -1.11 
17 -0.04 
18 0.03 
19 -0.52 
20 -0.05 
21 0.39 
22 0.35 
23 -0.06 
24 -0.95 
25 0.47 
26 -0.56 
27 -1.40 
28 0.30 
29 -0.51 
30 -0.14 
31 0.64 
32 -0.13 
33 -0.68 
34 -1.71 
35 -0.67 
36 -0.48 
37 -1.78 
38 0.02 
39 148.06 
40 506.84 
41 231.39 
42 529.56 
43 216.03 
44 642.09 
45 377.32 
46 1034.52 
47 1017.53 
48 1030.56 
49 1020.06 
50 1051.52 
51 1016.17 
52 1060.76 
53 1082.51 
54 1034.54 
55 1092.20 
56 1290.36 
57 1673.36 
58 1620.40 
59 1617.88 
60 1553.83 
61 1588.11 
62 1650.74 
63 1758.52 
64 1728.02 
65 1733.16 
66 1706.31 
67 1681.63 
68 1671.24 
69 1669.19 
70 1766.49 
71 1670.94 
72 1727.12 
73 1658.79 
74 1687.33 
75 1692.93 
76 1717.69 
77 1705.89 
78 1742.80 
79 1771.25 
80 1735.38 
81 1716.10 
82 1727.47 
83 1774.42 
84 1775.63 
85 1772.31 
86 1790.85 
87 1679.79 
88 1747.05 
89 1717.95 
90 1709.82 
91 1735.09 
92 1736.19 
93 1794.92 
94 1715.58 
95 1715.23 
96 1708.21 
97 1683.31 
98 1659.01 
99 1741.55 
100 1759.80 
101 1723.70 
102 1719.48 
103 1741.67 
104 1734.15 
105 1734.33 
106 1794.18 
107 1770.63 
108 1800.13 
109 1789.87 
110 1768.69 
111 1740.03 
112 1787.52 
113 1736.52 
114 1744.27 
115 1741.78 
116 1800.33 
117 1775.39 
118 1727.37 
119 1787.75 
120 1780.15 
121 1837.64 
122 1746.52 
123 1752.79 
124 1748.51 
125 1741.79 
126 1774.08 
127 1761.52 
128 1828.73 
129 1803.28 
130 1750.19 
131 1774.01 
132 1761.48 
133 1789.38 
134 1736.66 
135 1786.06 
136 1820.68 
137 1797.07 
138 1783.50 
139 1779.75 
140 1742.56 
141 1792.85 
142 1772.86 
143 1770.89 
144 1782.85 
145 1786.75 
146 1756.78 
147 1800.21 
148 1770.65 
149 1766.50 
150 1764.67 
151 1813.29 
152 1783.90 
153 1767.74 
154 1761.74 
155 1793.87 
156 1778.07 
157 1797.52 
158 1774.60 
159 1783.63 
160 1761.43 
161 1801.56 
162 1734.38 
163 1741.26 
164 1753.83 
165 1770.83 
166 1782.88 
167 1798.58 
168 1789.32 
169 1766.83 
170 1758.80 
171 1772.45 
172 1810.14 
173 1772.70 
174 1738.25 
175 1799.51 
176 1755.67 
177 1792.94 
178 1770.45 
179 1817.63 
180 1819.13 
181 1796.18 
182 1747.93 
183 1781.92 
184 1727.25 
185 1781.42 
186 1792.65 
187 1786.79 
188 1782.74 
189 1813.28 
190 1776.52 
191 1781.04 
192 1805.24 
193 1780.91 
194 1746.82 
195 1774.94 
196 1761.87 
197 1767.21 
198 1799.97 
199 1821.94 
200 1783.84 
201 1755.57 
202 1799.62 
203 1774.57 
204 1735.42 
205 1762.00 
206 1773.01 
207 1745.60 
208 1800.48 
209 1814.01 
210 1758.90 
211 1772.35 
212 1741.79 
213 1770.25 
214 1808.58 
215 1756.92 
216 1786.69 
217 1782.78 
218 1750.00 
219 1773.92 
220 1806.16 
221 1791.59 
222 1751.46 
223 1787.59 
224 1803.39 
225 1768.76 
226 1761.14 
227 1777.84 
228 1751.35 
229 1800.21 
230 1794.33 
231 1800.52 
232 1787.67 
233 1797.15 
234 1769.87 
235 1827.07 
236 1789.34 
237 1818.62 
238 1748.69 
239 1784.49 
240 1793.35 
241 1777.69 
242 1783.26 
243 1798.14 
244 1789.34 
245 1806.80 
246 1779.07 
247 1816.06 
248 1837.68 
249 1772.75 
250 1775.02 
251 1808.68 
252 1797.43 
253 1775.28 
254 1770.90 
255 1797.49 
256 1756.09 
257 1746.40 
258 1782.28 
259 1802.39 
260 1785.33 
261 1773.89 
262 1777.16 
263 1811.21 
264 1799.22 
265 1802.21 
266 1753.51 
267 1769.94 
268 1791.04 
269 1778.41 
270 1785.57 
271 1797.19 
272 1767.10 
273 1762.85 
274 1822.55 
275 1822.83 
276 1763.13 
277 1776.58 
278 1835.33 
279 1809.55 
280 1756.74 
281 1767.45 
282 1756.84 
283 1785.00 
284 1769.55 
285 1772.34 
286 1821.58 
287 1772.81 
288 1801.75 
289 1773.66 
290 1800.39 
291 1755.78 
292 1788.03 
293 1825.64 
294 1767.96 
295 1805.70 
296 1812.60 
297 1794.76 
298 1806.78 
299 1794.04 
300 1848.93 
301 1788.35 
302 1774.07 
303 1816.39 
304 1832.42 
305 1800.56 
306 1803.98 
307 1794.48 
308 1812.01 
309 1790.38 
310 1782.34 
311 1796.17 
312 1801.78 
313 1746.34 
314 1800.04 
315 1829.99 
316 1824.13 
317 1790.42 
318 1804.76 
319 1769.05 
320 1798.44 
321 1822.75 
322 1785.01 
323 1803.88 
324 1808.29 
325 1776.12 
326 1809.71 
327 1820.92 
328 1769.60 
329 1805.57 
330 1780.99 
331 1808.78 
332 1833.77 
333 1797.74 
334 1811.25 
335 1808.19 
336 1807.41 
337 1788.87 
338 1805.84 
339 1751.77 
340 1787.55 
341 1830.43 
342 1768.70 
343 1806.59 
344 1780.77 
345 1786.09 
346 1806.64 
347 1826.08 
348 1790.73 
349 1764.90 
350 1793.17 
351 1806.14 
352 1790.10 
353 1785.09 
354 1785.33 
355 1800.64 
356 1790.94 
357 1784.99 
358 1783.23 
359 1811.09 
360 1859.45 
361 1755.20 
362 1751.11 
363 1787.01 
364 1825.62 
365 1791.54 
366 1782.97 
367 1789.06 
368 1760.11 
369 1787.88 
370 1766.57 
371 1777.73 
372 1768.27 
373 1799.32 
374 1828.70 
375 1818.52 
376 1801.12 
377 1777.14 
378 1791.46 
379 1765.07 
380 1799.63 
381 1811.31 
382 1813.48 
383 1774.40 
384 1809.33 
385 1784.39 
386 1803.77 
387 1822.98 
388 1760.48 
389 1809.75 
390 1807.23 
391 1793.54 
392 1779.46 
393 1811.30 
394 1786.19 
395 1773.53 
396 1798.65 
397 1784.06 
398 1798.77 
399 1797.83 
400 1797.56 
401 1786.91 
402 1809.37 
403 1771.78 
404 1790.70 
405 1829.32 
406 1793.98 
407 1827.53 
408 1811.77 
409 1805.90 
410 1818.08 
411 1779.49 
412 1786.53 
413 1808.00 
414 1778.51 
415 1803.87 
416 1801.73 
417 1810.44 
418 1826.74 
419 1781.15 
420 1831.41 
421 1812.46 
422 1829.44 
423 1808.26 
424 1798.23 
425 1803.58 
426 1809.47 
427 1823.42 
428 1788.38 
429 1795.20 
430 1786.61 
431 1817.92 
432 1829.98 
433 1836.82 
434 1821.65 
435 1774.44 
436 1807.70 
437 1831.71 
438 1792.96 
439 1829.62 
440 1823.85 
441 1806.94 
442 1826.88 
443 1796.29 
444 1762.77 
445 1781.55 
446 1805.23 
447 1775.73 
448 1784.79 
449 1817.37 
450 1756.02 
451 1816.67 
452 1799.68 
453 1805.89 
454 1836.01 
455 1830.06 
456 1805.09 
457 1793.69 
458 1798.96 
459 1794.03 
460 1837.68 
461 1787.38 
462 1817.01 
463 1779.89 
464 1814.70 
465 1799.99 
466 1800.20 
467 1814.29 
468 1788.19 
469 1838.67 
470 1791.73 
471 1781.31 
472 1774.13 
473 1759.69 
474 1732.34 
475 1813.04 
476 1802.21 
477 1835.26 
478 1802.40 
479 1802.79 
480 1781.42 
481 1750.89 
482 1806.98 
483 1785.14 
484 1813.00 
485 1777.75 
486 1800.48 
487 1827.08 
488 1798.48 
489 1831.51 
490 1812.61 
491 1777.15 
492 1773.86 
493 1802.46 
494 1788.30 
495 1821.41 
496 1790.49 
497 1799.49 
498 1790.99 
499 1788.52 
500 1824.72 
501 1786.36 
502 1811.77 
503 1803.40 
504 1807.05 
505 1842.20 
506 1796.99 
507 1794.80 
508 1806.18 
509 1831.44 
510 1776.73 
511 1770.36 
512 1812.50 
513 1775.50 
514 1796.64 
515 1778.97 
516 1832.17 
517 1773.56 
518 1797.49 
519 1766.46 
520 1825.37 
521 1818.65 
522 1776.79 
523 1758.87 
524 1802.00 
525 1802.89 
526 1801.08 
527 1818.32 
528 1825.67 
529 1844.55 
530 1803.54 
531 1819.81 
532 1799.57 
533 1810.10 
534 1788.18 
535 1758.30 
536 1796.46 
537 1775.71 
538 1755.95 
539 1843.09 
540 1820.01 
541 1796.78 
542 1805.50 
543 1788.99 
544 1788.80 
545 1785.96 
546 1775.80 
547 1827.33 
548 1827.44 
549 1850.36 
550 1790.85 
551 1809.11 
552 1805.87 
553 1795.14 
554 1779.42 
555 1820.77 
556 1811.71 
557 1813.01 
558 1767.70 
559 1806.70 
560 1821.39 
561 1787.15 
562 1822.02 
563 1808.19 
564 1786.96 
565 1774.35 
566 1801.00 
567 1795.29 
568 1821.07 
569 1808.75 
570 1823.98 
571 1806.06 
572 1792.30 
573 1779.53 
574 1822.76 
575 1774.52 
576 1797.44 
577 1816.67 
578 1804.82 
579 1809.39 
580 1795.05 
581 1806.51 
582 1798.89 
583 1869.44 
584 1811.35 
585 1799.79 
586 1802.57 
587 1806.39 
588 1783.19 
589 1807.02 
590 1787.97 
591 1798.75 
592 1789.02 
593 1792.18 
594 1782.13 
595 1793.03 
596 1813.68 
597 1809.88 
598 1811.46 
599 1799.75 
600 1792.18 
601 1825.87 
602 1809.20 
603 1820.04 
604 1810.19 
605 1815.79 
606 1805.88 
607 1793.05 
608 1805.79 
609 1841.96 
610 1828.59 
611 1775.53 
612 1771.91 
613 1797.07 
614 1792.29 
615 1817.95 
616 1792.87 
617 1838.85 
618 1844.04 
619 1813.31 
620 1821.13 
621 1775.48 
622 1824.01 
623 1798.54 
624 1799.12 
625 1794.81 
626 1763.37 
627 1800.60 
628 1801.72 
629 1811.72 
630 1810.35 
631 1830.31 
632 1813.67 
633 1804.94 
634 1797.10 
635 1803.11 
636 1828.96 
637 1793.47 
638 1803.89 
639 1814.22 
640 1815.47 
641 1839.92 
642 1814.21 
643 1785.38 
644 1821.42 
645 1814.71 
646 1818.30 
647 1799.43 
648 1793.11 
649 1812.23 
650 1804.71 
651 1810.77 
652 1837.61 
653 1794.48 
654 1797.61 
655 1792.97 
656 1807.94 
657 1812.48 
658 1820.81 
659 1830.02 
660 1826.86 
661 1790.37 
662 1771.29 
663 1778.91 
664 1797.28 
665 1809.08 
666 1806.72 
667 1856.76 
668 1740.88 
669 1810.45 
670 1823.75 
671 1816.68 
672 1810.57 
673 1801.95 
674 1788.40 
675 1777.31 
676 1828.90 
677 1781.95 
678 1835.56 
679 1815.87 
680 1809.17 
681 1843.97 
682 1781.99 
683 1794.98 
684 1827.23 
685 1795.52 
686 1855.43 
687 1812.86 
688 1806.75 
689 1775.30 
690 1768.53 
691 1805.02 
692 1822.57 
693 1806.73 
694 1805.56 
695 1811.99 
696 1810.33 
697 1763.37 
698 1800.04 
699 1796.51 
700 1786.91 
701 1787.43 
702 1769.55 
703 1789.13 
704 1795.21 
705 1797.67 
706 1814.52 
707 1798.24 
708 1787.30 
709 1828.65 
710 1815.47 
711 1814.12 
712 1783.16 
713 1821.62 
714 1830.39 
715 1850.45 
716 1788.11 
717 1818.78 
718 1769.58 
719 1834.44 
720 1812.49 
721 1811.36 
722 1796.01 
723 1791.05 
724 1771.34 
725 1782.39 
726 1783.32 
727 1840.49 
728 1807.06 
729 1810.24 
730 1785.26 
731 1757.60 
732 1780.99 
733 1811.93 
734 1814.54 
735 1783.65 
736 1801.96 
737 1797.04 
738 1809.82 
739 1791.58 
740 1789.20 
741 1813.57 
742 1809.79 
743 1796.66 
744 1845.77 
745 1836.67 
746 1816.26 
747 1823.59 
748 1814.60 
749 1819.64 
750 1807.69 
751 1789.78 
752 1804.62 
753 1777.45 
754 1810.15 
755 1796.31 
756 1803.50 
757 1826.57 
758 1809.76 
759 1803.19 
760 1792.40 
761 1794.53 
762 1814.96 
763 1834.37 
764 1778.23 
765 1836.83 
766 1842.57 
767 1778.16 
768 1797.88 
769 1826.92 
770 1776.29 
771 1808.04 
772 1816.42 
773 1812.52 
774 1797.67 
775 1834.11 
776 1774.27 
777 1794.79 
778 1821.34 
779 1823.84 
780 1806.38 
781 1819.90 
782 1822.71 
783 1795.14 
784 1798.08 
785 1828.72 
786 1810.61 
787 1798.87 
788 1813.62 
789 1845.99 
790 1790.29 
791 1809.65 
792 1820.96 
793 1825.62 
794 1804.19 
795 1770.58 
796 1785.54 
797 1795.16 
798 1802.76 
799 1819.35 
800 1782.26 
801 1781.64 
802 1795.00 
803 1829.06 
804 1788.97 
805 1835.25 
806 1809.77 
807 1788.57 
808 1779.90 
809 1775.10 
810 1810.47 
811 1789.46 
812 1826.05 
813 1795.15 
814 1788.07 
815 1826.91 
816 1813.23 
817 1820.26 
818 1795.87 
819 1795.74 
820 1811.73 
821 1794.77 
822 1781.26 
823 1818.43 
824 1822.39 
825 1825.87 
826 1811.08 
827 1801.73 
828 1790.67 
829 1806.70 
830 1827.18 
831 1823.35 
832 1819.98 
833 1767.44 
834 1788.40 
835 1822.03 
836 1837.48 
837 1787.41 
838 1813.42 
839 1836.62 
840 1787.12 
841 1783.00 
842 1801.84 
843 1819.86 
844 1801.62 
845 1802.48 
846 1765.69 
847 1814.57 
848 1814.99 
849 1814.04 
850 1784.66 
851 1818.35 
852 1805.75 
853 1798.05 
854 1796.05 
855 1770.71 
856 1813.87 
857 1796.45 
858 1793.33 
859 1797.81 
860 1785.97 
861 1780.85 
862 1799.92 
863 1812.53 
864 1818.81 
865 1797.07 
866 1828.01 
867 1772.12 
868 1775.96 
869 1809.35 
870 1794.90 
871 1822.71 
872 1792.71 
873 1804.91 
874 1809.22 
875 1780.74 
876 1802.22 
877 1795.14 
878 1816.34 
879 1801.43 
880 1757.70 
881 1805.70 
882 1820.52 
883 1814.46 
884 1836.53 
885 1822.75 
886 1795.17 
887 1826.78 
888 1789.22 
889 1784.23 
890 1788.05 
891 1810.45 
892 1798.93 
893 1783.44 
894 1808.65 
895 1796.00 
896 1798.34 
897 1784.58 
898 1809.92 
899 1814.35 
900 1818.96 
901 1795.57 
902 1811.56 
903 1798.96 
904 1804.69 
905 1802.02 
906 1821.70 
907 1813.73 
908 1805.10 
909 1809.30 
910 1824.59 
911 1826.82 
912 1823.02 
913 1803.90 
914 1799.89 
915 1818.15 
916 1820.28 
917 1774.09 
918 1825.29 
919 1820.31 
920 1825.12 
921 1824.89 
922 1809.64 
923 1787.89 
924 1841.97 
925 1829.12 
926 1790.90 
927 1773.50 
928 1791.78 
929 1814.87 
930 1827.15 
931 1811.95 
932 1809.21 
933 1773.01 
934 1800.82 
935 1790.61 
936 1822.02 
937 1796.62 
938 1817.07 
939 1819.53 
940 1797.65 
941 1811.40 
942 1794.18 
943 1826.68 
944 1833.02 
945 1794.52 
946 1820.73 
947 1813.14 
948 1793.74 
949 1804.43 
950 1820.59 
951 1842.07 
952 1782.87 
953 1800.15 
954 1807.83 
955 1777.57 
956 1768.84 
957 1806.08 
958 1805.81 
959 1783.23 
960 1787.98 
961 1788.80 
962 1815.10 
963 1800.90 
964 1787.02 
965 1803.79 
966 1817.06 
967 1803.72 
968 1835.52 
969 1802.25 
970 1824.65 
971 1833.63 
972 1777.10 
973 1806.45 
974 1820.65 
975 1821.11 
976 1822.41 
977 1798.74 
978 1775.43 
979 1789.39 
980 1804.58 
981 1829.58 
982 1812.53 
983 1800.99 
984 1749.95 
985 1821.14 
986 1824.93 
987 1815.66 
988 1809.36 
989 1796.99 
990 1817.35 
991 1805.19 
992 1844.67 
993 1815.02 
994 1788.32 
995 1816.13 
996 1797.03 
997 1793.70 
998 1774.30 
999 1821.26 
1000 1800.18 
1001 1782.86 
1002 1805.45 
1003 1829.10 
1004 1788.06 
1005 1818.52 
1006 1834.74 
1007 1819.62 
1008 1816.28 
1009 1777.88 
1010 1791.35 
1011 1827.21 
1012 1810.36 
1013 1752.65 
1014 1810.84 
1015 1819.23 
1016 1824.44 
1017 1819.43 
1018 1809.45 
1019 1820.47 
1020 1789.96 
1021 1811.89 
1022 1836.77 
1023 1807.09 
1024 1794.94 
1025 1827.09 
1026 1805.07 
1027 1815.00 
1028 1784.91 
1029 1818.74 
1030 1794.75 
1031 1812.32 
1032 1839.12 
1033 1785.39 
1034 1812.71 
1035 1790.00 
1036 1829.96 
1037 1794.67 
1038 1832.92 
1039 1844.45 
1040 1814.03 
1041 1822.11 
1042 1824.80 
1043 1840.83 
1044 1765.19 
1045 1839.85 
1046 1787.38 
1047 1829.91 
1048 1804.98 
1049 1830.73 
1050 1797.95 
1051 1816.00 
1052 1810.75 
1053 1759.24 
1054 1817.93 
1055 1815.73 
1056 1821.37 
1057 1832.79 
1058 1784.61 
1059 1812.46 
1060 1755.00 
1061 1813.53 
1062 1816.18 
1063 1820.40 
1064 1798.67 
1065 1794.37 
1066 1801.80 
1067 1804.65 
1068 1757.93 
1069 1789.79 
1070 1771.88 
1071 1802.46 
1072 1819.33 
1073 1812.38 
1074 1796.29 
1075 1803.46 
1076 1819.84 
1077 1828.13 
1078 1809.33 
1079 1814.68 
1080 1818.62 
1081 1824.67 
1082 1773.71 
1083 1770.51 
1084 1825.90 
1085 1791.67 
1086 1792.70 
1087 1793.88 
1088 1797.50 
1089 1786.60 
1090 1797.39 
1091 1812.38 
1092 1771.80 
1093 1826.16 
1094 1849.71 
1095 1772.38 
1096 1786.53 
1097 1824.14 
1098 1842.91 
1099 1786.12 
1100 1828.43 
1101 1822.01 
1102 1808.80 
1103 1805.11 
1104 1786.51 
1105 1816.75 
1106 1823.04 
1107 1792.21 
1108 1815.25 
1109 1832.52 
1110 1855.24 
1111 1767.68 
1112 1811.39 
1113 1801.14 
1114 1785.97 
1115 1804.68 
1116 1824.98 
1117 1811.87 
1118 1784.86 
1119 1802.38 
1120 1775.98 
1121 1789.94 
1122 1785.54 
1123 1803.37 
1124 1850.32 
1125 1817.01 
1126 1805.39 
1127 1796.08 
1128 1809.39 
1129 1822.62 
1130 1813.07 
1131 1815.02 
1132 1770.17 
1133 1794.48 
1134 1833.84 
1135 1772.88 
1136 1812.16 
1137 1807.19 
1138 1822.83 
1139 1803.50 
1140 1807.31 
1141 1817.75 
1142 1792.63 
1143 1799.89 
1144 1786.79 
1145 1814.43 
1146 1797.19 
1147 1842.72 
1148 1795.95 
1149 1817.00 
1150 1819.05 
1151 1815.15 
1152 1816.99 
1153 1798.31 
1154 1822.32 
1155 1814.66 
1156 1846.09 
1157 1793.72 
1158 1806.27 
1159 1833.41 
1160 1809.34 
1161 1782.19 
1162 1784.80 
1163 1794.06 
1164 1806.32 
1165 1775.66 
1166 1779.01 
1167 1809.17 
1168 1814.52 
1169 1805.98 
1170 1798.66 
1171 1816.20 
1172 1838.99 
1173 1819.69 
1174 1854.37 
1175 1777.63 
1176 1779.78 
1177 1805.97 
1178 1795.20 
1179 1825.75 
1180 1807.30 
1181 1766.24 
1182 1817.84 
1183 1802.65 
1184 1815.38 
1185 1804.82 
1186 1839.02 
1187 1803.46 
1188 1804.79 
1189 1794.63 
1190 1786.28 
1191 1819.49 
1192 1829.44 
1193 1809.56 
1194 1801.03 
1195 1782.56 
1196 1789.28 
1197 1791.95 
1198 1787.84 
1199 1797.80 
1200 1784.60 
1201 1815.75 
1202 1828.52 
1203 1779.13 
1204 1815.42 
1205 1813.24 
1206 1793.97 
1207 1794.70 
1208 1806.86 
1209 1803.92 
1210 1833.11 
1211 1786.14 
1212 1769.99 
1213 1803.18 
1214 1797.59 
1215 1808.90 
1216 1821.39 
1217 1817.24 
1218 1829.65 
1219 1802.09 
1220 1822.94 
1221 1799.63 
1222 1804.34 
1223 1795.54 
1224 1812.91 
1225 1807.93 
1226 1801.79 
1227 1809.84 
1228 1810.27 
1229 1820.14 
1230 1802.09 
1231 1800.03 
1232 1791.27 
1233 1850.16 
1234 1810.75 
1235 1780.78 
1236 1814.08 
1237 1810.16 
1238 1793.67 
1239 1814.07 
1240 1786.80 
1241 1810.87 
1242 1809.05 
1243 1831.50 
1244 1808.16 
1245 1806.13 
1246 1847.74 
1247 1803.46 
1248 1800.60 
1249 1839.72 
1250 1812.88 
1251 1799.41 
1252 1823.71 
1253 1821.78 
1254 1818.63 
1255 1793.07 
1256 1801.11 
1257 1798.89 
1258 1820.46 
1259 1794.19 
1260 1799.37 
1261 1798.70 
1262 1802.30 
1263 1824.64 
1264 1805.63 
1265 1810.42 
1266 1782.55 
1267 1841.60 
1268 1784.88 
1269 1775.23 
1270 1781.53 
1271 1779.44 
1272 1811.51 
1273 1800.19 
1274 1826.26 
1275 1822.07 
1276 1785.63 
1277 1800.62 
1278 1804.05 
1279 1805.06 
1280 1816.02 
1281 1799.57 
1282 1818.57 
1283 1777.24 
1284 1798.54 
1285 1811.25 
1286 1823.03 
1287 1791.04 
1288 1782.68 
1289 1804.83 
1290 1792.69 
1291 1800.86 
1292 1818.22 
1293 1812.07 
1294 1766.41 
1295 1823.41 
1296 1844.76 
1297 1805.69 
1298 1791.64 
1299 1818.02 
1300 1822.90 
1301 1807.04 
1302 1823.23 
1303 1776.13 
1304 1833.48 
1305 1808.26 
1306 1829.46 
1307 1828.49 
1308 1809.89 
1309 1831.57 
1310 1823.17 
1311 1837.78 
1312 1803.08 
1313 1822.05 
1314 1785.38 
1315 1810.84 
1316 1805.06 
1317 1814.25 
1318 1816.07 
1319 1795.15 
1320 1811.26 
1321 1783.02 
1322 1788.79 
1323 1831.46 
1324 1799.90 
1325 1798.16 
1326 1837.26 
1327 1807.08 
1328 1824.62 
1329 1793.41 
1330 1836.53 
1331 1819.18 
1332 1819.62 
1333 1813.45 
1334 1791.69 
1335 1849.86 
1336 1799.62 
1337 1797.97 
1338 1822.08 
1339 1762.50 
1340 1799.37 
1341 1815.82 
1342 1817.70 
1343 1807.91 
1344 1765.74 
1345 1829.75 
1346 1783.65 
1347 1799.02 
1348 1832.77 
1349 1808.75 
1350 1798.29 
1351 1798.01 
1352 1786.34 
1353 1814.32 
1354 1822.42 
1355 1808.29 
1356 1790.40 
1357 1775.54 
1358 1813.79 
1359 1763.81 
1360 1809.38 
1361 1799.38 
1362 1798.53 
1363 1814.15 
1364 1801.72 
1365 1821.86 
1366 1830.07 
1367 1789.31 
1368 1800.48 
1369 1840.37 
1370 1808.26 
1371 1788.35 
1372 1801.21 
1373 1798.18 
1374 1789.73 
1375 1797.31 
1376 1820.86 
1377 1829.45 
1378 1807.73 
1379 1782.22 
1380 1794.56 
1381 1812.62 
1382 1820.18 
1383 1786.54 
1384 1840.51 
1385 1797.69 
1386 1815.90 
1387 1822.82 
1388 1790.35 
1389 1795.72 
1390 1809.45 
1391 1782.66 
1392 1808.53 
1393 1825.93 
1394 1797.85 
1395 1797.75 
1396 1815.83 
1397 1837.88 
1398 1847.30 
1399 1801.22 
1400 1824.76 
1401 1810.32 
1402 1777.54 
1403 1830.26 
1404 1810.99 
1405 1840.42 
1406 1820.17 
1407 1808.83 
1408 1845.64 
1409 1810.09 
1410 1806.61 
1411 1823.56 
1412 1789.74 
1413 1820.61 
1414 1782.53 
1415 1766.30 
1416 1770.93 
1417 1798.47 
1418 1790.22 
1419 1829.67 
1420 1782.89 
1421 1807.14 
1422 1783.42 
1423 1789.98 
1424 1812.39 
1425 1820.01 
1426 1835.20 
1427 1785.06 
1428 1785.96 
1429 1772.96 
1430 1800.62 
1431 1820.27 
1432 1844.72 
1433 1802.39 
1434 1815.11 
1435 1821.84 
1436 1807.41 
1437 1824.74 
1438 1810.35 
1439 1811.36 
1440 1774.81 
1441 1818.19 
1442 1813.05 
1443 1809.11 
1444 1799.80 
1445 1797.31 
1446 1844.79 
1447 1790.80 
1448 1804.00 
1449 1833.16 
1450 1805.79 
1451 1814.22 
1452 1821.74 
1453 1770.70 
1454 1783.81 
1455 1816.64 
1456 1816.92 
1457 1817.09 
1458 1826.43 
1459 1784.74 
1460 1773.53 
1461 1809.38 
1462 1815.13 
1463 1793.54 
1464 1803.04 
1465 1794.21 
1466 1839.07 
1467 1788.83 
1468 1833.38 
1469 1768.60 
1470 1781.96 
1471 1781.52 
1472 1833.07 
1473 1847.24 
1474 1830.87 
1475 1780.94 
1476 1793.26 
1477 1773.54 
1478 1815.82 
1479 1833.70 
1480 1827.74 
1481 1781.06 
1482 1826.99 
1483 1809.34 
1484 1782.42 
1485 1811.43 
1486 1800.54 
1487 1795.85 
1488 1777.79 
1489 1800.10 
1490 1807.01 
1491 1838.45 
1492 1797.79 
1493 1790.47 
1494 1811.62 
1495 1799.29 
1496 1821.72 
1497 1800.80 
1498 1801.54 
1499 1817.61 
1500 1820.66 
1501 1851.13 
1502 1823.47 
1503 1815.86 
1504 1836.61 
1505 1774.86 
1506 1792.39 
1507 1828.01 
1508 1792.52 
1509 1836.72 
1510 1818.97 
1511 1825.10 
1512 1800.14 
1513 1781.49 
1514 1802.63 
1515 1805.87 
1516 1801.78 
1517 1808.31 
1518 1804.21 
1519 1816.19 
1520 1796.47 
1521 1832.46 
1522 1767.68 
1523 1798.31 
1524 1807.54 
1525 1781.33 
1526 1821.16 
1527 1815.68 
1528 1785.15 
1529 1795.11 
1530 1796.06 
1531 1810.71 
1532 1827.95 
1533 1796.70 
1534 1780.22 
1535 1805.13 
1536 1803.77 
1537 1807.47 
1538 1790.14 
1539 1826.54 
1540 1830.21 
1541 1792.22 
1542 1790.80 
1543 1826.39 
1544 1809.49 
1545 1809.92 
1546 1782.23 
1547 1774.23 
1548 1838.65 
1549 1836.25 
1550 1821.36 
1551 1808.72 
1552 1833.42 
1553 1814.40 
1554 1857.36 
1555 1838.50 
1556 1800.78 
1557 1807.37 
1558 1803.02 
1559 1833.12 
1560 1817.79 
1561 1789.19 
1562 1839.19 
1563 1765.17 
1564 1835.50 
1565 1814.53 
1566 1802.88 
1567 1829.72 
1568 1806.21 
1569 1821.58 
1570 1806.18 
1571 1836.78 
1572 1822.54 
1573 1811.52 
1574 1812.83 
1575 1801.90 
1576 1800.81 
1577 1799.02 
1578 1820.06 
1579 1811.78 
1580 1786.04 
1581 1835.98 
1582 1805.27 
1583 1788.12 
1584 1813.57 
1585 1774.09 
1586 1838.50 
1587 1812.37 
1588 1808.47 
1589 1798.37 
1590 1826.31 
1591 1814.89 
1592 1801.97 
1593 1841.50 
1594 1807.99 
1595 1834.60 
1596 1811.91 
1597 1830.73 
1598 1833.47 
1599 1790.96 
1600 1815.87 
1601 1777.12 
1602 1808.36 
1603 1837.65 
1604 1802.75 
1605 1827.36 
1606 1816.24 
1607 1802.39 
1608 1831.07 
1609 1818.60 
1610 1815.66 
1611 1835.99 
1612 1809.08 
1613 1806.96 
1614 1814.53 
1615 1803.27 
1616 1767.81 
1617 1829.71 
1618 1802.91 
1619 1803.57 
1620 1780.02 
1621 1812.26 
1622 1818.33 
1623 1784.65 
1624 1802.34 
1625 1834.27 
1626 1856.67 
1627 1805.80 
1628 1814.33 
1629 1813.27 
1630 1831.89 
1631 1823.00 
1632 1823.99 
1633 1812.60 
1634 1810.53 
1635 1781.78 
1636 1822.17 
1637 1830.18 
1638 1833.23 
1639 1826.08 
1640 1823.59 
1641 1838.16 
1642 1825.47 
1643 1830.22 
1644 1831.82 
1645 1784.07 
1646 1819.39 
1647 1802.32 
1648 1820.76 
1649 1819.36 
1650 1810.06 
1651 1804.04 
1652 1802.38 
1653 1817.10 
1654 1804.40 
1655 1823.19 
1656 1815.71 
1657 1813.70 
1658 1817.06 
1659 1811.64 
1660 1778.72 
1661 1825.87 
1662 1833.38 
1663 1799.32 
1664 1794.04 
1665 1788.27 
1666 1829.19 
1667 1784.79 
1668 1836.75 
1669 1826.56 
1670 1805.64 
1671 1811.16 
1672 1763.70 
1673 1824.00 
1674 1833.17 
1675 1817.51 
1676 1836.26 
1677 1809.57 
1678 1815.82 
1679 1791.43 
1680 1827.32 
1681 1845.89 
1682 1797.99 
1683 1816.06 
1684 1818.31 
1685 1797.99 
1686 1802.84 
1687 1831.37 
1688 1792.65 
1689 1807.67 
1690 1804.45 
1691 1810.82 
1692 1831.97 
1693 1825.04 
1694 1815.87 
1695 1817.73 
1696 1819.32 
1697 1800.41 
1698 1783.66 
1699 1812.11 
1700 1791.94 
1701 1808.63 
1702 1820.95 
1703 1817.78 
1704 1803.22 
1705 1827.93 
1706 1819.02 
1707 1823.80 
1708 1849.47 
1709 1808.15 
1710 1838.94 
1711 1820.53 
1712 1807.98 
1713 1835.70 
1714 1811.49 
1715 1799.26 
1716 1810.07 
1717 1825.38 
1718 1815.36 
1719 1786.98 
1720 1825.15 
1721 1794.10 
1722 1818.51 
1723 1822.73 
1724 1787.12 
1725 1818.67 
1726 1796.45 
1727 1816.74 
1728 1831.10 
1729 1780.38 
1730 1834.72 
1731 1795.84 
1732 1820.84 
1733 1780.46 
1734 1801.90 
1735 1836.15 
1736 1841.10 
1737 1834.51 
1738 1792.81 
1739 1800.29 
1740 1820.06 
1741 1861.27 
1742 1818.08 
1743 1817.65 
1744 1798.31 
1745 1804.17 
1746 1809.16 
1747 1775.36 
1748 1800.04 
1749 1834.85 
1750 1798.87 
1751 1832.49 
1752 1779.08 
1753 1830.47 
1754 1806.11 
1755 1840.17 
1756 1806.49 
1757 1807.46 
1758 1801.81 
1759 1800.09 
1760 1798.11 
1761 1782.89 
1762 1834.60 
1763 1813.91 
1764 1812.89 
1765 1835.99 
1766 1817.40 
1767 1807.91 
1768 1794.31 
1769 1798.24 
1770 1827.16 
1771 1860.47 
1772 1811.40 
1773 1832.67 
1774 1795.03 
1775 1806.96 
1776 1824.07 
1777 1791.47 
1778 1810.77 
1779 1827.57 
1780 1829.70 
1781 1796.47 
1782 1816.76 
1783 1845.62 
1784 1832.38 
1785 1785.36 
1786 1841.93 
1787 1820.01 
1788 1786.70 
1789 1830.42 
1790 1812.28 
1791 1808.57 
1792 1794.05 
1793 1801.65 
1794 1789.16 
1795 1847.58 
1796 1814.74 
1797 1771.93 
1798 1817.07 
1799 1807.53 
1800 1853.77 
1801 1771.40 
1802 1809.72 
1803 1841.28 
1804 1777.74 
1805 1800.93 
1806 1809.43 
1807 1831.71 
1808 1794.35 
1809 1805.20 
1810 1818.30 
1811 1817.81 
1812 1777.39 
1813 1802.11 
1814 1815.51 
1815 1777.27 
1816 1816.27 
1817 1803.18 
1818 1785.43 
1819 1801.38 
1820 1834.86 
1821 1818.02 
1822 1775.52 
1823 1790.43 
1824 1814.75 
1825 1844.22 
1826 1779.23 
1827 1834.09 
1828 1797.84 
1829 1819.85 
1830 1844.53 
1831 1807.91 
1832 1810.49 
1833 1834.30 
1834 1841.37 
1835 1830.43 
1836 1772.95 
1837 1824.92 
1838 1807.74 
1839 1827.14 
1840 1823.12 
1841 1810.17 
1842 1795.32 
1843 1777.67 
1844 1837.52 
1845 1804.04 
1846 1807.74 
1847 1830.18 
1848 1809.96 
1849 1784.77 
1850 1805.65 
1851 1809.89 
1852 1821.31 
1853 1804.82 
1854 1836.73 
1855 1837.90 
1856 1825.37 
1857 1835.93 
1858 1797.87 
1859 1797.34 
1860 1804.33 
1861 1831.69 
1862 1810.89 
1863 1805.75 
1864 1799.83 
1865 1824.50 
1866 1801.85 
1867 1801.31 
1868 1827.53 
1869 1808.76 
1870 1791.61 
1871 1834.57 
1872 1809.70 
1873 1805.88 
1874 1783.56 
1875 1820.37 
1876 1813.09 
1877 1798.83 
1878 1812.61 
1879 1782.17 
1880 1806.45 
1881 1824.40 
1882 1806.13 
1883 1787.92 
1884 1817.96 
1885 1846.17 
1886 1772.57 
1887 1808.24 
1888 1821.53 
1889 1797.25 
1890 1809.28 
1891 1813.31 
1892 1813.45 
1893 1822.68 
1894 1795.85 
1895 1803.36 
1896 1795.30 
1897 1827.92 
1898 1769.73 
1899 1801.89 
1900 1804.83 
1901 1818.51 
1902 1780.69 
1903 1797.09 
1904 1757.20 
1905 1810.29 
1906 1801.95 
1907 1804.97 
1908 1805.14 
1909 1820.60 
1910 1810.46 
1911 1790.71 
1912 1818.54 
1913 1808.68 
1914 1823.05 
1915 1766.10 
1916 1802.59 
1917 1814.26 
1918 1804.06 
1919 1851.78 
1920 1816.86 
1921 1828.96 
1922 1828.58 
1923 1786.50 
1924 1813.28 
1925 1836.23 
1926 1779.82 
1927 1835.29 
1928 1822.82 
1929 1801.06 
1930 1826.08 
1931 1823.38 
1932 1793.66 
1933 1840.29 
1934 1846.63 
1935 1810.68 
1936 1805.83 
1937 1784.69 
1938 1829.65 
1939 1816.67 
1940 1781.37 
1941 1817.72 
1942 1814.19 
1943 1805.37 
1944 1791.16 
1945 1802.36 
1946 1813.72 
1947 1796.29 
1948 1777.46 
1949 1828.18 
1950 1802.92 
1951 1831.49 
1952 1812.66 
1953 1831.41 
1954 1804.95 
1955 1761.91 
1956 1799.45 
1957 1837.30 
1958 1799.72 
1959 1794.19 
1960 1802.12 
1961 1833.55 
1962 1815.79 
1963 1798.16 
1964 1824.61 
1965 1817.15 
1966 1797.77 
1967 1832.55 
1968 1797.70 
1969 1784.79 
1970 1818.34 
1971 1804.54 
1972 1811.41 
1973 1805.95 
1974 1814.22 
1975 1800.71 
1976 1825.45 
1977 1807.22 
1978 1793.58 
1979 1832.46 
1980 1807.24 
1981 1826.72 
1982 1830.65 
1983 1817.49 
1984 1806.51 
1985 1807.34 
1986 1779.49 
1987 1788.30 
1988 1816.85 
1989 1811.01 
1990 1789.94 
1991 1805.59 
1992 1808.06 
1993 1836.19 
1994 1821.65 
1995 1832.41 
1996 1831.34 
1997 1788.92 
1998 1845.65 
1999 1844.95 
2000 1814.94 
2001 1778.00 
2002 1815.86 
2003 1834.32 
2004 1814.92 
2005 1795.48 
2006 1787.03 
2007 1821.13 
2008 1815.17 
2009 1817.23 
2010 1812.19 
2011 1803.35 
2012 1804.32 
2013 1826.07 
2014 1798.62 
2015 1841.33 
2016 1812.43 
2017 1803.92 
2018 1801.01 
2019 1779.31 
2020 1801.63 
2021 1802.85 
2022 1799.01 
2023 1814.27 
2024 1802.79 
2025 1834.48 
2026 1800.16 
2027 1814.64 
2028 1825.13 
2029 1792.39 
2030 1819.88 
2031 1813.65 
2032 1833.05 
2033 1820.09 
2034 1800.08 
2035 1851.18 
2036 1834.10 
2037 1805.51 
2038 1817.76 
2039 1791.17 
2040 1802.28 
2041 1807.18 
2042 1816.92 
2043 1813.94 
2044 1808.86 
2045 1790.11 
2046 1826.12 
2047 1817.32 
2048 1828.71 
2049 1817.27 
2050 1817.92 
2051 1814.98 
2052 1798.80 
2053 1839.73 
2054 1788.69 
2055 1827.42 
2056 1785.49 
2057 1818.34 
2058 1843.88 
2059 1803.76 
2060 1789.47 
2061 1790.86 
2062 1815.00 
2063 1797.16 
2064 1808.73 
2065 1784.62 
2066 1813.93 
2067 1790.61 
2068 1800.94 
2069 1814.79 
2070 1788.78 
2071 1819.44 
2072 1789.89 
2073 1797.82 
2074 1804.81 
2075 1801.36 
2076 1828.04 
2077 1780.26 
2078 1779.44 
2079 1834.22 
2080 1809.89 
2081 1825.20 
2082 1825.03 
2083 1824.45 
2084 1783.25 
2085 1817.72 
2086 1834.24 
2087 1837.57 
2088 1771.21 
2089 1805.25 
2090 1821.56 
2091 1794.81 
2092 1839.86 
2093 1804.67 
2094 1832.39 
2095 1818.74 
2096 1827.19 
2097 1806.88 
2098 1814.84 
2099 1814.21 
2100 1826.11 
2101 1822.64 
2102 1803.27 
2103 1812.98 
2104 1839.56 
2105 1814.77 
2106 1830.51 
2107 1834.53 
2108 1833.55 
2109 1810.53 
2110 1800.29 
2111 1838.20 
2112 1843.15 
2113 1782.00 
2114 1823.29 
2115 1792.71 
2116 1806.59 
2117 1799.94 
2118 1819.41 
2119 1807.02 
2120 1815.19 
2121 1797.32 
2122 1818.30 
2123 1789.26 
2124 1851.89 
2125 1801.68 
2126 1824.02 
2127 1793.14 
2128 1759.17 
2129 1810.29 
2130 1836.79 
2131 1836.01 
2132 1823.97 
2133 1812.03 
2134 1823.42 
2135 1805.72 
2136 1846.59 
2137 1832.83 
2138 1832.96 
2139 1787.86 
2140 1820.24 
2141 1787.40 
2142 1788.47 
2143 1838.73 
2144 1802.08 
2145 1829.31 
2146 1798.47 
2147 1804.98 
2148 1838.10 
2149 1844.08 
2150 1797.62 
2151 1827.95 
2152 1825.57 
2153 1798.00 
2154 1846.37 
2155 1791.89 
2156 1812.36 
2157 1794.02 
2158 1826.52 
2159 1849.55 
2160 1808.21 
2161 1783.91 
2162 1795.83 
2163 1798.14 
2164 1814.77 
2165 1798.49 
2166 1845.20 
2167 1806.04 
2168 1824.95 
2169 1793.39 
2170 1819.58 
2171 1837.17 
2172 1836.73 
2173 1831.25 
2174 1820.78 
2175 1818.30 
2176 1829.36 
2177 1785.36 
2178 1826.38 
2179 1837.51 
2180 1797.63 
2181 1823.20 
2182 1831.71 
2183 1794.67 
2184 1816.43 
2185 1808.10 
2186 1803.91 
2187 1832.61 
2188 1797.63 
2189 1820.35 
2190 1792.40 
2191 1811.33 
2192 1812.73 
2193 1808.06 
2194 1841.54 
2195 1814.82 
2196 1813.89 
2197 1809.34 
2198 1800.66 
2199 1813.32 
2200 1800.26 
2201 1806.76 
2202 1821.47 
2203 1789.75 
2204 1820.63 
2205 1835.58 
2206 1803.98 
2207 1818.78 
2208 1818.32 
2209 1791.18 
2210 1823.38 
2211 1801.85 
2212 1849.18 
2213 1800.34 
2214 1822.51 
2215 1773.16 
2216 1804.73 
2217 1770.82 
2218 1825.76 
2219 1828.40 
2220 1786.01 
2221 1801.28 
2222 1816.53 
2223 1816.52 
2224 1803.93 
2225 1805.95 
2226 1804.70 
2227 1838.07 
2228 1817.85 
2229 1821.47 
2230 1807.82 
2231 1814.63 
2232 1843.00 
2233 1799.78 
2234 1830.73 
2235 1836.30 
2236 1780.59 
2237 1834.65 
2238 1792.71 
2239 1803.46 
2240 1766.12 
2241 1800.57 
2242 1840.84 
2243 1792.77 
2244 1842.20 
2245 1843.33 
2246 1830.52 
2247 1804.79 
2248 1787.94 
2249 1766.82 
2250 1819.97 
2251 1821.01 
2252 1824.56 
2253 1825.21 
2254 1837.46 
2255 1828.10 
2256 1821.39 
2257 1786.42 
2258 1809.63 
2259 1824.71 
2260 1815.23 
2261 1817.66 
2262 1844.80 
2263 1814.62 
2264 1833.71 
2265 1844.08 
2266 1811.84 
2267 1797.62 
2268 1841.22 
2269 1797.21 
2270 1803.94 
2271 1820.79 
2272 1802.68 
2273 1808.49 
2274 1818.52 
2275 1806.52 
2276 1787.62 
2277 1841.93 
2278 1809.50 
2279 1820.39 
2280 1787.10 
2281 1798.22 
2282 1867.73 
2283 1782.84 
2284 1829.38 
2285 1802.85 
2286 1794.65 
2287 1822.93 
2288 1835.26 
2289 1820.41 
2290 1833.46 
2291 1808.54 
2292 1787.35 
2293 1806.40 
2294 1839.66 
2295 1816.72 
2296 1811.15 
2297 1842.13 
2298 1819.29 
2299 1784.80 
2300 1809.92 
2301 1824.06 
2302 1807.23 
2303 1801.71 
2304 1828.59 
2305 1811.99 
2306 1805.17 
2307 1831.69 
2308 1817.03 
2309 1814.37 
2310 1814.92 
2311 1846.84 
2312 1813.19 
2313 1845.63 
2314 1808.85 
2315 1785.48 
2316 1791.19 
2317 1808.05 
2318 1810.56 
2319 1796.29 
2320 1845.03 
2321 1831.82 
2322 1825.81 
2323 1836.88 
2324 1803.07 
2325 1806.00 
2326 1810.80 
2327 1794.02 
2328 1800.95 
2329 1821.01 
2330 1816.26 
2331 1834.59 
2332 1776.34 
2333 1826.52 
2334 1784.77 
2335 1832.21 
2336 1811.18 
2337 1804.99 
2338 1830.59 
2339 1816.27 
2340 1827.17 
2341 1860.67 
2342 1818.29 
2343 1839.83 
2344 1811.67 
2345 1803.81 
2346 1799.17 
2347 1821.28 
2348 1795.23 
2349 1784.48 
2350 1830.84 
2351 1829.38 
2352 1811.19 
2353 1840.29 
2354 1810.92 
2355 1801.50 
2356 1807.49 
2357 1821.50 
2358 1809.11 
2359 1826.90 
2360 1799.07 
2361 1801.82 
2362 1818.72 
2363 1778.20 
2364 1814.44 
2365 1802.03 
2366 1840.59 
2367 1809.72 
2368 1832.34 
2369 1805.29 
2370 1812.22 
2371 1796.96 
2372 1833.74 
2373 1842.22 
2374 1796.94 
2375 1848.42 
2376 1813.21 
2377 1816.56 
2378 1843.16 
2379 1807.45 
2380 1808.10 
2381 1801.47 
2382 1830.15 
2383 1818.91 
2384 1829.04 
2385 1796.39 
2386 1832.70 
2387 1789.80 
2388 1760.60 
2389 1810.13 
2390 1827.66 
2391 1837.78 
2392 1835.89 
2393 1797.22 
2394 1827.62 
2395 1825.14 
2396 1835.09 
2397 1824.36 
2398 1847.32 
2399 1821.97 
2400 1792.39 
2401 1795.36 
2402 1799.37 
2403 1786.92 
2404 1840.34 
2405 1797.49 
2406 1786.17 
2407 1825.34 
2408 1815.88 
2409 1813.47 
2410 1792.44 
2411 1822.77 
2412 1790.58 
2413 1809.06 
2414 1809.35 
2415 1815.03 
2416 1830.21 
2417 1815.18 
2418 1809.97 
2419 1823.10 
2420 1832.02 
2421 1802.27 
0 1818.07 
1 1809.32 
2 1851.06 
3 1789.55 
4 1809.73 
5 1833.35 
6 1779.96 
7 1817.90 
8 1808.94 
9 1786.56 
10 1836.64 
11 1794.54 
12 1829.95 
13 1816.21 
14 1823.10 
15 1824.00 
16 1844.79 
17 1808.25 
18 1843.08 
19 1803.85 
20 1815.37 
21 1821.50 
22 1815.99 
23 1810.45 
24 1837.17 
25 1810.48 
26 1824.83 
27 1796.71 
28 1811.81 
29 1800.18 
30 1822.31 
31 1811.95 
32 1799.32 
33 1821.44 
34 1814.59 
35 1831.03 
36 1832.78 
37 1831.74 
38 1823.76 
39 1823.36 
40 1842.01 
41 1825.07 
42 1800.00 
43 1791.44 
44 1822.66 
45 1837.08 
46 1819.56 
47 1783.61 
48 1809.32 
49 1823.27 
50 1786.70 
51 1823.89 
52 1835.91 
53 1864.73 
54 1824.64 
55 1804.50 
56 1832.53 
57 1801.37 
58 1796.68 
59 1824.53 
60 1804.98 
61 1833.96 
62 1820.85 
63 1831.53 
64 1813.06 
65 1858.15 
66 1812.25 
67 1815.85 
68 1835.32 
69 1815.98 
70 1827.52 
71 1797.64 
72 1795.36 
73 1797.63 
74 1812.97 
75 1809.17 
76 1777.34 
77 1811.51 
78 1829.97 
79 1845.67 
80 1829.93 
81 1801.70 
82 1830.62 
83 1777.33 
84 1806.24 
85 1794.69 
86 1805.19 
87 1832.87 
88 1814.70 
89 1824.32 
90 1836.00 
91 1817.28 
92 1830.42 
93 1817.18 
94 1805.00 
95 1793.13 
96 1800.17 
97 1811.49 
98 1825.23 
99 1813.42 
100 1799.72 
101 1819.71 
102 1807.14 
103 1816.54 
104 1867.85 
105 1769.71 
106 1825.84 
107 1833.54 
108 1834.35 
109 1876.67 
110 1826.29 
111 1830.07 
112 1827.06 
113 1801.55 
114 1823.14 
115 1842.79 
116 1796.78 
117 1830.84 
118 1830.94 
119 1803.80 
120 1845.26 
121 1833.51 
122 1796.88 
123 1806.69 
124 1819.35 
125 1780.95 
126 1810.96 
127 1788.37 
128 1830.84 
129 1821.30 
130 1791.94 
131 1792.06 
132 1823.26 
133 1825.76 
134 1795.55 
135 1821.79 
136 1820.58 
137 1832.27 
138 1812.31 
139 1820.76 
140 1820.29 
141 1830.45 
142 1794.40 
143 1845.55 
144 1824.62 
145 1820.96 
146 1813.59 
147 1799.63 
148 1796.05 
149 1854.58 
150 1846.21 
151 1788.81 
152 1806.26 
153 1811.87 
154 1842.60 
155 1831.28 
156 1809.81 
157 1794.59 
158 1813.98 
159 1806.76 
160 1792.82 
161 1813.40 
162 1787.97 
163 1802.40 
164 1792.18 
165 1819.34 
166 1798.00 
167 1839.70 
168 1810.19 
169 1783.76 
170 1844.76 
171 1789.76 
172 1813.66 
173 1823.65 
174 1828.04 
175 1809.28 
176 1834.99 
177 1808.32 
178 1801.34 
179 1835.15 
180 1793.97 
181 1832.09 
182 1816.84 
183 1816.65 
184 1800.84 
185 1842.28 
186 1819.14 
187 1822.18 
188 1815.51 
189 1823.41 
190 1805.48 
191 1823.84 
192 1822.83 
193 1800.27 
194 1808.46 
195 1829.77 
196 1797.56 
197 1803.29 
198 1814.37 
199 1820.01 
200 1813.29 
201 1804.26 
202 1811.85 
203 1754.02 
204 1806.52 
205 1799.65 
206 1826.93 
207 1837.08 
208 1797.47 
209 1811.86 
210 1799.49 
211 1783.89 
212 1833.87 
213 1810.28 
214 1775.83 
215 1806.50 
216 1810.29 
217 1778.11 
218 1797.39 
219 1809.96 
220 1793.00 
221 1800.23 
222 1797.67 
223 1842.28 
224 1838.77 
225 1817.44 
226 1813.03 
227 1784.47 
228 1808.99 
229 1829.09 
230 1799.82 
231 1824.84 
232 1810.34 
233 1846.03 
234 1813.93 
235 1779.27 
236 1815.87 
237 1805.25 
238 1810.37 
239 1817.86 
240 1812.87 
241 1784.30 
242 1851.03 
243 1811.28 
244 1773.10 
245 1802.08 
246 1817.10 
247 1835.36 
248 1833.22 
249 1808.30 
250 1809.82 
251 1803.50 
252 1793.88 
253 1840.93 
254 1783.79 
255 1797.61 
256 1803.40 
257 1834.64 
258 1806.21 
259 1824.00 
260 1803.73 
261 1806.85 
262 1781.01 
263 1797.59 
264 1816.41 
265 1835.54 
266 1827.48 
267 1823.03 
268 1810.05 
269 1803.11 
270 1808.09 
271 1824.25 
272 1836.04 
273 1817.06 
274 1833.84 
275 1786.14 
276 1807.38 
277 1809.74 
278 1829.93 
279 1822.63 
280 1808.43 
281 1829.16 
282 1771.47 
283 1845.68 
284 1859.09 
285 1832.93 
286 1820.85 
287 1795.62 
288 1837.80 
289 1794.31 
290 1795.07 
291 1814.94 
292 1829.66 
293 1806.73 
294 1820.08 
295 1777.85 
296 1819.41 
297 1795.41 
298 1833.26 
299 1825.41 
300 1767.35 
301 1787.20 
302 1850.38 
303 1819.63 
304 1812.64 
305 1832.65 
306 1841.00 
307 1822.09 
308 1804.91 
309 1787.96 
310 1750.67 
311 1816.00 
312 1836.19 
313 1828.65 
314 1802.84 
315 1850.49 
316 1808.72 
317 1808.93 
318 1805.35 
319 1796.27 
320 1831.66 
321 1839.15 
322 1842.09 
323 1822.64 
324 1819.70 
325 1820.22 
326 1822.92 
327 1781.50 
328 1804.82 
329 1775.92 
330 1804.18 
331 1788.12 
332 1832.91 
333 1823.80 
334 1799.75 
335 1806.93 
336 1838.79 
337 1812.94 
338 1812.84 
339 1805.84 
340 1828.22 
341 1821.75 
342 1809.10 
343 1861.70 
344 1835.38 
345 1830.70 
346 1825.34 
347 1821.55 
348 1832.82 
349 1810.95 
350 1820.97 
351 1823.21 
352 1787.89 
353 1822.04 
354 1815.65 
355 1790.02 
356 1828.49 
357 1802.86 
358 1850.85 
359 1787.43 
360 1835.44 
361 1830.08 
362 1803.67 
363 1794.69 
364 1806.85 
365 1805.03 
366 1776.34 
367 1814.30 
368 1811.18 
369 1829.51 
370 1803.40 
371 1815.17 
372 1852.32 
373 1801.62 
374 1825.71 
375 1848.76 
376 1777.46 
377 1816.87 
378 1812.25 
379 1814.48 
380 1806.65 
381 1795.23 
382 1839.20 
383 1844.21 
384 1809.15 
385 1813.70 
386 1843.36 
387 1851.49 
388 1814.55 
389 1796.36 
390 1802.32 
391 1842.79 
392 1801.33 
393 1820.18 
394 1831.33 
395 1828.17 
396 1827.25 
397 1827.78 
398 1816.70 
399 1838.65 
400 1828.43 
401 1824.74 
402 1807.41 
403 1838.61 
404 1821.00 
405 1765.82 
406 1807.54 
407 1792.63 
408 1850.18 
409 1775.86 
410 1818.44 
411 1792.36 
412 1844.69 
413 1833.83 
414 1804.83 
415 1781.18 
416 1835.31 
417 1809.37 
418 1803.40 
419 1832.89 
420 1822.81 
421 1820.17 
422 1836.93 
423 1810.91 
424 1773.27 
425 1825.21 
426 1814.22 
427 1788.74 
428 1834.96 
429 1793.57 
430 1829.78 
431 1784.52 
432 1835.89 
433 1792.60 
434 1806.23 
435 1829.39 
436 1805.78 
437 1832.04 
438 1817.09 
439 1814.99 
440 1834.87 
441 1798.91 
442 1843.15 
443 1808.84 
444 1849.81 
445 1829.73 
446 1811.90 
447 1820.41 
448 1818.56 
449 1857.01 
450 1804.17 
451 1817.84 
452 1846.35 
453 1846.16 
454 1849.57 
455 1814.98 
456 1810.71 
457 1853.52 
458 1802.96 
459 1817.50 
460 1844.25 
461 1836.62 
462 1806.37 
463 1839.91 
464 1839.85 
465 1828.83 
466 1806.96 
467 1826.77 
468 1816.12 
469 1792.24 
470 1848.44 
471 1816.25 
472 1833.37 
473 1839.63 
474 1808.21 
475 1822.14 
476 1808.72 
477 1783.75 
478 1803.19 
479 1825.25 
480 1825.66 
481 1797.43 
482 1814.18 
483 1819.56 
484 1829.42 
485 1865.12 
486 1822.79 
487 1828.48 
488 1805.29 
489 1830.31 
490 1802.68 
491 1835.31 
492 1802.92 
493 1831.24 
494 1805.82 
495 1813.61 
496 1771.51 
497 1799.69 
498 1802.18 
499 1834.18 
500 1798.52 
501 1799.12 
502 1794.69 
503 1805.39 
504 1798.42 
505 1807.95 
506 1809.37 
507 1825.72 
508 1824.95 
509 1836.63 
510 1790.02 
511 1790.48 
512 1818.15 
513 1784.58 
514 1835.19 
515 1803.82 
516 1808.62 
517 1828.51 
518 1787.63 
519 1825.82 
520 1803.15 
521 1799.46 
522 1796.13 
523 1825.83 
524 1817.85 
525 1791.88 
526 1805.92 
527 1867.79 
528 1788.73 
529 1792.18 
530 1805.33 
531 1838.02 
532 1833.87 
533 1825.71 
534 1808.80 
535 1822.69 
536 1834.92 
537 1821.60 
538 1809.49 
539 1846.62 
540 1798.31 
541 1840.58 
542 1793.07 
543 1822.04 
544 1834.64 
545 1840.49 
546 1798.96 
547 1810.44 
548 1820.61 
549 1833.13 
550 1799.72 
551 1824.41 
552 1804.18 
553 1820.67 
554 1811.02 
555 1852.29 
556 1817.62 
557 1784.78 
558 1800.96 
559 1810.11 
560 1812.18 
561 1825.12 
562 1821.08 
563 1808.66 
564 1773.98 
565 1825.61 
566 1799.99 
567 1814.45 
568 1829.32 
569 1814.41 
570 1841.15 
571 1828.70 
572 1789.27 
573 1819.36 
574 1817.46 
575 1820.27 
576 1827.11 
577 1851.07 
578 1806.06 
579 1820.83 
580 1779.46 
581 1824.29 
582 1845.89 
583 1828.11 
584 1792.23 
585 1818.75 
586 1823.82 
587 1816.05 
588 1833.66 
589 1777.53 
590 1787.61 
591 1812.25 
592 1822.12 
593 1784.53 
594 1837.56 
595 1834.94 
596 1809.37 
597 1818.24 
598 1799.13 
599 1817.50 
600 1796.07 
601 1783.58 
602 1824.23 
603 1852.16 
604 1805.80 
605 1791.57 
606 1822.47 
607 1841.10 
608 1832.29 
609 1829.19 
610 1836.36 
611 1800.55 
612 1816.97 
613 1827.76 
614 1826.43 
615 1845.72 
616 1827.26 
617 1804.24 
618 1849.47 
619 1805.25 
620 1825.35 
621 1851.63 
622 1795.33 
623 1824.47 
624 1826.51 
625 1849.35 
626 1817.08 
627 1854.45 
628 1835.52 
629 1835.51 
630 1780.82 
631 1819.62 
632 1815.21 
633 1813.86 
634 1841.97 
635 1843.89 
636 1811.43 
637 1836.40 
638 1823.47 
639 1798.99 
640 1816.05 
641 1775.50 
642 1816.01 
643 1816.41 
644 1814.23 
645 1792.65 
646 1827.51 
647 1825.16 
648 1785.75 
649 1788.42 
650 1820.83 
651 1819.13 
652 1811.18 
653 1817.66 
654 1821.59 
655 1772.49 
656 1805.17 
657 1835.83 
658 1825.52 
659 1797.82 
660 1821.62 
661 1795.93 
662 1788.63 
663 1848.66 
664 1847.76 
665 1828.58 
666 1818.20 
667 1797.44 
668 1817.00 
669 1832.61 
670 1852.09 
671 1818.43 
672 1819.01 
673 1840.95 
674 1829.47 
675 1831.94 
676 1816.53 
677 1785.51 
678 1826.90 
679 1820.50 
680 1822.80 
681 1810.13 
682 1815.60 
683 1837.18 
684 1812.05 
685 1779.97 
686 1824.81 
687 1810.45 
688 1811.89 
689 1828.90 
690 1832.32 
691 1759.12 
692 1794.59 
693 1793.70 
694 1822.92 
695 1792.50 
696 1802.43 
697 1814.80 
698 1850.81 
699 1829.78 
700 1841.13 
701 1844.10 
702 1795.81 
703 1814.63 
704 1843.15 
705 1805.99 
706 1822.17 
707 1821.40 
708 1802.59 
709 1843.48 
710 1815.78 
711 1806.80 
712 1803.13 
713 1822.68 
714 1836.51 
715 1769.22 
716 1819.92 
717 1826.68 
718 1806.21 
719 1836.22 
720 1810.88 
721 1823.58 
722 1841.53 
723 1825.66 
724 1823.52 
725 1857.43 
726 1812.61 
727 1823.31 
728 1793.21 
729 1815.56 
730 1812.41 
731 1835.16 
732 1818.29 
733 1841.99 
734 1831.04 
735 1825.07 
736 1810.42 
737 1818.73 
738 1810.68 
739 1809.26 
740 1831.81 
741 1808.92 
742 1770.01 
743 1812.11 
744 1817.49 
745 1831.20 
746 1825.79 
747 1820.89 
748 1838.57 
749 1824.94 
750 1810.89 
751 1845.58 
752 1803.64 
753 1809.59 
754 1831.70 
755 1819.63 
756 1815.12 
757 1849.67 
758 1817.73 
759 1824.54 
760 1817.35 
761 1823.38 
762 1789.13 
763 1791.97 
764 1826.30 
765 1825.22 
766 1819.08 
767 1841.87 
768 1821.30 
769 1837.85 
770 1825.99 
771 1800.66 
772 1812.53 
773 1783.33 
774 1817.95 
775 1831.46 
776 1816.24 
777 1814.46 
778 1812.18 
779 1813.83 
780 1818.92 
781 1848.15 
782 1839.19 
783 1809.65 
784 1839.66 
785 1830.77 
786 1802.19 
787 1804.44 
788 1819.83 
789 1823.17 
790 1825.94 
791 1821.70 
792 1825.20 
793 1818.40 
794 1825.79 
795 1827.93 
796 1808.66 
797 1848.53 
798 1819.69 
799 1811.39 
800 1816.02 
801 1793.50 
802 1824.37 
803 1816.43 
804 1863.41 
805 1808.16 
806 1818.23 
807 1829.73 
808 1799.26 
809 1817.48 
810 1838.38 
811 1808.33 
812 1841.63 
813 1835.90 
814 1826.77 
815 1824.32 
816 1825.00 
817 1804.08 
818 1842.62 
819 1836.18 
820 1831.82 
821 1803.98 
822 1823.77 
823 1832.59 
824 1819.24 
825 1814.10 
826 1797.71 
827 1825.15 
828 1811.32 
829 1823.58 
830 1831.10 
831 1804.36 
832 1811.79 
833 1823.96 
834 1824.98 
835 1830.26 
836 1802.95 
837 1845.02 
838 1829.04 
839 1796.95 
840 1803.41 
841 1855.17 
842 1790.18 
843 1815.66 
844 1804.84 
845 1815.99 
846 1807.04 
847 1813.62 
848 1805.03 
849 1858.72 
850 1820.04 
851 1844.19 
852 1816.71 
853 1801.86 
854 1856.63 
855 1819.24 
856 1772.38 
857 1802.02 
858 1805.84 
859 1815.96 
860 1805.30 
861 1828.64 
862 1825.78 
863 1798.31 
864 1801.80 
865 1811.70 
866 1812.56 
867 1809.66 
868 1793.89 
869 1808.68 
870 1810.14 
871 1826.35 
872 1793.41 
873 1804.11 
874 1803.66 
875 1835.32 
876 1815.98 
877 1814.99 
878 1823.37 
879 1835.51 
880 1810.64 
881 1826.60 
882 1817.46 
883 1780.55 
884 1861.89 
885 1798.55 
886 1830.28 
887 1831.62 
888 1810.02 
889 1846.97 
890 1815.05 
891 1822.14 
892 1834.84 
893 1821.86 
894 1803.70 
895 1810.94 
896 1812.86 
897 1799.71 
898 1816.24 
899 1798.83 
900 1813.63 
901 1826.06 
902 1778.78 
903 1811.49 
904 1802.89 
905 1819.97 
906 1772.22 
907 1806.98 
908 1844.54 
909 1804.36 
910 1827.17 
911 1848.76 
912 1782.13 
913 1815.72 
914 1787.73 
915 1866.84 
916 1835.43 
917 1811.45 
918 1826.72 
919 1826.66 
920 1813.28 
921 1803.98 
922 1856.69 
923 1812.56 
924 1847.04 
925 1822.81 
926 1829.71 
927 1842.63 
928 1845.70 
929 1842.16 
930 1798.05 
931 1790.40 
932 1827.22 
933 1822.83 
934 1830.72 
935 1843.27 
936 1804.92 
937 1816.21 
938 1861.70 
939 1816.48 
940 1814.29 
941 1846.53 
942 1822.75 
943 1831.69 
944 1835.70 
945 1801.57 
946 1767.66 
947 1799.97 
948 1837.44 
949 1813.44 
950 1826.79 
951 1819.25 
952 1811.17 
953 1841.98 
954 1798.41 
955 1818.43 
956 1782.61 
957 1811.18 
958 1819.66 
959 1816.93 
960 1849.59 
961 1812.23 
962 1787.22 
963 1799.99 
964 1799.46 
965 1821.18 
966 1826.59 
967 1837.31 
968 1826.14 
969 1839.88 
970 1839.48 
971 1848.88 
972 1781.79 
973 1848.11 
974 1802.37 
975 1806.25 
976 1807.62 
977 1839.04 
978 1827.64 
979 1795.77 
980 1852.42 
981 1798.66 
982 1819.74 
983 1821.85 
984 1817.13 
985 1815.59 
986 1846.84 
987 1814.45 
988 1831.44 
989 1856.33 
990 1823.22 
991 1821.64 
992 1841.44 
993 1842.12 
994 1831.36 
995 1810.57 
996 1820.97 
997 1758.50 
998 1830.48 
999 1788.77 
1000 1804.46 
1001 1858.20 
1002 1872.74 
1003 1855.79 
1004 1812.02 
1005 1821.83 
1006 1819.86 
1007 1805.98 
1008 1819.51 
1009 1799.98 
1010 1809.18 
1011 1809.26 
1012 1818.14 
1013 1801.10 
1014 1820.35 
1015 1823.28 
1016 1825.24 
1017 1836.23 
1018 1822.94 
1019 1847.66 
1020 1837.92 
1021 1826.78 
1022 1816.52 
1023 1828.27 
1024 1820.05 
1025 1808.42 
1026 1833.19 
1027 1842.15 
1028 1836.31 
1029 1842.26 
1030 1809.30 
1031 1834.72 
1032 1821.54 
1033 1839.39 
1034 1825.09 
1035 1846.09 
1036 1795.26 
1037 1823.19 
1038 1832.35 
1039 1848.20 
1040 1801.35 
1041 1811.29 
1042 1813.84 
1043 1842.06 
1044 1813.70 
1045 1840.43 
1046 1803.48 
1047 1813.74 
1048 1806.72 
1049 1822.81 
1050 1829.77 
1051 1820.36 
1052 1815.09 
1053 1791.08 
1054 1816.35 
1055 1848.07 
1056 1829.13 
1057 1827.63 
1058 1797.67 
1059 1816.41 
1060 1823.89 
1061 1818.05 
1062 1857.92 
1063 1808.31 
1064 1829.15 
1065 1784.40 
1066 1790.41 
1067 1800.66 
1068 1818.85 
1069 1818.26 
1070 1824.02 
1071 1832.73 
1072 1816.63 
1073 1838.13 
1074 1831.96 
1075 1808.29 
1076 1811.86 
1077 1815.26 
1078 1810.97 
1079 1823.71 
1080 1809.37 
1081 1796.18 
1082 1815.99 
1083 1816.05 
1084 1842.65 
1085 1790.03 
1086 1784.86 
1087 1814.52 
1088 1826.88 
1089 1852.70 
1090 1793.67 
1091 1819.47 
1092 1835.53 
1093 1809.07 
1094 1830.57 
1095 1815.69 
1096 1795.69 
1097 1810.68 
1098 1786.87 
1099 1828.32 
1100 1812.32 
1101 1834.90 
1102 1824.10 
1103 1845.77 
1104 1825.47 
1105 1847.13 
1106 1789.07 
1107 1808.36 
1108 1793.83 
1109 1777.29 
1110 1836.88 
1111 1805.61 
1112 1823.01 
1113 1833.29 
1114 1836.67 
1115 1856.00 
1116 1818.08 
1117 1838.15 
1118 1804.18 
1119 1807.52 
1120 1830.20 
1121 1814.03 
1122 1797.39 
1123 1800.80 
1124 1848.72 
1125 1813.00 
1126 1803.02 
1127 1815.42 
1128 1807.55 
1129 1810.31 
1130 1815.05 
1131 1783.29 
1132 1843.13 
1133 1829.75 
1134 1831.97 
1135 1819.94 
1136 1799.22 
1137 1801.73 
1138 1832.78 
1139 1841.19 
1140 1821.99 
1141 1829.20 
1142 1843.98 
1143 1798.44 
1144 1819.65 
1145 1806.52 
1146 1827.65 
1147 1830.51 
1148 1825.23 
1149 1828.42 
1150 1838.48 
1151 1808.79 
1152 1846.72 
1153 1819.16 
1154 1820.32 
1155 1806.32 
1156 1819.47 
1157 1836.80 
1158 1832.35 
1159 1871.01 
1160 1832.39 
1161 1842.73 
1162 1799.91 
1163 1815.52 
1164 1797.52 
1165 1823.96 
1166 1808.38 
1167 1823.50 
1168 1812.79 
1169 1808.52 
1170 1794.69 
1171 1812.96 
1172 1835.92 
1173 1803.65 
1174 1844.27 
1175 1826.09 
1176 1821.04 
1177 1843.66 
1178 1824.68 
1179 1812.14 
1180 1802.13 
1181 1832.80 
1182 1795.87 
1183 1797.00 
1184 1818.31 
1185 1802.33 
1186 1797.58 
1187 1812.67 
1188 1814.17 
1189 1782.13 
1190 1802.68 
1191 1803.05 
1192 1784.59 
1193 1790.04 
1194 1818.62 
1195 1838.87 
1196 1811.22 
1197 1778.99 
1198 1841.45 
1199 1849.15 
1200 1787.22 
1201 1817.14 
1202 1810.47 
1203 1810.28 
1204 1815.99 
1205 1819.32 
1206 1828.70 
1207 1824.60 
1208 1802.24 
1209 1800.73 
1210 1834.51 
1211 1798.15 
1212 1847.11 
1213 1803.72 
1214 1812.82 
1215 1791.34 
1216 1815.26 
1217 1798.18 
1218 1815.61 
1219 1840.16 
1220 1841.33 
1221 1810.79 
1222 1822.94 
1223 1781.65 
1224 1832.58 
1225 1830.64 
1226 1819.25 
1227 1825.78 
1228 1809.35 
1229 1833.47 
1230 1838.55 
1231 1817.61 
1232 1825.49 
1233 1829.52 
1234 1821.34 
1235 1831.01 
1236 1864.69 
1237 1802.26 
1238 1847.33 
1239 1838.80 
1240 1817.94 
1241 1841.09 
1242 1818.05 
1243 1796.83 
1244 1792.66 
1245 1796.56 
1246 1788.20 
1247 1800.74 
1248 1811.94 
1249 1781.51 
1250 1788.41 
1251 1812.20 
1252 1825.19 
1253 1789.40 
1254 1802.75 
1255 1826.41 
1256 1836.41 
1257 1792.20 
1258 1823.60 
1259 1809.67 
1260 1805.38 
1261 1812.24 
1262 1839.45 
1263 1832.73 
1264 1821.14 
1265 1798.35 
1266 1798.33 
1267 1836.11 
1268 1817.28 
1269 1869.14 
1270 1820.95 
1271 1827.33 
1272 1788.05 
1273 1841.61 
1274 1797.44 
1275 1806.51 
1276 1824.36 
1277 1801.68 
1278 1859.42 
1279 1820.32 
1280 1810.75 
1281 1806.19 
1282 1821.10 
1283 1832.56 
1284 1801.71 
1285 1810.21 
1286 1808.09 
1287 1826.62 
1288 1811.29 
1289 1810.26 
1290 1759.15 
1291 1813.65 
1292 1829.82 
1293 1810.78 
1294 1850.27 
1295 1828.61 
1296 1844.87 
1297 1818.26 
1298 1784.23 
1299 1810.11 
1300 1799.83 
1301 1819.04 
1302 1824.76 
1303 1830.82 
1304 1809.15 
1305 1829.68 
1306 1798.14 
1307 1840.07 
1308 1810.82 
1309 1810.57 
1310 1834.53 
1311 1834.80 
1312 1830.37 
1313 1819.65 
1314 1803.99 
1315 1833.26 
1316 1805.50 
1317 1807.40 
1318 1801.75 
1319 1850.74 
1320 1847.10 
1321 1840.25 
1322 1795.50 
1323 1845.02 
1324 1825.31 
1325 1829.65 
1326 1793.12 
1327 1816.20 
1328 1826.48 
1329 1815.25 
1330 1837.52 
1331 1833.04 
1332 1796.28 
1333 1815.71 
1334 1814.19 
1335 1827.64 
1336 1804.29 
1337 1831.54 
1338 1826.97 
1339 1851.01 
1340 1836.14 
1341 1814.52 
1342 1824.52 
1343 1827.35 
1344 1805.15 
1345 1849.42 
1346 1760.86 
1347 1818.39 
1348 1828.18 
1349 1830.41 
1350 1830.79 
1351 1795.31 
1352 1776.33 
1353 1815.67 
1354 1815.91 
1355 1848.71 
1356 1792.45 
1357 1823.51 
1358 1822.61 
1359 1832.62 
1360 1819.12 
1361 1810.66 
1362 1827.97 
1363 1820.57 
1364 1832.43 
1365 1828.93 
1366 1841.52 
1367 1827.73 
1368 1822.02 
1369 1833.15 
1370 1792.66 
1371 1799.24 
1372 1780.52 
1373 1796.88 
1374 1802.66 
1375 1780.14 
1376 1826.17 
1377 1835.98 
1378 1822.48 
1379 1776.58 
1380 1797.05 
1381 1818.64 
1382 1809.24 
1383 1813.55 
1384 1826.20 
1385 1825.17 
1386 1829.61 
1387 1802.20 
1388 1829.42 
1389 1849.55 
1390 1820.93 
1391 1818.11 
1392 1811.72 
1393 1826.99 
1394 1807.17 
1395 1824.39 
1396 1852.66 
1397 1836.90 
1398 1820.59 
1399 1797.10 
1400 1799.43 
1401 1786.13 
1402 1822.53 
1403 1804.46 
1404 1807.60 
1405 1831.75 
1406 1830.73 
1407 1778.10 
1408 1844.07 
1409 1806.59 
1410 1822.37 
1411 1805.09 
1412 1823.42 
1413 1822.31 
1414 1826.70 
1415 1826.61 
1416 1820.63 
1417 1815.01 
1418 1821.98 
1419 1828.92 
1420 1789.28 
1421 1775.93 
1422 1810.76 
1423 1832.33 
1424 1805.30 
1425 1838.09 
1426 1799.38 
1427 1837.71 
1428 1826.46 
1429 1820.64 
1430 1851.63 
1431 1842.85 
1432 1836.45 
1433 1845.89 
1434 1782.32 
1435 1811.72 
1436 1846.05 
1437 1821.38 
1438 1839.33 
1439 1809.37 
1440 1804.13 
1441 1847.96 
1442 1834.48 
1443 1817.86 
1444 1877.25 
1445 1801.89 
1446 1836.23 
1447 1824.58 
1448 1813.53 
1449 1838.49 
1450 1811.12 
1451 1831.89 
1452 1817.71 
1453 1812.56 
1454 1810.56 
1455 1811.22 
1456 1849.88 
1457 1834.50 
1458 1825.97 
1459 1816.19 
1460 1840.78 
1461 1805.31 
1462 1809.72 
1463 1831.38 
1464 1859.42 
1465 1819.97 
1466 1795.71 
1467 1803.37 
1468 1800.49 
1469 1837.77 
1470 1831.48 
1471 1831.05 
1472 1830.34 
1473 1862.42 
1474 1824.38 
1475 1839.57 
1476 1811.93 
1477 1803.43 
1478 1831.35 
1479 1841.45 
1480 1807.18 
1481 1820.67 
1482 1829.24 
1483 1820.46 
1484 1817.07 
1485 1799.65 
1486 1804.50 
1487 1825.23 
1488 1805.42 
1489 1848.19 
1490 1856.97 
1491 1828.03 
1492 1860.41 
1493 1822.31 
1494 1808.31 
1495 1805.57 
1496 1842.08 
1497 1841.98 
1498 1816.79 
1499 1819.55 
1500 1792.07 
1501 1821.17 
1502 1787.52 
1503 1832.78 
1504 1800.77 
1505 1797.99 
1506 1828.88 
1507 1827.78 
1508 1839.90 
1509 1801.59 
1510 1806.26 
1511 1810.65 
1512 1790.87 
1513 1833.39 
1514 1837.50 
1515 1824.27 
1516 1792.52 
1517 1841.86 
1518 1834.04 
1519 1849.12 
1520 1822.62 
1521 1823.63 
1522 1804.61 
1523 1786.15 
1524 1840.85 
1525 1813.86 
1526 1815.31 
1527 1815.53 
1528 1838.54 
1529 1812.70 
1530 1813.08 
1531 1813.27 
1532 1829.01 
1533 1867.53 
1534 1803.33 
1535 1815.64 
1536 1790.35 
1537 1803.55 
1538 1798.18 
1539 1796.58 
1540 1825.78 
1541 1865.90 
1542 1863.39 
1543 1841.47 
1544 1827.44 
1545 1813.37 
1546 1824.39 
1547 1802.05 
1548 1817.13 
1549 1806.53 
1550 1847.65 
1551 1826.90 
1552 1823.55 
1553 1811.41 
1554 1835.19 
1555 1837.22 
1556 1819.51 
1557 1803.64 
1558 1846.90 
1559 1784.84 
1560 1815.45 
1561 1800.85 
1562 1781.90 
1563 1808.25 
1564 1819.76 
1565 1779.81 
1566 1805.99 
1567 1786.04 
1568 1845.85 
1569 1847.79 
1570 1812.85 
1571 1808.90 
1572 1824.67 
1573 1840.28 
1574 1801.94 
1575 1829.27 
1576 1816.84 
1577 1846.79 
1578 1819.70 
1579 1848.12 
1580 1822.61 
1581 1847.44 
1582 1813.64 
1583 1826.96 
1584 1837.05 
1585 1802.34 
1586 1830.78 
1587 1841.78 
1588 1811.04 
1589 1857.85 
1590 1819.98 
1591 1802.21 
1592 1816.48 
1593 1828.49 
1594 1796.12 
1595 1827.29 
1596 1838.17 
1597 1809.32 
1598 1800.16 
1599 1810.74 
1600 1813.48 
1601 1832.70 
1602 1803.87 
1603 1852.54 
1604 1844.63 
1605 1818.22 
1606 1830.31 
1607 1813.17 
1608 1829.91 
1609 1795.56 
1610 1843.14 
1611 1815.69 
1612 1807.69 
1613 1820.97 
1614 1804.11 
1615 1802.08 
1616 1848.94 
1617 1814.84 
1618 1812.72 
1619 1848.31 
1620 1808.19 
1621 1827.16 
1622 1818.61 
1623 1805.20 
1624 1815.75 
1625 1836.66 
1626 1812.79 
1627 1802.26 
1628 1802.94 
1629 1857.99 
1630 1792.42 
1631 1810.10 
1632 1833.65 
1633 1840.99 
1634 1827.39 
1635 1809.66 
1636 1834.59 
1637 1810.61 
1638 1854.92 
1639 1820.69 
1640 1829.24 
1641 1831.61 
1642 1835.59 
1643 1791.18 
1644 1807.40 
1645 1800.32 
1646 1815.20 
1647 1788.58 
1648 1811.32 
1649 1828.22 
1650 1848.33 
1651 1788.84 
1652 1826.53 
1653 1809.09 
1654 1781.51 
1655 1832.29 
1656 1826.75 
1657 1854.26 
1658 1792.43 
1659 1835.01 
1660 1809.41 
1661 1843.59 
1662 1826.70 
1663 1809.48 
1664 1812.38 
1665 1796.91 
1666 1819.74 
1667 1799.29 
1668 1819.86 
1669 1855.88 
1670 1832.76 
1671 1855.00 
1672 1804.47 
1673 1820.25 
1674 1840.51 
1675 1868.83 
1676 1802.42 
1677 1810.47 
1678 1800.88 
1679 1843.99 
1680 1844.50 
1681 1811.63 
1682 1830.52 
1683 1838.81 
1684 1830.48 
1685 1834.35 
1686 1814.61 
1687 1852.63 
1688 1791.58 
1689 1810.27 
1690 1816.35 
1691 1828.47 
1692 1824.60 
1693 1812.07 
1694 1829.75 
1695 1818.89 
1696 1794.33 
1697 1829.12 
1698 1788.99 
1699 1795.18 
1700 1797.05 
1701 1794.29 
1702 1812.33 
1703 1825.11 
1704 1829.76 
1705 1800.57 
1706 1806.97 
1707 1833.54 
1708 1792.02 
1709 1815.91 
1710 1835.86 
1711 1819.25 
1712 1795.17 
1713 1806.55 
1714 1840.17 
1715 1784.09 
1716 1821.83 
1717 1829.59 
1718 1850.28 
1719 1825.03 
1720 1839.31 
1721 1796.51 
1722 1811.69 
1723 1838.79 
1724 1789.68 
1725 1834.46 
1726 1814.48 
1727 1833.36 
1728 1823.70 
1729 1817.01 
1730 1820.16 
1731 1819.20 
1732 1816.75 
1733 1837.32 
1734 1840.67 
1735 1784.57 
1736 1781.84 
1737 1824.43 
1738 1834.74 
1739 1818.13 
1740 1808.23 
1741 1803.61 
1742 1857.86 
1743 1778.96 
1744 1792.23 
1745 1834.82 
1746 1786.06 
1747 1820.25 
1748 1836.94 
1749 1825.79 
1750 1821.76 
1751 1818.14 
1752 1815.10 
1753 1865.58 
1754 1830.76 
1755 1837.88 
1756 1809.14 
1757 1799.15 
1758 1807.08 
1759 1815.45 
1760 1803.34 
1761 1847.61 
1762 1814.60 
1763 1811.38 
1764 1810.73 
1765 1819.95 
1766 1839.74 
1767 1835.24 
1768 1829.31 
1769 1852.18 
1770 1818.68 
1771 1830.07 
1772 1801.02 
1773 1789.78 
1774 1792.95 
1775 1805.83 
1776 1820.43 
1777 1825.05 
1778 1803.57 
1779 1823.09 
1780 1827.46 
1781 1804.77 
1782 1820.39 
1783 1815.48 
1784 1798.14 
1785 1825.41 
1786 1800.36 
1787 1806.12 
1788 1840.31 
1789 1819.70 
1790 1813.49 
1791 1796.58 
1792 1835.08 
1793 1830.73 
1794 1813.70 
1795 1812.08 
1796 1787.06 
1797 1814.68 
1798 1802.28 
1799 1817.41 
1800 1828.33 
1801 1832.42 
1802 1831.72 
1803 1827.06 
1804 1825.64 
1805 1807.27 
1806 1830.94 
1807 1838.31 
1808 1831.33 
1809 1837.21 
1810 1811.26 
1811 1819.53 
1812 1795.38 
1813 1826.83 
1814 1810.99 
1815 1803.30 
1816 1793.67 
1817 1839.75 
1818 1831.82 
1819 1798.73 
1820 1773.95 
1821 1844.61 
1822 1802.55 
1823 1842.91 
1824 1830.09 
1825 1810.13 
1826 1830.42 
1827 1830.22 
1828 1816.75 
1829 1844.71 
1830 1821.57 
1831 1818.88 
1832 1832.63 
1833 1828.85 
1834 1833.60 
1835 1789.68 
1836 1822.28 
1837 1826.11 
1838 1822.86 
1839 1795.63 
1840 1800.97 
1841 1845.35 
1842 1851.42 
1843 1796.63 
1844 1820.17 
1845 1830.50 
1846 1852.66 
1847 1822.89 
1848 1795.63 
1849 1799.44 
1850 1817.36 
1851 1839.94 
1852 1811.45 
1853 1829.95 
1854 1786.65 
1855 1814.92 
1856 1804.12 
1857 1805.23 
1858 1822.39 
1859 1841.28 
1860 1809.05 
1861 1841.49 
1862 1816.40 
1863 1830.14 
1864 1810.97 
1865 1839.30 
1866 1807.42 
1867 1825.31 
1868 1846.76 
1869 1821.04 
1870 1803.95 
1871 1843.66 
1872 1813.10 
1873 1820.74 
1874 1798.26 
1875 1802.48 
1876 1841.06 
1877 1813.01 
1878 1847.87 
1879 1794.26 
1880 1770.59 
1881 1809.85 
1882 1796.08 
1883 1814.84 
1884 1823.91 
1885 1828.28 
1886 1823.05 
1887 1790.83 
1888 1801.71 
1889 1841.26 
1890 1810.62 
1891 1833.50 
1892 1801.68 
1893 1790.06 
1894 1820.55 
1895 1807.35 
1896 1783.89 
1897 1795.29 
1898 1841.40 
1899 1818.36 
1900 1841.42 
1901 1825.03 
1902 1805.29 
1903 1821.37 
1904 1835.98 
1905 1825.55 
1906 1811.97 
1907 1810.86 
1908 1816.49 
1909 1811.33 
1910 1812.96 
1911 1811.66 
1912 1801.53 
1913 1820.80 
1914 1806.82 
1915 1840.80 
1916 1837.02 
1917 1822.31 
1918 1825.05 
1919 1830.30 
1920 1823.44 
1921 1838.71 
1922 1861.95 
1923 1814.86 
1924 1845.22 
1925 1814.18 
1926 1809.36 
1927 1824.66 
1928 1798.61 
1929 1816.45 
1930 1804.21 
1931 1819.71 
1932 1851.32 
1933 1808.01 
1934 1829.34 
1935 1819.19 
1936 1780.67 
1937 1808.68 
1938 1855.30 
1939 1833.21 
1940 1820.09 
1941 1835.77 
1942 1854.62 
1943 1849.44 
1944 1815.44 
1945 1819.91 
1946 1810.40 
1947 1818.08 
1948 1817.33 
1949 1847.19 
1950 1818.95 
1951 1822.95 
1952 1792.83 
1953 1845.20 
1954 1840.29 
1955 1812.89 
1956 1816.00 
1957 1817.20 
1958 1814.82 
1959 1840.91 
1960 1842.17 
1961 1850.97 
1962 1809.07 
1963 1841.53 
1964 1845.52 
1965 1809.05 
1966 1843.58 
1967 1815.99 
1968 1814.23 
1969 1823.72 
1970 1838.18 
1971 1819.48 
1972 1822.92 
1973 1823.65 
1974 1792.13 
1975 1839.98 
1976 1824.53 
1977 1847.80 
1978 1824.84 
1979 1810.32 
1980 1854.03 
1981 1817.62 
1982 1816.62 
1983 1822.81 
1984 1816.55 
1985 1841.14 
1986 1787.12 
1987 1804.91 
1988 1851.43 
1989 1827.97 
1990 1816.12 
1991 1765.92 
1992 1791.44 
1993 1797.79 
1994 1846.16 
1995 1804.86 
1996 1809.45 
1997 1837.34 
1998 1826.87 
1999 1825.80 
2000 1814.33 
2001 1845.03 
2002 1794.90 
2003 1818.06 
2004 1806.25 
2005 1810.64 
2006 1828.23 
2007 1795.72 
2008 1799.05 
2009 1839.10 
2010 1821.29 
2011 1804.60 
2012 1812.82 
2013 1794.07 
2014 1824.93 
2015 1817.43 
2016 1794.27 
2017 1801.76 
2018 1837.10 
2019 1768.01 
2020 1788.04 
2021 1835.60 
2022 1848.77 
2023 1841.25 
2024 1816.49 
2025 1818.62 
2026 1802.14 
2027 1816.63 
2028 1829.80 
2029 1808.14 
2030 1849.42 
2031 1827.32 
2032 1830.27 
2033 1827.63 
2034 1829.62 
2035 1830.21 
2036 1834.11 
2037 1831.38 
2038 1824.49 
2039 1847.27 
2040 1849.43 
2041 1827.73 
2042 1791.96 
2043 1834.28 
2044 1792.57 
2045 1809.95 
2046 1804.50 
2047 1823.47 
2048 1847.78 
2049 1811.45 
2050 1815.33 
2051 1788.07 
2052 1813.87 
2053 1812.16 
2054 1822.16 
2055 1827.90 
2056 1811.32 
2057 1849.47 
2058 1814.50 
2059 1809.92 
2060 1799.35 
2061 1809.77 
2062 1814.09 
2063 1819.45 
2064 1836.79 
2065 1808.89 
2066 1850.43 
2067 1816.33 
2068 1820.54 
2069 1815.86 
2070 1822.14 
2071 1830.30 
2072 1809.57 
2073 1828.94 
2074 1833.79 
2075 1856.15 
2076 1783.81 
2077 1858.34 
2078 1811.31 
2079 1817.47 
2080 1784.60 
2081 1811.60 
2082 1809.02 
2083 1831.42 
2084 1821.08 
2085 1817.17 
2086 1828.79 
2087 1833.86 
2088 1856.26 
2089 1808.85 
2090 1803.08 
2091 1835.82 
2092 1814.25 
2093 1802.01 
2094 1835.38 
2095 1818.61 
2096 1877.11 
2097 1820.37 
2098 1812.13 
2099 1810.14 
2100 1783.79 
2101 1829.15 
2102 1838.28 
2103 1800.58 
2104 1828.61 
2105 1821.22 
2106 1806.78 
2107 1851.55 
2108 1830.15 
2109 1841.32 
2110 1836.14 
2111 1824.95 
2112 1825.11 
2113 1779.38 
2114 1801.92 
2115 1797.73 
2116 1824.02 
2117 1801.99 
2118 1796.29 
2119 1813.19 
2120 1822.19 
2121 1805.89 
2122 1821.37 
2123 1821.65 
2124 1834.63 
2125 1806.55 
2126 1820.24 
2127 1819.36 
2128 1788.21 
2129 1805.95 
2130 1810.03 
2131 1813.32 
2132 1807.13 
2133 1797.37 
2134 1825.27 
2135 1824.49 
2136 1815.96 
2137 1801.46 
2138 1819.28 
2139 1863.24 
2140 1797.72 
2141 1820.89 
2142 1832.85 
2143 1844.55 
2144 1854.14 
2145 1842.97 
2146 1814.06 
2147 1812.88 
2148 1838.87 
2149 1849.16 
2150 1833.09 
2151 1850.34 
2152 1820.32 
2153 1806.00 
2154 1838.21 
2155 1829.98 
2156 1799.49 
2157 1805.85 
2158 1821.10 
2159 1819.15 
2160 1855.39 
2161 1780.82 
2162 1807.81 
2163 1860.42 
2164 1827.44 
2165 1826.55 
2166 1815.67 
2167 1814.39 
2168 1853.57 
2169 1800.98 
2170 1802.61 
2171 1812.78 
2172 1834.15 
2173 1803.11 
2174 1847.73 
2175 1805.95 
2176 1844.86 
2177 1785.70 
2178 1821.81 
2179 1824.72 
2180 1822.34 
2181 1830.44 
2182 1802.71 
2183 1813.98 
2184 1839.10 
2185 1845.95 
2186 1818.60 
2187 1819.96 
2188 1853.59 
2189 1817.96 
2190 1842.69 
2191 1811.50 
2192 1844.18 
2193 1798.96 
2194 1817.52 
2195 1847.07 
2196 1841.42 
2197 1847.43 
2198 1812.00 
2199 1816.92 
2200 1830.46 
2201 1826.67 
2202 1817.70 
2203 1822.65 
2204 1840.62 
2205 1836.55 
2206 1840.31 
2207 1770.69 
2208 1819.05 
2209 1827.75 
2210 1780.71 
2211 1798.59 
2212 1808.83 
2213 1845.69 
2214 1830.82 
2215 1822.91 
2216 1841.74 
2217 1843.90 
2218 1807.96 
2219 1834.65 
2220 1806.14 
2221 1850.25 
2222 1826.98 
2223 1821.26 
2224 1828.22 
2225 1793.82 
2226 1843.64 
2227 1782.54 
2228 1830.22 
2229 1804.31 
2230 1804.38 
2231 1823.78 
2232 1812.38 
2233 1807.67 
2234 1809.07 
2235 1836.76 
2236 1837.94 
2237 1809.92 
2238 1825.21 
2239 1784.22 
2240 1806.84 
2241 1814.29 
2242 1859.32 
2243 1807.07 
2244 1797.22 
2245 1798.04 
2246 1796.96 
2247 1831.49 
2248 1799.03 
2249 1839.89 
2250 1789.07 
2251 1818.31 
2252 1808.26 
2253 1770.47 
2254 1805.79 
2255 1789.42 
2256 1851.43 
2257 1809.91 
2258 1822.09 
2259 1802.39 
2260 1841.64 
2261 1853.83 
2262 1826.66 
2263 1821.98 
2264 1819.16 
2265 1818.73 
2266 1836.94 
2267 1799.18 
2268 1815.40 
2269 1821.38 
2270 1822.52 
2271 1837.00 
2272 1816.13 
2273 1787.09 
2274 1847.06 
2275 1815.36 
2276 1853.65 
2277 1823.91 
2278 1813.79 
2279 1832.01 
2280 1833.43 
2281 1805.39 
2282 1825.98 
2283 1826.09 
2284 1797.32 
2285 1833.18 
2286 1824.58 
2287 1812.57 
2288 1829.69 
2289 1827.91 
2290 1821.91 
2291 1847.42 
2292 1819.39 
2293 1819.53 
2294 1815.44 
2295 1834.63 
2296 1817.37 
2297 1776.85 
2298 1826.81 
2299 1842.78 
2300 1830.01 
2301 1817.86 
2302 1798.84 
2303 1822.53 
2304 1836.38 
2305 1808.06 
2306 1816.39 
2307 1807.59 
2308 1799.49 
2309 1801.45 
2310 1785.06 
2311 1846.45 
2312 1837.03 
2313 1839.46 
2314 1820.32 
2315 1791.45 
2316 1830.27 
2317 1824.75 
2318 1843.90 
2319 1820.31 
2320 1828.81 
2321 1793.62 
2322 1859.38 
2323 1801.86 
2324 1819.87 
2325 1851.27 
2326 1828.18 
2327 1802.17 
2328 1807.49 
2329 1806.19 
2330 1860.45 
2331 1828.17 
2332 1795.67 
2333 1796.19 
2334 1807.67 
2335 1831.85 
2336 1822.53 
2337 1807.09 
2338 1850.32 
2339 1796.31 
2340 1817.36 
2341 1814.61 
2342 1834.47 
2343 1818.14 
2344 1794.66 
2345 1835.43 
2346 1798.34 
2347 1814.30 
2348 1787.39 
2349 1839.41 
2350 1816.29 
2351 1835.22 
2352 1834.16 
2353 1812.81 
2354 1834.43 
2355 1860.19 
2356 1810.42 
2357 1806.67 
2358 1819.80 
2359 1829.07 
2360 1824.84 
2361 1848.44 
2362 1833.88 
2363 1827.99 
2364 1840.55 
2365 1808.73 
2366 1833.01 
2367 1842.88 
2368 1796.78 
2369 1833.13 
2370 1841.19 
2371 1822.80 
2372 1820.14 
2373 1803.83 
2374 1817.11 
2375 1814.29 
2376 1830.82 
2377 1869.11 
2378 1777.95 
2379 1842.93 
2380 1826.18 
2381 1801.21 
2382 1828.91 
2383 1812.96 
2384 1796.29 
2385 1801.31 
2386 1813.00 
2387 1783.78 
2388 1822.28 
2389 1815.30 
2390 1822.27 
2391 1837.11 
2392 1799.23 
2393 1844.82 
2394 1810.78 
2395 1830.43 
2396 1786.86 
2397 1828.01 
2398 1829.62 
2399 1822.84 
2400 1807.50 
2401 1871.04 
2402 1823.23 
2403 1841.99 
2404 1806.39 
2405 1834.51 
2406 1804.72 
2407 1793.83 
2408 1813.13 
2409 1856.27 
2410 1837.12 
2411 1805.84 
2412 1775.13 
2413 1835.68 
2414 1804.63 
2415 1809.85 
2416 1842.47 
2417 1796.89 
2418 1847.79 
2419 1828.54 
2420 1796.85 
2421 1840.65 
