Seed 0:
0 -202.42 
1 -545.70 
2 -555.95 
3 -634.92 
4 -521.67 
5 408.57 
6 260.96 
7 1359.30 
8 958.40 
9 1211.78 
10 1199.88 
11 2201.65 
12 2205.68 
13 1978.22 
14 2198.02 
15 2037.10 
16 2190.13 
17 2209.82 
18 2080.85 
19 2214.03 
20 2235.14 
21 2077.79 
22 2173.07 
23 2193.55 
24 2203.87 
25 2128.32 
26 2103.83 
27 2138.94 
28 1890.28 
29 2133.92 
30 1989.33 
31 2033.07 
32 2212.44 
33 2185.03 
34 2207.98 
35 2135.43 
36 2013.66 
37 2172.14 
38 2107.04 
39 2102.69 
40 2097.24 
41 2187.03 
42 2159.24 
43 2051.33 
44 2037.61 
45 2162.65 
46 1982.55 
47 2197.97 
48 2196.71 
49 2191.72 
50 2207.36 
51 2201.74 
52 2183.70 
53 2205.99 
54 2206.56 
55 2058.17 
56 2202.45 
57 2201.04 
58 2189.63 
59 2159.02 
60 2123.85 
61 2211.50 
62 2182.91 
63 2196.50 
64 2215.11 
65 2032.21 
66 2061.68 
67 2204.17 
68 2185.02 
69 2216.68 
70 2140.98 
71 2178.69 
72 2211.76 
73 2162.49 
74 2154.65 
75 2204.41 
76 2192.49 
77 2199.18 
78 2129.13 
79 2206.20 
80 1949.59 
81 2153.10 
82 2088.10 
83 2194.84 
84 2117.75 
85 2076.39 
86 2206.10 
87 2144.97 
88 2105.27 
89 2189.77 
90 2099.10 
91 2039.24 
92 2149.95 
93 2162.59 
94 2123.76 
95 2061.29 
96 2183.20 
97 2204.25 
98 2137.84 
99 2227.49 
100 2203.48 
101 2203.02 
102 2161.53 
103 2108.13 
104 2212.50 
105 2215.75 
106 2040.02 
107 2175.79 
108 2204.68 
109 2150.70 
110 2192.62 
111 2190.17 
112 2195.35 
113 2164.74 
114 2095.43 
115 2192.31 
116 2162.70 
117 2204.27 
118 2224.08 
119 2199.13 
120 2073.14 
121 2110.38 
122 2186.40 
123 2146.77 
124 2192.22 
125 2135.40 
126 2189.64 
127 2198.58 
128 2172.61 
129 2186.36 
130 2189.00 
131 2207.24 
132 2198.85 
133 2124.92 
134 2199.26 
135 2190.33 
136 2148.00 
137 2191.55 
138 2058.40 
139 2184.56 
140 2209.42 
141 2206.81 
142 2178.39 
143 2195.03 
144 2103.26 
145 2224.86 
146 2085.84 
147 2208.42 
148 2191.96 
149 1999.78 
150 2165.65 
151 2229.45 
152 2163.01 
153 2080.37 
154 2219.82 
155 2201.72 
156 2201.76 
157 2193.09 
158 2194.35 
159 2083.95 
160 2196.74 
161 2177.91 
162 2127.76 
163 2143.04 
164 2216.38 
165 2209.48 
166 2182.60 
167 2125.79 
168 2180.17 
169 2208.10 
170 2197.70 
171 2189.25 
172 2207.79 
173 2188.38 
174 2161.73 
175 2137.84 
176 2211.20 
177 2074.59 
178 2197.24 
179 2181.82 
180 2197.48 
181 2190.63 
182 2157.84 
183 2177.06 
184 2196.48 
185 2219.75 
186 2194.89 
187 2161.10 
188 2179.68 
189 2194.85 
190 2233.50 
191 2216.44 
192 2214.78 
193 2212.95 
194 2156.43 
195 2193.41 
196 2220.41 
197 2171.50 
198 2210.82 
199 2206.14 
200 2091.51 
201 2193.81 
202 2188.09 
203 2181.98 
204 2178.41 
205 2228.71 
206 2191.81 
207 2200.80 
208 2169.88 
209 2197.96 
210 2185.88 
211 2195.27 
212 2177.81 
213 2209.23 
214 2230.03 
215 2183.21 
216 2224.43 
217 2209.92 
218 2118.49 
219 2219.24 
220 2203.83 
221 2135.02 
222 2214.80 
223 2197.41 
224 2055.78 
225 2205.77 
226 2182.28 
227 2184.60 
228 2227.40 
229 2170.76 
230 2161.85 
231 2215.42 
232 2220.13 
233 2188.60 
234 2196.80 
235 2191.49 
236 2099.99 
237 2127.27 
238 2178.48 
239 2181.25 
240 2145.97 
241 2202.39 
242 2186.93 
243 2199.75 
244 2134.14 
245 1969.35 
246 2189.49 
247 2196.46 
248 2209.71 
249 2184.31 
250 2146.62 
251 2186.96 
252 2185.25 
253 2195.82 
254 2095.35 
255 2171.28 
256 2227.10 
257 2205.20 
258 2201.66 
259 2189.80 
260 2206.08 
261 2029.85 
262 2221.18 
263 2182.50 
264 2115.88 
265 2084.04 
266 2159.74 
267 2205.29 
268 2164.62 
269 2036.02 
270 2191.87 
271 2190.08 
272 2170.41 
273 2227.34 
274 2131.66 
275 2170.72 
276 2062.83 
277 2187.65 
278 2196.38 
279 2177.20 
280 2104.61 
281 2196.12 
282 2203.31 
283 2180.78 
284 2196.10 
285 2195.32 
286 2180.25 
287 2177.94 
288 2156.35 
289 2196.15 
290 2188.26 
291 2190.88 
292 2186.89 
293 2180.40 
294 2181.71 
295 2207.92 
296 2210.60 
297 2200.99 
298 2225.29 
299 2213.10 
300 2196.33 
301 2104.30 
302 2174.55 
303 2093.71 
304 2176.19 
305 2179.36 
306 2056.54 
307 2202.31 
308 2123.30 
309 2160.81 
310 2187.34 
311 2180.20 
312 2188.96 
313 2203.25 
314 2146.86 
315 2175.23 
316 2228.02 
317 2163.77 
318 2208.75 
319 2203.53 
320 2192.13 
321 2180.90 
322 2212.12 
323 2191.98 
324 2145.10 
325 2149.83 
326 2201.59 
327 2194.53 
328 2211.85 
329 2206.34 
330 2199.41 
331 2144.18 
332 2162.57 
333 2188.62 
334 2203.72 
335 2191.35 
336 2167.84 
337 2198.33 
338 2178.07 
339 2172.41 
340 2071.47 
341 2208.22 
342 2193.22 
343 2038.85 
344 2175.08 
345 2210.94 
346 2062.54 
347 2186.56 
348 2196.74 
349 2210.07 
350 2215.06 
351 2188.15 
352 2197.03 
353 2087.51 
354 2200.26 
355 2171.74 
356 2197.38 
357 2188.46 
358 2203.75 
359 2137.35 
360 2158.77 
361 2213.70 
362 2193.10 
363 2185.74 
364 2186.46 
365 2205.02 
366 2212.31 
367 2196.40 
368 2171.25 
369 2192.69 
370 2203.39 
371 2214.28 
372 2195.31 
373 2211.10 
374 2196.20 
375 2186.84 
376 2177.12 
377 2198.68 
378 2114.71 
379 2197.86 
380 2199.77 
381 2218.25 
382 2207.96 
383 2197.96 
384 2191.42 
385 2202.89 
386 2227.63 
387 2013.37 
388 2192.33 
389 2183.41 
390 2211.43 
391 2115.81 
392 2205.29 
393 2188.80 
394 2206.89 
395 2199.26 
396 2208.29 
397 2204.02 
398 2137.39 
399 2117.53 
400 2212.51 
401 2195.56 
402 2179.00 
403 2218.24 
404 2197.61 
405 2209.39 
406 2209.10 
407 2109.09 
408 2190.53 
409 2115.39 
410 2158.76 
411 2193.90 
412 2216.70 
413 2202.10 
414 2205.14 
415 2194.94 
416 2218.02 
417 2190.89 
418 2176.94 
419 2186.85 
420 2218.97 
421 2211.35 
422 2229.18 
423 2200.83 
424 2149.12 
425 2195.05 
426 2192.44 
427 2104.37 
428 2166.33 
429 2200.53 
430 2195.37 
431 2177.12 
432 2174.03 
433 2182.89 
434 2153.65 
435 2191.64 
436 2200.20 
437 2197.70 
438 2197.15 
439 2152.54 
440 2195.57 
441 2184.43 
442 2165.97 
443 2048.45 
444 2171.98 
445 2202.39 
446 2196.34 
447 2218.51 
448 2207.41 
449 2224.07 
450 2163.01 
451 2160.25 
452 2169.35 
453 2214.06 
454 2199.84 
455 2206.64 
456 2204.43 
457 2200.44 
458 2194.62 
459 2173.25 
460 2213.72 
461 2183.67 
462 2192.35 
463 2199.04 
464 2183.51 
465 2155.43 
466 2166.19 
467 2215.84 
468 2194.07 
469 2201.57 
470 2172.00 
471 2121.51 
472 2201.46 
473 2201.22 
474 2197.93 
475 2194.85 
476 1961.77 
477 2186.65 
478 2188.56 
479 2198.42 
480 2203.49 
481 2226.68 
482 2182.05 
483 2180.17 
484 2192.23 
485 2199.47 
486 2123.34 
487 2201.24 
488 2159.57 
489 2168.67 
490 2171.07 
491 2055.15 
492 2192.22 
493 2186.43 
494 2184.66 
495 2172.17 
496 2167.79 
497 2201.96 
498 2055.68 
499 2128.82 
500 2123.23 
501 2136.03 
502 2069.20 
503 2196.66 
504 2134.80 
505 2184.62 
506 2178.66 
507 2192.88 
508 2198.26 
509 2195.82 
510 2204.85 
511 2177.21 
512 2179.83 
513 2216.04 
514 2179.11 
515 2172.92 
516 2189.70 
517 2035.67 
518 2195.44 
519 2199.82 
520 2178.51 
521 2178.38 
522 2186.68 
523 2206.65 
524 2225.11 
525 2181.71 
526 2202.47 
527 2161.24 
528 2205.32 
529 2185.99 
530 2196.59 
531 2147.67 
532 2121.16 
533 2202.62 
534 2203.61 
535 2205.02 
536 2163.00 
537 2202.19 
538 2165.13 
539 2172.36 
540 2187.50 
541 2188.54 
542 2197.86 
543 2190.23 
544 2154.48 
545 2199.45 
546 2194.50 
547 2116.29 
548 2210.99 
549 2210.20 
550 2206.76 
551 2200.86 
552 2200.71 
553 2125.81 
554 2010.89 
555 2191.23 
556 2187.18 
557 2180.59 
558 2210.15 
559 2190.46 
560 2175.20 
561 2207.86 
562 2158.27 
563 2199.75 
564 2202.93 
565 2205.84 
566 2168.41 
567 2175.14 
568 2163.43 
569 2218.41 
570 2212.87 
571 2206.00 
572 2189.27 
573 2222.86 
574 2199.51 
575 2151.73 
576 2202.46 
577 2203.22 
578 2175.28 
579 2177.05 
580 2094.62 
581 2205.71 
582 2198.53 
583 2209.72 
584 2219.01 
585 2166.39 
586 2210.27 
587 2204.11 
588 2206.76 
589 2013.25 
590 2207.33 
591 2189.93 
592 2185.37 
593 2174.65 
594 2224.97 
595 2190.10 
596 2184.73 
597 2207.28 
598 2182.33 
599 2199.73 
600 2203.21 
601 2191.43 
602 2203.31 
603 2196.63 
604 2214.26 
605 2178.97 
606 2075.99 
607 2174.24 
608 2203.10 
609 2179.90 
610 2170.61 
611 2221.48 
612 2181.17 
613 2172.34 
614 2224.60 
615 2192.40 
616 2213.47 
617 2200.03 
618 2064.93 
619 2152.36 
620 2176.62 
621 2211.00 
622 2191.01 
623 2125.48 
624 2168.26 
625 2108.65 
626 2193.14 
627 2168.96 
628 2197.02 
629 2181.39 
630 2193.42 
631 2173.48 
632 2183.01 
633 2196.98 
634 2204.15 
635 2117.76 
636 2159.30 
637 2219.83 
638 2201.92 
639 2200.11 
640 2215.93 
641 2221.43 
642 2185.99 
643 2187.45 
644 2089.91 
645 2192.84 
646 2135.73 
647 2191.91 
648 2197.58 
649 2195.84 
650 2203.41 
651 2178.74 
652 2212.23 
653 2207.62 
654 2208.73 
655 2191.76 
656 2070.95 
657 2214.88 
658 2024.25 
659 2155.17 
660 2189.01 
661 2226.26 
662 2166.08 
663 2209.36 
664 2186.19 
665 2168.15 
666 2202.70 
667 2185.78 
668 2173.96 
669 2192.11 
670 1994.82 
671 2208.52 
672 2204.97 
673 2205.45 
674 2121.94 
675 2183.53 
676 2188.04 
677 2186.60 
678 2174.90 
679 2207.44 
680 2194.31 
681 2214.54 
682 2183.47 
683 2204.68 
684 2172.00 
685 2182.16 
686 2094.41 
687 2180.24 
688 2190.50 
689 2200.49 
690 2159.29 
691 2193.92 
692 2185.06 
693 2210.12 
694 2209.10 
695 2155.38 
696 2184.89 
697 2183.50 
698 2197.54 
699 2187.65 
700 2186.81 
701 2198.69 
702 2109.57 
703 2197.28 
704 2210.89 
705 2168.45 
706 2187.82 
707 2197.32 
708 2222.22 
709 2190.29 
710 2196.31 
711 2197.49 
712 2197.30 
713 2186.60 
714 2197.89 
715 2201.34 
716 2193.33 
717 2185.81 
718 2202.40 
719 2193.86 
720 2160.13 
721 2205.89 
722 2221.36 
723 2217.49 
724 2192.47 
725 2206.66 
726 2180.18 
727 2169.50 
728 2192.60 
729 2211.10 
730 2198.83 
731 2222.89 
732 2179.34 
733 2177.00 
734 2187.71 
735 2203.55 
736 2195.31 
737 2172.44 
738 2203.54 
739 2194.15 
740 2213.53 
741 2170.66 
742 2155.06 
743 2201.89 
744 2203.74 
745 2200.48 
746 2193.39 
747 2225.30 
748 2194.00 
749 2164.51 
750 2182.43 
751 2215.92 
752 2214.31 
753 2185.24 
754 2160.51 
755 2184.69 
756 2208.19 
757 2154.91 
758 2212.52 
759 2216.08 
760 2081.83 
761 2192.56 
762 2173.13 
763 2187.15 
764 2180.42 
765 2220.50 
766 2201.86 
767 2219.88 
768 2217.42 
769 2202.41 
770 2214.46 
771 2158.73 
772 2176.33 
773 2231.92 
774 2171.89 
775 2204.18 
776 2194.06 
777 2241.35 
778 2228.68 
779 2186.28 
780 2139.16 
781 2205.35 
782 2199.74 
783 2189.73 
784 2048.19 
785 2194.71 
786 2182.90 
787 2174.60 
788 2194.59 
789 2201.40 
790 2180.22 
791 2229.17 
792 2122.71 
793 2189.85 
794 2084.26 
795 2162.46 
796 2211.09 
797 2181.91 
798 2148.93 
799 2209.99 
800 2172.48 
801 2225.38 
802 2220.71 
803 2190.32 
804 2193.11 
805 2202.95 
806 2177.11 
807 2171.10 
808 2107.37 
809 2205.79 
810 2209.14 
811 2199.30 
812 2183.12 
813 2186.18 
814 2221.25 
815 2197.18 
816 2206.55 
817 2010.36 
818 2193.15 
819 2148.60 
820 2189.10 
821 2189.22 
822 2213.68 
823 2174.08 
824 2199.20 
825 2125.99 
826 2205.27 
827 2175.62 
828 2216.65 
829 2206.13 
830 2186.61 
831 2206.01 
832 2215.35 
833 2204.37 
834 2196.61 
835 2185.82 
836 2168.59 
837 2179.55 
838 2189.07 
839 2076.19 
840 2174.98 
841 2216.10 
842 2202.19 
843 2200.71 
844 2058.81 
845 2189.14 
846 2210.55 
847 2190.40 
848 2215.24 
849 2188.24 
850 2148.77 
851 2183.10 
852 2201.04 
853 2205.90 
854 2198.78 
855 2201.62 
856 2232.60 
857 2223.01 
858 2105.16 
859 2173.66 
860 2203.44 
861 2184.83 
862 2207.25 
863 2132.52 
864 2187.19 
865 2189.30 
866 2202.06 
867 2199.72 
868 2210.33 
869 2201.12 
870 2200.92 
871 2200.34 
872 2175.70 
873 2210.09 
874 2204.73 
875 2178.43 
876 2196.08 
877 2170.17 
878 2190.08 
879 2173.54 
880 2199.23 
881 2185.86 
882 2199.93 
883 2204.15 
884 2172.85 
885 2183.44 
886 2212.42 
887 2213.06 
888 2192.42 
889 2191.16 
890 2184.38 
891 2187.09 
892 2219.03 
893 2222.61 
894 2188.15 
895 2179.63 
896 2149.74 
897 2187.79 
898 2201.51 
899 2191.87 
900 2212.48 
901 2203.35 
902 2175.17 
903 2198.16 
904 2234.30 
905 2222.97 
906 2202.88 
907 2176.05 
908 2206.55 
909 2210.71 
910 2231.96 
911 2183.21 
912 2186.50 
913 1992.60 
914 2203.12 
915 2210.14 
916 2207.82 
917 2156.31 
918 2192.48 
919 2183.35 
920 2186.28 
921 2206.03 
922 2215.55 
923 2182.16 
924 2222.22 
925 2180.79 
926 2212.30 
927 2206.44 
928 2195.24 
929 2203.73 
930 2191.56 
931 2181.16 
932 2184.60 
933 2209.99 
934 2199.71 
935 2168.96 
936 2181.98 
937 2220.77 
938 2199.97 
939 2178.32 
940 2188.86 
941 2199.95 
942 2192.83 
943 2204.73 
944 2183.10 
945 2203.94 
946 2189.68 
947 2200.29 
948 2200.41 
949 2197.90 
950 2119.58 
951 2172.25 
952 2185.52 
953 2179.20 
954 2139.30 
955 2215.95 
956 2180.18 
957 2168.53 
958 2128.89 
959 2208.98 
960 2207.16 
961 2184.50 
962 2177.60 
963 2188.64 
964 2208.44 
965 2173.17 
966 2212.07 
967 2204.59 
968 2187.97 
969 2206.84 
970 2188.25 
971 2198.61 
972 2202.32 
973 2208.67 
974 2194.31 
975 2195.58 
976 2184.10 
977 2203.64 
978 2214.66 
979 2164.39 
980 2188.26 
981 2170.72 
982 2187.94 
983 2156.25 
984 2195.77 
985 2193.67 
986 2189.81 
987 2215.71 
988 2156.84 
989 2186.73 
990 2211.21 
991 2189.71 
992 2070.51 
993 2216.81 
994 2172.49 
995 2182.29 
996 2205.62 
997 2113.58 
998 2185.57 
999 2182.93 
1000 2199.81 
1001 2189.12 
1002 2196.62 
1003 2164.49 
1004 2190.52 
1005 2222.07 
1006 2187.38 
1007 2193.88 
1008 2245.02 
1009 2197.61 
1010 2212.77 
1011 2182.42 
1012 2169.21 
1013 2149.73 
1014 2214.06 
1015 2199.56 
1016 2179.61 
1017 2208.86 
1018 2189.51 
1019 2208.63 
1020 2188.18 
1021 2204.89 
1022 2190.13 
1023 2218.41 
1024 2209.57 
1025 2219.74 
1026 2203.49 
1027 2177.39 
1028 2204.40 
1029 2170.93 
1030 2207.80 
1031 2205.31 
1032 2186.59 
1033 2196.76 
1034 2171.83 
1035 2210.86 
1036 2210.42 
1037 2195.12 
1038 2211.02 
1039 2194.61 
1040 2178.73 
1041 2161.48 
1042 2164.92 
1043 2196.23 
1044 2206.46 
1045 2223.18 
1046 2170.07 
1047 2186.77 
1048 2101.72 
1049 2207.18 
1050 2211.25 
1051 2209.69 
1052 2205.40 
1053 2206.84 
1054 2155.15 
1055 2186.11 
1056 2204.56 
1057 2176.55 
1058 2206.09 
1059 2185.71 
1060 2206.05 
1061 2186.72 
1062 2223.58 
1063 2198.17 
1064 2192.59 
1065 2191.27 
1066 2188.53 
1067 2218.70 
1068 2136.08 
1069 2183.02 
1070 2171.56 
1071 2217.63 
1072 2194.42 
1073 2163.43 
1074 2175.14 
1075 2203.45 
1076 2198.75 
1077 2196.50 
1078 2189.65 
1079 2211.50 
1080 2199.11 
1081 2192.85 
1082 2177.08 
1083 2180.28 
1084 2211.54 
1085 2193.88 
1086 2200.80 
1087 2163.64 
1088 2208.23 
1089 2206.36 
1090 2103.14 
1091 2207.00 
1092 2171.02 
1093 2197.13 
1094 2168.98 
1095 2213.98 
1096 2181.74 
1097 2223.00 
1098 2200.68 
1099 2179.11 
1100 2203.70 
1101 2060.01 
1102 2199.10 
1103 2163.35 
1104 2197.06 
1105 2142.25 
1106 2217.25 
1107 2178.46 
1108 2211.82 
1109 2205.85 
1110 2200.44 
1111 2198.26 
1112 2152.05 
1113 2149.94 
1114 2205.20 
1115 2114.98 
1116 2202.50 
1117 2191.38 
1118 2185.64 
1119 2198.06 
1120 2212.76 
1121 2196.40 
1122 2215.49 
1123 2068.40 
1124 2195.61 
1125 2195.15 
1126 2183.36 
1127 2193.45 
1128 2194.48 
1129 2122.79 
1130 2191.01 
1131 2195.76 
1132 2180.66 
1133 2198.57 
1134 2166.23 
1135 2198.06 
1136 2189.53 
1137 2191.50 
1138 2196.11 
1139 2165.18 
1140 2195.70 
1141 2194.76 
1142 2182.32 
1143 2193.15 
1144 2192.52 
1145 2204.90 
1146 2201.57 
1147 2227.10 
1148 2190.58 
1149 2202.20 
1150 2207.50 
1151 2138.98 
1152 2186.72 
1153 2191.24 
1154 2200.57 
1155 2182.55 
1156 2199.10 
1157 2184.66 
1158 2194.37 
1159 2157.43 
1160 2198.68 
1161 2185.89 
1162 2197.54 
1163 2192.36 
1164 2200.49 
1165 2224.78 
1166 2194.50 
1167 2215.25 
1168 2107.42 
1169 2122.19 
1170 2122.86 
1171 2195.94 
1172 2190.85 
1173 2177.48 
1174 1934.45 
1175 2173.90 
1176 2170.29 
1177 2192.65 
1178 2202.28 
1179 2188.28 
1180 2177.66 
1181 2138.46 
1182 2188.92 
1183 2172.48 
1184 2180.77 
1185 2212.10 
1186 2200.13 
1187 2200.78 
1188 2214.17 
1189 2179.22 
1190 2223.72 
1191 2152.50 
1192 2193.75 
1193 2170.28 
1194 2206.79 
1195 2195.58 
1196 1898.73 
1197 2175.30 
1198 2199.52 
1199 2192.72 
1200 2130.18 
1201 2211.83 
1202 2186.61 
1203 2203.72 
1204 2131.18 
1205 2133.82 
1206 2197.81 
1207 2192.49 
1208 2141.64 
1209 2223.20 
1210 2187.00 
1211 2213.58 
1212 2190.00 
1213 2187.88 
1214 2180.15 
1215 2177.73 
1216 2179.98 
1217 2184.47 
1218 2190.53 
1219 2191.96 
1220 2209.16 
1221 2214.18 
1222 2181.87 
1223 2178.10 
1224 2185.26 
1225 2203.58 
1226 2200.16 
1227 2215.86 
1228 2180.58 
1229 2204.99 
1230 2211.47 
1231 2164.65 
1232 2189.41 
1233 2215.98 
1234 2206.84 
1235 2177.11 
1236 2202.36 
1237 2230.44 
1238 2201.61 
1239 2199.70 
1240 2183.15 
1241 2182.50 
1242 2180.45 
1243 2171.13 
1244 2175.92 
1245 2205.39 
1246 2199.31 
1247 2192.20 
1248 2178.48 
1249 2216.23 
1250 2217.32 
1251 2006.20 
1252 2206.82 
1253 2186.35 
1254 2151.86 
1255 2196.20 
1256 2208.59 
1257 2202.18 
1258 2212.84 
1259 2212.23 
1260 2184.72 
1261 2222.17 
1262 2188.63 
1263 2191.36 
1264 2204.03 
1265 2187.43 
1266 2209.10 
1267 2197.27 
1268 1999.67 
1269 2228.46 
1270 2113.71 
1271 2148.82 
1272 2190.11 
1273 2219.18 
1274 2204.57 
1275 2194.02 
1276 2199.33 
1277 2155.52 
1278 2187.76 
1279 2160.20 
1280 2212.35 
1281 2207.87 
1282 2091.95 
1283 2202.79 
1284 2189.86 
1285 2207.30 
1286 2210.25 
1287 2177.12 
1288 2182.63 
1289 2221.04 
1290 2185.32 
1291 2200.59 
1292 2195.26 
1293 2223.42 
1294 2199.35 
1295 2184.74 
1296 2216.71 
1297 2179.13 
1298 2170.47 
1299 2172.94 
1300 2167.39 
1301 2172.62 
1302 2186.23 
1303 2211.44 
1304 2203.53 
1305 2186.36 
1306 2209.13 
1307 2191.29 
1308 2186.10 
1309 2188.76 
1310 2191.75 
1311 2196.00 
1312 2205.50 
1313 2202.08 
1314 2202.20 
1315 2206.59 
1316 2204.18 
1317 2198.48 
1318 2199.78 
1319 2191.79 
1320 2177.97 
1321 2195.12 
1322 2206.64 
1323 2208.10 
1324 2188.44 
1325 2219.72 
1326 2198.01 
1327 2203.68 
1328 2214.27 
1329 2204.72 
1330 2194.64 
1331 2198.15 
1332 2207.67 
1333 2187.29 
1334 2189.24 
1335 2204.18 
1336 2203.79 
1337 2188.06 
1338 2183.40 
1339 2008.01 
1340 2196.67 
1341 2191.63 
1342 2098.74 
1343 2184.84 
1344 2153.66 
1345 2197.50 
1346 -556.90 
1347 2192.05 
1348 2198.68 
1349 2198.46 
1350 2153.32 
1351 2197.46 
1352 2202.53 
1353 2183.86 
1354 2206.13 
1355 2183.34 
1356 2191.20 
1357 2182.91 
1358 2159.49 
1359 2201.32 
1360 2205.97 
1361 2211.83 
1362 2044.35 
1363 2193.05 
1364 2148.97 
1365 2155.97 
1366 2095.36 
1367 2200.67 
1368 2190.53 
1369 2180.76 
1370 2194.51 
1371 2078.76 
1372 2215.23 
1373 2185.52 
1374 2210.83 
1375 2199.04 
1376 2193.89 
1377 2216.09 
1378 2178.96 
1379 2203.25 
1380 2173.86 
1381 2191.97 
1382 2211.69 
1383 2197.32 
1384 2166.04 
1385 2214.24 
1386 2168.75 
1387 2200.77 
1388 2192.02 
1389 2180.68 
1390 2198.00 
1391 2041.64 
1392 2185.80 
1393 2196.91 
1394 2187.70 
1395 2182.62 
1396 2216.75 
1397 2170.42 
1398 2190.07 
1399 2169.82 
1400 2184.00 
1401 2201.23 
1402 2187.08 
1403 2196.64 
1404 2176.48 
1405 2163.45 
1406 2200.68 
1407 2207.97 
1408 2172.03 
1409 2203.77 
1410 2194.21 
1411 2205.03 
1412 2210.02 
1413 2182.80 
1414 2184.62 
1415 2156.18 
1416 2210.14 
1417 2217.63 
1418 2184.29 
1419 2195.05 
1420 2203.99 
1421 2198.34 
1422 2197.56 
1423 2192.86 
1424 2180.53 
1425 2182.03 
1426 2215.87 
1427 2222.46 
1428 2200.19 
1429 2189.79 
1430 2203.06 
1431 2200.14 
1432 2202.13 
1433 2177.33 
1434 2201.32 
1435 2196.32 
1436 2196.18 
1437 2193.42 
1438 2173.00 
1439 2225.03 
1440 2189.81 
1441 2015.17 
1442 2182.96 
1443 2176.20 
1444 2174.42 
1445 2187.01 
1446 2194.85 
1447 2222.11 
1448 2197.64 
1449 2221.22 
1450 2177.21 
1451 2189.00 
1452 2188.48 
1453 2206.28 
1454 2195.25 
1455 2211.10 
1456 2199.80 
1457 2206.02 
1458 2199.58 
1459 2194.74 
1460 2187.75 
1461 2191.70 
1462 2162.41 
1463 2164.10 
1464 2197.71 
1465 2182.57 
1466 2214.03 
1467 2200.98 
1468 2188.83 
1469 2198.31 
1470 2179.66 
1471 2107.03 
1472 2150.68 
1473 2175.88 
1474 2194.25 
1475 2199.77 
1476 2172.56 
1477 2194.96 
1478 2183.90 
1479 2183.13 
1480 2162.50 
1481 2195.61 
1482 2190.95 
1483 2202.57 
1484 2189.61 
1485 2123.99 
1486 2195.03 
1487 2200.63 
1488 2191.16 
1489 2205.84 
1490 2178.08 
1491 2197.21 
1492 2212.11 
1493 2172.39 
1494 2091.89 
1495 2190.07 
1496 2195.23 
1497 2195.45 
1498 2182.90 
1499 2207.29 
1500 2205.69 
1501 2144.11 
1502 2220.90 
1503 2194.50 
1504 2195.94 
1505 2174.92 
1506 2171.85 
1507 2181.48 
1508 2145.40 
1509 2198.26 
1510 2209.82 
1511 2185.56 
1512 2221.36 
1513 2195.82 
1514 2212.39 
1515 2196.39 
1516 2161.05 
1517 2216.31 
1518 2182.84 
1519 2223.64 
1520 2180.86 
1521 2225.60 
1522 2184.29 
1523 2192.82 
1524 2179.08 
1525 2193.31 
1526 2182.07 
1527 2195.56 
1528 2171.09 
1529 2145.32 
1530 2203.48 
1531 2205.23 
1532 2204.74 
1533 2207.91 
1534 2175.21 
1535 2232.67 
1536 2088.77 
1537 2196.63 
1538 2170.78 
1539 2096.01 
1540 2167.43 
1541 2205.73 
1542 2203.16 
1543 2182.96 
1544 2177.26 
1545 2199.29 
1546 2177.04 
1547 2191.19 
1548 2178.81 
1549 2192.26 
1550 2190.52 
1551 2189.93 
1552 2195.57 
1553 2178.76 
1554 2188.32 
1555 2213.91 
1556 2203.42 
1557 2189.97 
1558 2185.82 
1559 2206.92 
1560 2192.69 
1561 2200.91 
1562 2218.63 
1563 2193.99 
1564 2183.62 
1565 2205.91 
1566 2169.72 
1567 2213.16 
1568 2190.93 
1569 2183.93 
1570 2219.43 
1571 2055.14 
1572 2120.74 
1573 2127.87 
1574 2208.04 
1575 2176.83 
1576 2178.70 
1577 2159.25 
1578 2194.77 
1579 2221.21 
1580 2198.09 
1581 2205.44 
1582 2170.31 
1583 2211.37 
1584 2185.17 
1585 2177.17 
1586 2197.52 
1587 2204.70 
1588 2189.29 
1589 2203.45 
1590 2243.77 
1591 2199.55 
1592 2199.77 
1593 2188.13 
1594 2025.22 
1595 2176.28 
1596 2203.87 
1597 2199.97 
1598 2213.55 
1599 2191.37 
1600 2199.89 
1601 2194.69 
1602 2123.20 
1603 2199.17 
1604 2052.81 
1605 2199.33 
1606 2078.04 
1607 2188.04 
1608 2186.04 
1609 2203.88 
1610 2172.07 
1611 2200.77 
1612 2193.28 
1613 2227.74 
1614 2211.66 
1615 2162.15 
1616 2218.52 
1617 2189.47 
1618 2091.68 
1619 2148.04 
1620 2185.15 
1621 2171.46 
1622 2169.87 
1623 2149.59 
1624 2211.46 
1625 2218.07 
1626 2163.52 
1627 2210.30 
1628 2090.40 
1629 2205.33 
1630 2195.86 
1631 2188.68 
1632 2187.00 
1633 2194.94 
1634 2198.70 
1635 2212.27 
1636 2220.09 
1637 2203.19 
1638 2233.00 
1639 2195.17 
1640 2048.88 
1641 2214.53 
1642 2101.01 
1643 2195.89 
1644 2213.50 
1645 2200.73 
1646 2193.29 
1647 2209.90 
1648 2198.46 
1649 2191.17 
1650 2196.54 
1651 2202.47 
1652 2200.05 
1653 2172.71 
1654 2159.26 
1655 2101.24 
1656 2189.31 
1657 2184.96 
1658 2218.11 
1659 2186.05 
1660 2199.32 
1661 2203.13 
1662 2186.44 
1663 2162.61 
1664 2199.91 
1665 2200.23 
1666 2184.55 
1667 2201.14 
1668 2179.15 
1669 2078.32 
1670 2181.13 
1671 2204.01 
1672 2200.10 
1673 2212.44 
1674 2143.33 
1675 2206.20 
1676 2178.18 
1677 2202.02 
1678 2155.68 
1679 2190.89 
1680 2204.50 
1681 2193.87 
1682 2197.59 
1683 2200.19 
1684 2204.52 
1685 2199.13 
1686 2213.86 
1687 2198.54 
1688 2184.99 
1689 2190.02 
1690 2198.35 
1691 2185.88 
1692 2195.58 
1693 2170.96 
1694 2193.81 
1695 2180.49 
1696 2182.29 
1697 2199.66 
1698 2203.41 
1699 2172.64 
1700 2207.41 
1701 2210.02 
1702 2208.26 
1703 2205.53 
1704 2197.45 
1705 2190.66 
1706 2205.56 
1707 2178.75 
1708 2196.95 
1709 2188.63 
1710 2194.71 
1711 2199.91 
1712 2168.72 
1713 2221.06 
1714 2196.52 
1715 2192.59 
1716 2187.48 
1717 2194.15 
1718 2197.27 
1719 2202.46 
1720 2132.95 
1721 2192.70 
1722 2195.58 
1723 2173.53 
1724 2184.25 
1725 2205.03 
1726 2168.23 
1727 2220.64 
1728 2136.38 
1729 2184.97 
1730 2169.97 
1731 2209.93 
1732 2204.41 
1733 2199.47 
1734 2203.38 
1735 2174.39 
1736 2204.24 
1737 2196.94 
1738 2182.50 
1739 2207.22 
1740 2191.90 
1741 2199.84 
1742 2186.45 
1743 2152.71 
1744 2163.09 
1745 2204.76 
1746 2179.24 
1747 2117.75 
1748 2195.48 
1749 2101.70 
1750 2183.74 
1751 2085.90 
1752 2209.94 
1753 2222.22 
1754 2195.09 
1755 2195.11 
1756 2195.82 
1757 2197.98 
1758 2185.45 
1759 2203.68 
1760 2221.91 
1761 2200.89 
1762 2213.69 
1763 2222.84 
1764 2205.53 
1765 2215.25 
1766 2193.04 
1767 2217.56 
1768 2202.46 
1769 2214.67 
1770 2204.39 
1771 2188.01 
1772 2183.30 
1773 2174.43 
1774 2227.89 
1775 2184.70 
1776 2198.82 
1777 2214.96 
1778 2201.73 
1779 2191.62 
1780 2210.12 
1781 2196.54 
1782 2199.68 
1783 2204.96 
1784 2187.86 
1785 2190.02 
1786 2171.31 
1787 2223.74 
1788 2206.58 
1789 2179.86 
1790 2192.14 
1791 2215.40 
1792 2206.75 
1793 2195.68 
1794 2188.23 
1795 2173.74 
1796 2212.63 
1797 2223.85 
1798 2195.27 
1799 2203.69 
1800 2176.78 
1801 2197.57 
1802 2180.98 
1803 2206.81 
1804 2160.15 
1805 2214.21 
1806 2202.56 
1807 2217.15 
1808 2172.42 
1809 2217.95 
1810 2209.20 
1811 2215.30 
1812 2120.26 
1813 2205.90 
1814 2205.36 
1815 2099.38 
1816 2182.83 
1817 2195.20 
1818 2167.16 
1819 2184.95 
1820 2205.07 
1821 2160.09 
1822 2213.49 
1823 2194.44 
1824 2160.57 
1825 2213.14 
1826 2206.30 
1827 2195.84 
1828 2199.66 
1829 2202.15 
1830 2198.58 
1831 2191.61 
1832 2172.95 
1833 2223.03 
1834 2181.01 
1835 2194.27 
1836 2181.31 
1837 2190.76 
1838 2197.59 
1839 2179.52 
1840 2188.67 
1841 2199.72 
1842 2195.40 
1843 2205.61 
1844 2180.78 
1845 2219.99 
1846 2205.14 
1847 2179.66 
1848 2208.68 
1849 2216.39 
1850 2189.80 
1851 2193.10 
1852 2191.66 
1853 2200.07 
1854 2201.50 
1855 2113.62 
1856 2214.93 
1857 2167.51 
1858 2188.14 
1859 2188.78 
1860 2225.25 
1861 2214.46 
1862 2203.63 
1863 2226.33 
1864 2182.69 
1865 2212.54 
1866 2170.78 
1867 2224.52 
1868 2191.62 
1869 2152.62 
1870 2190.06 
1871 2218.62 
1872 2195.94 
1873 2212.26 
1874 2228.19 
1875 2203.32 
1876 2179.13 
1877 2185.23 
1878 2214.71 
1879 2207.43 
1880 2194.17 
1881 2201.42 
1882 2040.50 
1883 2197.78 
1884 2200.91 
1885 2177.45 
1886 2211.65 
1887 2216.89 
1888 2214.37 
1889 2201.85 
1890 2200.51 
1891 2214.59 
1892 2212.82 
1893 2203.75 
1894 2169.45 
1895 2204.46 
1896 2211.52 
1897 2142.92 
1898 2106.76 
1899 2208.46 
1900 2124.53 
1901 2203.89 
1902 2212.71 
1903 2180.30 
1904 2173.92 
1905 2211.56 
1906 2199.67 
1907 2213.55 
1908 2171.03 
1909 2192.08 
1910 2206.13 
1911 2179.35 
1912 2157.69 
1913 2221.34 
1914 2186.08 
1915 2172.33 
1916 2080.58 
1917 2212.83 
1918 2230.70 
1919 2147.32 
1920 2210.52 
1921 2199.51 
1922 2189.83 
1923 2175.64 
1924 2201.63 
1925 2192.80 
1926 2179.41 
1927 2168.10 
1928 2192.63 
1929 2194.20 
1930 2172.15 
1931 2200.10 
1932 2032.17 
1933 2211.14 
1934 2203.98 
1935 2220.25 
1936 2211.52 
1937 2184.33 
1938 2202.14 
1939 2230.96 
1940 2193.70 
1941 2171.94 
1942 2206.27 
1943 2178.59 
1944 2210.47 
1945 2079.26 
1946 2220.16 
1947 2194.85 
1948 2166.15 
1949 2164.69 
1950 2174.46 
1951 2156.60 
1952 2208.70 
1953 2184.64 
1954 2205.92 
1955 2193.39 
1956 2198.48 
1957 2206.04 
1958 2046.17 
1959 2194.71 
1960 2209.03 
1961 2071.81 
1962 2046.76 
1963 2201.31 
1964 2210.67 
1965 2168.80 
1966 2181.73 
1967 2168.23 
1968 2172.33 
1969 2221.96 
1970 2186.44 
1971 2189.69 
1972 2215.51 
1973 2138.94 
1974 2225.21 
1975 2138.32 
1976 2205.72 
1977 2199.60 
1978 2204.67 
1979 2219.45 
1980 2205.18 
1981 2173.53 
1982 2206.73 
1983 2177.99 
1984 2204.87 
1985 2189.57 
1986 2216.97 
1987 2197.64 
1988 2177.42 
1989 2180.13 
1990 2165.37 
1991 2188.44 
1992 2212.44 
1993 2208.14 
1994 2196.53 
1995 2210.25 
1996 2192.15 
1997 2211.59 
1998 2223.22 
1999 2222.15 
2000 2200.68 
2001 2189.93 
2002 2208.78 
2003 2215.56 
2004 2208.72 
2005 2201.06 
2006 2172.19 
2007 2167.25 
2008 2200.43 
2009 2210.61 
2010 2212.09 
2011 2174.25 
2012 2081.14 
2013 2215.65 
2014 2184.32 
2015 2197.28 
2016 2208.22 
2017 2203.48 
2018 2185.14 
2019 2197.92 
2020 2201.88 
2021 2184.77 
2022 2159.17 
2023 2187.09 
2024 2179.56 
2025 2182.75 
2026 2203.60 
2027 2193.42 
2028 2226.63 
2029 2204.65 
2030 2216.38 
2031 2202.48 
2032 2169.29 
2033 2228.47 
2034 2207.31 
2035 2179.50 
2036 2212.00 
2037 2192.94 
2038 2201.04 
2039 2198.31 
2040 2206.58 
2041 2192.88 
2042 2211.91 
2043 2201.41 
2044 2183.91 
2045 2154.80 
2046 2198.16 
2047 2190.01 
2048 2095.30 
2049 2210.52 
2050 2231.96 
2051 2224.31 
2052 2137.30 
2053 2196.49 
2054 2183.90 
2055 2195.49 
2056 2207.40 
2057 2199.09 
2058 2179.92 
2059 2207.51 
2060 2170.74 
2061 2127.70 
2062 2089.39 
2063 2174.79 
2064 2160.33 
2065 2195.04 
2066 2185.41 
2067 2216.26 
2068 2175.83 
2069 2193.41 
2070 2185.25 
2071 2208.44 
2072 2173.11 
2073 2207.51 
2074 2198.94 
2075 2195.33 
2076 2179.55 
2077 2214.12 
2078 2062.93 
2079 2222.19 
2080 2192.36 
2081 2154.25 
2082 2195.43 
2083 2182.59 
2084 2127.07 
2085 2189.60 
2086 2227.78 
2087 2167.90 
2088 2203.87 
2089 2176.85 
2090 2175.48 
2091 2193.29 
2092 2185.88 
2093 2186.16 
2094 2199.31 
2095 2217.97 
2096 2196.58 
2097 2186.79 
2098 2222.82 
2099 2188.16 
2100 2210.67 
2101 2182.04 
2102 2208.54 
2103 2202.06 
2104 2135.24 
2105 2183.59 
2106 2200.06 
2107 2212.36 
2108 2194.40 
2109 2195.29 
2110 2205.04 
2111 2155.06 
2112 2185.51 
2113 2117.66 
2114 2205.26 
2115 2200.84 
2116 2169.60 
2117 2193.74 
2118 2219.56 
2119 2119.87 
2120 2179.22 
2121 2190.75 
2122 2210.17 
2123 2000.49 
2124 2194.15 
2125 2191.15 
2126 2190.18 
2127 2194.07 
2128 2198.62 
2129 2208.37 
2130 2205.06 
2131 2173.01 
2132 2223.68 
2133 2193.33 
2134 2228.03 
2135 2196.33 
2136 2206.24 
2137 2187.14 
2138 2092.25 
2139 2194.02 
2140 2184.66 
2141 2136.86 
2142 2167.85 
2143 2183.07 
2144 2195.72 
2145 2142.68 
2146 2184.43 
2147 2209.61 
2148 2188.82 
2149 2186.96 
2150 2218.25 
2151 2127.87 
2152 2201.82 
2153 2182.96 
2154 2206.98 
2155 2199.35 
2156 2201.32 
2157 2206.46 
2158 2193.24 
2159 2194.74 
2160 2209.85 
2161 2178.58 
2162 2216.11 
2163 2192.31 
2164 2232.71 
2165 2183.00 
2166 2117.67 
2167 2188.29 
2168 2193.19 
2169 2173.15 
2170 2198.35 
2171 2176.77 
2172 2200.20 
2173 2173.51 
2174 2203.76 
2175 2215.65 
2176 2199.52 
2177 2170.54 
2178 2195.71 
2179 2173.59 
2180 2202.12 
2181 2230.18 
2182 2222.56 
2183 2191.97 
2184 2181.59 
2185 2194.19 
2186 2188.73 
2187 2213.23 
2188 2185.56 
2189 2205.91 
2190 2201.58 
2191 2197.48 
2192 2187.52 
2193 2192.56 
2194 2209.54 
2195 2206.29 
2196 2211.49 
2197 2200.06 
2198 2172.74 
2199 2176.63 
2200 2174.87 
2201 2194.24 
2202 2189.78 
2203 2184.54 
2204 2191.77 
2205 2219.42 
2206 2231.94 
2207 2154.36 
2208 2195.65 
2209 2179.33 
2210 2126.51 
2211 2192.02 
2212 2184.50 
2213 2188.80 
2214 2191.05 
2215 2187.52 
2216 2194.05 
2217 2209.75 
2218 2202.45 
2219 2184.98 
2220 2182.87 
2221 2216.27 
2222 2205.62 
2223 2186.70 
2224 2210.86 
2225 2189.91 
2226 2190.75 
2227 2156.66 
2228 2169.46 
2229 2185.80 
2230 2195.25 
2231 2175.92 
2232 2173.96 
2233 2212.67 
2234 2188.29 
2235 2194.99 
2236 2190.10 
2237 2213.24 
2238 2193.32 
2239 2197.13 
2240 2182.46 
2241 2118.56 
2242 2189.53 
2243 2140.55 
2244 2206.18 
2245 2219.92 
2246 2195.14 
2247 2185.57 
2248 2129.51 
2249 2110.74 
2250 1989.16 
2251 2184.56 
2252 2021.38 
2253 2113.93 
2254 2138.19 
2255 2185.72 
2256 2196.57 
2257 2189.70 
2258 2194.77 
2259 2189.64 
2260 2189.25 
2261 2183.15 
2262 2176.07 
2263 2188.19 
2264 2210.64 
2265 2196.65 
2266 2171.06 
2267 2207.11 
2268 2196.16 
2269 2198.46 
2270 2190.05 
2271 2205.08 
2272 2165.06 
2273 2208.26 
2274 2174.14 
2275 2200.65 
2276 2192.85 
2277 2153.18 
2278 2212.84 
2279 2187.48 
2280 2210.07 
2281 2186.81 
2282 2223.82 
2283 2167.51 
2284 2196.77 
2285 2204.12 
2286 2193.23 
2287 2163.05 
2288 2198.77 
2289 2184.24 
2290 2212.02 
2291 2189.30 
2292 2188.29 
2293 2191.44 
2294 2194.38 
2295 2222.11 
2296 2193.19 
2297 2194.77 
2298 2206.24 
2299 2181.75 
2300 2203.28 
2301 2191.90 
2302 2189.77 
2303 2203.85 
2304 2226.89 
2305 2217.46 
2306 2209.92 
2307 2206.39 
2308 2220.81 
2309 2202.00 
2310 2181.18 
2311 2195.21 
2312 2181.07 
2313 2192.44 
2314 2220.24 
2315 2210.48 
2316 2037.59 
2317 2223.46 
2318 2193.82 
2319 2190.34 
2320 2200.77 
2321 2199.16 
2322 2223.96 
2323 2179.59 
2324 2211.38 
2325 2200.65 
2326 2177.17 
2327 2148.76 
2328 2205.94 
2329 2180.70 
2330 2194.35 
2331 2200.80 
2332 2198.14 
2333 2198.94 
2334 2208.91 
2335 2203.84 
2336 2190.13 
2337 2178.18 
2338 2210.63 
2339 2183.83 
2340 2198.27 
2341 2192.87 
2342 2219.42 
2343 2190.86 
2344 2190.48 
2345 2170.00 
2346 2220.75 
2347 2214.24 
2348 2185.00 
2349 2187.13 
2350 2213.47 
2351 2207.60 
2352 2178.26 
2353 2087.04 
2354 2194.14 
2355 2202.78 
2356 2210.24 
2357 2186.45 
2358 2135.51 
2359 2206.47 
2360 2185.90 
2361 2184.06 
2362 2220.02 
2363 2177.71 
2364 2186.24 
2365 2212.48 
2366 2205.38 
2367 2180.65 
2368 2188.18 
2369 2193.18 
2370 2211.43 
2371 2160.11 
2372 2194.03 
2373 2049.33 
2374 2204.21 
2375 2191.34 
2376 2220.59 
2377 2207.53 
2378 2214.60 
2379 2187.17 
2380 2078.61 
2381 2188.83 
2382 2169.03 
2383 2211.95 
2384 2211.83 
2385 2194.39 
2386 2205.10 
2387 2185.11 
2388 2204.16 
2389 2094.62 
2390 2181.37 
2391 2201.68 
2392 2204.91 
2393 2197.58 
2394 2187.02 
2395 2197.77 
2396 2211.12 
2397 2188.04 
2398 2180.17 
2399 2176.90 
2400 2180.66 
2401 2184.85 
2402 2170.38 
2403 2170.76 
2404 2212.20 
2405 2177.28 
2406 2186.51 
2407 2197.36 
2408 2194.13 
2409 2209.81 
2410 2213.93 
2411 2208.65 
2412 2204.55 
2413 2182.02 
2414 2208.79 
0 2214.35 
1 2219.39 
2 2210.21 
3 2204.79 
4 2180.77 
5 2184.93 
6 2207.23 
7 2177.14 
8 2201.43 
9 2195.32 
10 2201.69 
11 2203.54 
12 2198.58 
13 2152.35 
14 2211.55 
15 2183.69 
16 2221.75 
17 2145.44 
18 2198.24 
19 2094.95 
20 2199.10 
21 2191.43 
22 2199.25 
23 2199.20 
24 2154.03 
25 2202.38 
26 2197.83 
27 2193.63 
28 2178.63 
29 2207.72 
30 2202.23 
31 2204.21 
32 2177.12 
33 2151.45 
34 2114.07 
35 2184.37 
36 2187.55 
37 2213.50 
38 2212.53 
39 2186.30 
40 2173.92 
41 2186.00 
42 2199.01 
43 2089.33 
44 2155.98 
45 2183.51 
46 2189.83 
47 2195.31 
48 2205.32 
49 2177.01 
50 2182.51 
51 2215.45 
52 2211.67 
53 2195.30 
54 2193.08 
55 2193.96 
56 2174.46 
57 2203.25 
58 2178.54 
59 2186.08 
60 2168.80 
61 2190.34 
62 2211.78 
63 2211.23 
64 2145.15 
65 2202.63 
66 2198.25 
67 2177.57 
68 2188.31 
69 2177.08 
70 2167.29 
71 2184.30 
72 2170.33 
73 2188.51 
74 2220.28 
75 2214.43 
76 2210.51 
77 2178.60 
78 2188.23 
79 2202.16 
80 2087.49 
81 2178.38 
82 2189.77 
83 2040.57 
84 2168.89 
85 2195.55 
86 2206.39 
87 2215.43 
88 2122.99 
89 2162.65 
90 2202.25 
91 2178.63 
92 2172.49 
93 2201.66 
94 2224.06 
95 2218.78 
96 2177.02 
97 2182.90 
98 2183.31 
99 2164.75 
100 2173.22 
101 2167.94 
102 2149.49 
103 2214.58 
104 2203.95 
105 2115.95 
106 2171.10 
107 2198.54 
108 2201.19 
109 2207.67 
110 2210.14 
111 2202.78 
112 2189.46 
113 2185.75 
114 2209.49 
115 2204.64 
116 2199.71 
117 2210.18 
118 2200.41 
119 2217.07 
120 2210.64 
121 2192.91 
122 2134.97 
123 2221.30 
124 2121.68 
125 2211.82 
126 2187.37 
127 2119.89 
128 2161.35 
129 2179.54 
130 2194.06 
131 2192.37 
132 2197.56 
133 2185.48 
134 2213.63 
135 2207.27 
136 2189.82 
137 2201.34 
138 2191.55 
139 2207.69 
140 2207.42 
141 2186.21 
142 2194.73 
143 2193.73 
144 2202.89 
145 2164.48 
146 2003.64 
147 2208.77 
148 2156.57 
149 2208.31 
150 2182.98 
151 2189.91 
152 2207.14 
153 2187.64 
154 2184.36 
155 2180.04 
156 2202.00 
157 2193.04 
158 2170.53 
159 2224.03 
160 2177.16 
161 2183.67 
162 2178.81 
163 2190.30 
164 2194.59 
165 2207.98 
166 2196.92 
167 2201.78 
168 2214.46 
169 2206.11 
170 2207.65 
171 2177.23 
172 2212.51 
173 2211.96 
174 2204.20 
175 2212.53 
176 2197.17 
177 2203.47 
178 2211.72 
179 2212.12 
180 2172.43 
181 2188.07 
182 2200.76 
183 2178.00 
184 2063.63 
185 2205.87 
186 2207.60 
187 2211.21 
188 2193.01 
189 2194.64 
190 2209.34 
191 2188.68 
192 2210.38 
193 2196.53 
194 2209.29 
195 2216.65 
196 2234.01 
197 2197.07 
198 2126.08 
199 2146.18 
200 2200.20 
201 2204.20 
202 2196.29 
203 2197.28 
204 2187.93 
205 2215.95 
206 2186.82 
207 2176.21 
208 2186.27 
209 2179.19 
210 2137.98 
211 2169.50 
212 2185.47 
213 2181.84 
214 2191.33 
215 2130.47 
216 2196.97 
217 2187.90 
218 2187.14 
219 2211.90 
220 2180.24 
221 2201.91 
222 2205.34 
223 2202.87 
224 2211.80 
225 2175.69 
226 2201.97 
227 2219.61 
228 2186.72 
229 2155.12 
230 2144.26 
231 2189.57 
232 2184.46 
233 2153.11 
234 2102.29 
235 2178.06 
236 2205.31 
237 2149.83 
238 2185.17 
239 2170.74 
240 1945.85 
241 2213.94 
242 2181.11 
243 2197.91 
244 2195.05 
245 2206.96 
246 2189.03 
247 2195.17 
248 2209.19 
249 2212.28 
250 2184.96 
251 2185.43 
252 2189.01 
253 2215.62 
254 2199.01 
255 2188.24 
256 2186.06 
257 2202.84 
258 2201.44 
259 2212.44 
260 2171.69 
261 2199.90 
262 2204.77 
263 2181.24 
264 2217.79 
265 2187.50 
266 2206.64 
267 2187.78 
268 2206.17 
269 2051.70 
270 2189.44 
271 2178.04 
272 2035.75 
273 2214.98 
274 2165.37 
275 2210.59 
276 2166.25 
277 2216.36 
278 2201.43 
279 2182.05 
280 2200.68 
281 2200.47 
282 2194.69 
283 2189.86 
284 2195.60 
285 2200.87 
286 2216.53 
287 2193.40 
288 2197.06 
289 2178.67 
290 2203.50 
291 2202.71 
292 2203.29 
293 2198.58 
294 2185.68 
295 2203.17 
296 2188.23 
297 2201.18 
298 2176.90 
299 2179.26 
300 2190.34 
301 2179.60 
302 2185.33 
303 2205.68 
304 2049.56 
305 2144.38 
306 2210.32 
307 2172.43 
308 2072.65 
309 2189.57 
310 2186.14 
311 2198.99 
312 2183.70 
313 2195.32 
314 2220.22 
315 2215.13 
316 2201.89 
317 2195.46 
318 2185.69 
319 2187.28 
320 2231.12 
321 2193.51 
322 2179.02 
323 2200.50 
324 2164.03 
325 2209.05 
326 2177.44 
327 2210.06 
328 2190.42 
329 2177.07 
330 2177.39 
331 2200.45 
332 2147.77 
333 2195.39 
334 2210.24 
335 2212.57 
336 2127.73 
337 2198.42 
338 2179.46 
339 2214.69 
340 2197.94 
341 2191.24 
342 2160.99 
343 2199.51 
344 2193.19 
345 2200.38 
346 2222.30 
347 2199.06 
348 2191.24 
349 2193.82 
350 2159.81 
351 2184.61 
352 2146.78 
353 2202.09 
354 2196.52 
355 2198.40 
356 2177.96 
357 2203.55 
358 2224.91 
359 2207.73 
360 2190.10 
361 2184.19 
362 2212.44 
363 2097.27 
364 2158.98 
365 2203.94 
366 2185.24 
367 2215.64 
368 2198.59 
369 2194.44 
370 2215.98 
371 2196.97 
372 2185.40 
373 2181.41 
374 2190.14 
375 2215.22 
376 2181.24 
377 2189.69 
378 2195.65 
379 2206.25 
380 2187.99 
381 2211.75 
382 2211.15 
383 2178.06 
384 2208.81 
385 2191.31 
386 2199.23 
387 2191.17 
388 2197.54 
389 2215.03 
390 2123.32 
391 2197.82 
392 2188.56 
393 2199.09 
394 2203.48 
395 2203.53 
396 2154.61 
397 2202.96 
398 2220.36 
399 2214.46 
400 2098.39 
401 2185.07 
402 2199.26 
403 2195.09 
404 2080.56 
405 2213.55 
406 2213.75 
407 2191.86 
408 2214.78 
409 2177.85 
410 2207.41 
411 2164.13 
412 2187.06 
413 2185.83 
414 2164.94 
415 2211.52 
416 2187.49 
417 2201.00 
418 2200.71 
419 2196.69 
420 2186.94 
421 2110.08 
422 2179.71 
423 2169.12 
424 2198.48 
425 2167.98 
426 2213.29 
427 2217.87 
428 2180.45 
429 2186.86 
430 2195.00 
431 2170.38 
432 2190.00 
433 2169.38 
434 2163.97 
435 2160.47 
436 2172.75 
437 2187.95 
438 2178.61 
439 2209.36 
440 2190.22 
441 2202.00 
442 2211.18 
443 2214.62 
444 2190.85 
445 2186.91 
446 2196.88 
447 2187.32 
448 2198.44 
449 2199.75 
450 2199.88 
451 2184.59 
452 2217.51 
453 2215.99 
454 2188.01 
455 2184.35 
456 2189.73 
457 2208.95 
458 2191.70 
459 2206.13 
460 2212.50 
461 2180.33 
462 2190.52 
463 2224.93 
464 2220.96 
465 2172.58 
466 2214.97 
467 2187.07 
468 2216.55 
469 2169.59 
470 2214.22 
471 2177.06 
472 2164.02 
473 2205.97 
474 2194.30 
475 2197.09 
476 2215.96 
477 2205.30 
478 2195.39 
479 2198.40 
480 2191.52 
481 2200.54 
482 2093.89 
483 2195.06 
484 2199.37 
485 2215.54 
486 2201.43 
487 2214.95 
488 2193.10 
489 2169.41 
490 2211.41 
491 2219.68 
492 2198.38 
493 2199.46 
494 2177.07 
495 2138.32 
496 2191.17 
497 2197.64 
498 2197.09 
499 2191.20 
500 2189.63 
501 2201.38 
502 2224.58 
503 2199.63 
504 2192.86 
505 2199.84 
506 2176.88 
507 2184.87 
508 2216.35 
509 2191.32 
510 2202.28 
511 2188.54 
512 2207.48 
513 2176.82 
514 2226.48 
515 2205.54 
516 2189.96 
517 2195.59 
518 2146.71 
519 2162.76 
520 2197.28 
521 2177.48 
522 2213.15 
523 2198.83 
524 2208.51 
525 2207.25 
526 2208.10 
527 2218.82 
528 2205.71 
529 2200.33 
530 2167.89 
531 2210.83 
532 2175.56 
533 2208.11 
534 2205.81 
535 2216.87 
536 2185.73 
537 2200.67 
538 2198.71 
539 2192.85 
540 2161.69 
541 2215.44 
542 2227.23 
543 2174.63 
544 2101.61 
545 2208.05 
546 2176.57 
547 2188.88 
548 2205.25 
549 2179.73 
550 2209.12 
551 2181.36 
552 2089.83 
553 2218.31 
554 2179.85 
555 2175.41 
556 2216.47 
557 2215.95 
558 2189.39 
559 2176.26 
560 2209.04 
561 2186.17 
562 2202.97 
563 2213.94 
564 2194.07 
565 2204.77 
566 2203.36 
567 2202.28 
568 2192.41 
569 2221.84 
570 2131.43 
571 2199.47 
572 2175.37 
573 2223.83 
574 2216.03 
575 2197.40 
576 2201.43 
577 2201.78 
578 2201.56 
579 2194.17 
580 2053.26 
581 2160.28 
582 2191.69 
583 2203.46 
584 2173.32 
585 2197.30 
586 2202.85 
587 2182.10 
588 2170.37 
589 2190.74 
590 2237.38 
591 2183.04 
592 2196.63 
593 2226.43 
594 2181.21 
595 2180.84 
596 2170.63 
597 2176.52 
598 2185.77 
599 2117.85 
600 2187.20 
601 2158.31 
602 2180.83 
603 2190.77 
604 2191.70 
605 2154.97 
606 2182.96 
607 2203.03 
608 2080.90 
609 2184.03 
610 2182.57 
611 2191.08 
612 2197.18 
613 2198.94 
614 2186.76 
615 2196.30 
616 2200.82 
617 2145.97 
618 2182.08 
619 2151.14 
620 2208.81 
621 2183.94 
622 2195.85 
623 2197.46 
624 2192.05 
625 2223.36 
626 2196.26 
627 2184.16 
628 2163.56 
629 2145.59 
630 2179.83 
631 2210.93 
632 2197.83 
633 2203.96 
634 2185.40 
635 2171.92 
636 2179.17 
637 2200.22 
638 2189.08 
639 2139.62 
640 2208.56 
641 2153.01 
642 2185.72 
643 2186.19 
644 2178.63 
645 2215.67 
646 2176.13 
647 2192.42 
648 2172.25 
649 2190.71 
650 2193.35 
651 2166.81 
652 2197.25 
653 2190.23 
654 2185.61 
655 2225.50 
656 2196.51 
657 2153.77 
658 2220.03 
659 2209.53 
660 2186.00 
661 2191.81 
662 2194.07 
663 2208.82 
664 2207.96 
665 2223.66 
666 2123.51 
667 2195.41 
668 2194.03 
669 2166.94 
670 2199.11 
671 2188.83 
672 2206.81 
673 2208.76 
674 2187.34 
675 2147.44 
676 2174.31 
677 2191.41 
678 2174.73 
679 2195.26 
680 2105.66 
681 2185.75 
682 2203.90 
683 2206.70 
684 2191.05 
685 2168.86 
686 2211.75 
687 2217.26 
688 2173.95 
689 2198.98 
690 2175.27 
691 2065.38 
692 2069.49 
693 2202.52 
694 2229.50 
695 2193.38 
696 2188.68 
697 2211.48 
698 2202.60 
699 2170.33 
700 2178.20 
701 2198.89 
702 2144.12 
703 2186.12 
704 2172.96 
705 2191.99 
706 2207.40 
707 2185.52 
708 2186.10 
709 2186.97 
710 2192.95 
711 2186.72 
712 2193.29 
713 2209.43 
714 2183.88 
715 2192.41 
716 2210.48 
717 2212.97 
718 2221.49 
719 2219.58 
720 2161.38 
721 2186.77 
722 2179.40 
723 2206.38 
724 2074.99 
725 2193.34 
726 2193.16 
727 2192.48 
728 2173.18 
729 2193.80 
730 2145.53 
731 2190.37 
732 2184.96 
733 1937.98 
734 2203.74 
735 2198.12 
736 2188.16 
737 2176.43 
738 2207.93 
739 2189.68 
740 2190.62 
741 2215.06 
742 2061.23 
743 2174.20 
744 2198.90 
745 2184.64 
746 2216.08 
747 2202.45 
748 2182.75 
749 2196.62 
750 2187.43 
751 2189.26 
752 2179.58 
753 2190.84 
754 2104.04 
755 2194.21 
756 2190.18 
757 2204.35 
758 2190.39 
759 2181.09 
760 2192.02 
761 2202.18 
762 2182.36 
763 2185.90 
764 2192.73 
765 2210.75 
766 1956.63 
767 2200.81 
768 2178.95 
769 2104.94 
770 2217.47 
771 2138.87 
772 2205.78 
773 2207.08 
774 2201.36 
775 2214.09 
776 2206.81 
777 2184.94 
778 2194.86 
779 2186.06 
780 2199.95 
781 2159.42 
782 2217.26 
783 2216.03 
784 2209.79 
785 2143.37 
786 2181.98 
787 2127.28 
788 2199.52 
789 2199.52 
790 2183.32 
791 2163.50 
792 2202.70 
793 2234.21 
794 2194.83 
795 2194.38 
796 2199.38 
797 2216.80 
798 2194.46 
799 2139.85 
800 2172.33 
801 2125.45 
802 2197.42 
803 2203.06 
804 2198.59 
805 2197.14 
806 2186.80 
807 2197.42 
808 2182.77 
809 2187.27 
810 2199.13 
811 2184.03 
812 2051.89 
813 2183.77 
814 2181.27 
815 2184.36 
816 2216.40 
817 2208.98 
818 2219.75 
819 2195.29 
820 2180.26 
821 2221.02 
822 2191.79 
823 2180.84 
824 2098.66 
825 2188.37 
826 2196.65 
827 2173.52 
828 2213.89 
829 2204.10 
830 2157.20 
831 2192.16 
832 2181.23 
833 2211.33 
834 2145.28 
835 2217.70 
836 2177.60 
837 2189.89 
838 2206.63 
839 2180.07 
840 2183.77 
841 2189.37 
842 2200.54 
843 2202.16 
844 2109.70 
845 2200.45 
846 2010.16 
847 2218.19 
848 2207.04 
849 2197.12 
850 2211.62 
851 2206.89 
852 2198.96 
853 2188.97 
854 2190.38 
855 2186.21 
856 2197.78 
857 2080.31 
858 2192.54 
859 2230.95 
860 2197.19 
861 2207.80 
862 2202.05 
863 2203.39 
864 2206.06 
865 2206.18 
866 2218.46 
867 2183.80 
868 2175.18 
869 2189.55 
870 2207.12 
871 2207.18 
872 2171.64 
873 2185.96 
874 2194.65 
875 2228.57 
876 2194.75 
877 2203.88 
878 2221.86 
879 2183.87 
880 2183.54 
881 2208.24 
882 2075.66 
883 2183.08 
884 2186.51 
885 2201.68 
886 2167.96 
887 2211.78 
888 2179.40 
889 2216.53 
890 2191.08 
891 2193.88 
892 2182.82 
893 2195.17 
894 2201.87 
895 2206.14 
896 2211.66 
897 2204.10 
898 2172.76 
899 2203.15 
900 2185.22 
901 2213.64 
902 2072.00 
903 2177.73 
904 2162.42 
905 2200.75 
906 2202.14 
907 2186.71 
908 2203.22 
909 2174.67 
910 2215.33 
911 2226.61 
912 2160.53 
913 2186.44 
914 2201.27 
915 2182.85 
916 2166.51 
917 2185.50 
918 2182.53 
919 2202.66 
920 2188.42 
921 2201.05 
922 2201.36 
923 2209.50 
924 2192.19 
925 2199.49 
926 2205.01 
927 2210.60 
928 2186.94 
929 2204.01 
930 2082.28 
931 2168.60 
932 2198.63 
933 2161.32 
934 2187.77 
935 2156.38 
936 2215.70 
937 2212.71 
938 2186.37 
939 2192.76 
940 2212.80 
941 2166.73 
942 2191.04 
943 2197.57 
944 2187.97 
945 2181.56 
946 2195.64 
947 2191.38 
948 2211.52 
949 2213.83 
950 2190.92 
951 2210.01 
952 2144.66 
953 2216.24 
954 2202.70 
955 2202.43 
956 2185.68 
957 2197.39 
958 2204.75 
959 2214.83 
960 2209.16 
961 2214.11 
962 2194.72 
963 2082.47 
964 2129.90 
965 2180.83 
966 2208.17 
967 2208.06 
968 2179.28 
969 2180.98 
970 2177.44 
971 2230.71 
972 2176.98 
973 2199.57 
974 2205.49 
975 2198.62 
976 2189.93 
977 2177.74 
978 2202.73 
979 2195.29 
980 2167.62 
981 2201.98 
982 2202.13 
983 2202.66 
984 2166.70 
985 2198.66 
986 2206.94 
987 2197.51 
988 2152.32 
989 2193.16 
990 2198.25 
991 2180.87 
992 2195.47 
993 2212.71 
994 2184.89 
995 2177.47 
996 2189.73 
997 2198.02 
998 2219.13 
999 2210.07 
1000 2189.03 
1001 2166.58 
1002 2201.66 
1003 2216.29 
1004 2212.33 
1005 2167.99 
1006 2178.90 
1007 2189.33 
1008 2190.43 
1009 2193.74 
1010 2177.75 
1011 2204.74 
1012 2189.93 
1013 2219.23 
1014 2189.97 
1015 2172.67 
1016 2208.77 
1017 2179.08 
1018 2190.11 
1019 2169.89 
1020 2182.00 
1021 2211.17 
1022 2184.89 
1023 2192.08 
1024 2188.38 
1025 2193.75 
1026 2191.55 
1027 2184.20 
1028 2200.87 
1029 2209.32 
1030 2203.71 
1031 2197.25 
1032 2128.46 
1033 2116.66 
1034 2182.25 
1035 2194.67 
1036 2195.11 
1037 2173.84 
1038 2213.37 
1039 2235.44 
1040 2219.66 
1041 2178.19 
1042 2194.74 
1043 2205.65 
1044 2187.65 
1045 2198.52 
1046 2169.38 
1047 2128.49 
1048 2206.48 
1049 2193.19 
1050 2173.46 
1051 2176.60 
1052 2074.25 
1053 2214.74 
1054 2196.05 
1055 2171.16 
1056 2197.38 
1057 2144.18 
1058 2181.82 
1059 2203.83 
1060 2201.21 
1061 2192.51 
1062 2232.48 
1063 2146.39 
1064 2176.58 
1065 2156.63 
1066 2072.03 
1067 2172.38 
1068 2214.51 
1069 2190.00 
1070 2184.00 
1071 2192.00 
1072 2183.03 
1073 2202.85 
1074 1983.53 
1075 2173.28 
1076 2185.72 
1077 2223.73 
1078 2205.46 
1079 2198.39 
1080 2162.99 
1081 2185.52 
1082 2201.46 
1083 2187.01 
1084 2215.69 
1085 2207.78 
1086 2184.32 
1087 2227.12 
1088 2175.98 
1089 2191.91 
1090 2217.37 
1091 2189.63 
1092 2204.99 
1093 2199.63 
1094 2184.07 
1095 2213.86 
1096 2194.08 
1097 2197.27 
1098 2122.28 
1099 2178.17 
1100 2196.15 
1101 2204.45 
1102 2208.74 
1103 2195.56 
1104 2187.17 
1105 2188.65 
1106 2207.06 
1107 2188.70 
1108 2197.55 
1109 2206.65 
1110 2178.07 
1111 2182.97 
1112 2213.21 
1113 2176.66 
1114 2214.23 
1115 2219.08 
1116 2163.17 
1117 2140.35 
1118 2065.17 
1119 2220.48 
1120 2193.93 
1121 1960.26 
1122 2152.42 
1123 2201.05 
1124 2201.74 
1125 2184.51 
1126 2218.88 
1127 2102.25 
1128 2178.78 
1129 2206.86 
1130 2209.04 
1131 2176.22 
1132 2170.24 
1133 2203.64 
1134 2194.21 
1135 2174.98 
1136 2177.97 
1137 2104.04 
1138 2185.89 
1139 2217.51 
1140 2184.62 
1141 2213.36 
1142 2217.48 
1143 2198.18 
1144 2214.05 
1145 2204.26 
1146 2175.64 
1147 2228.50 
1148 2204.51 
1149 2201.95 
1150 2190.13 
1151 2180.93 
1152 2179.36 
1153 2219.08 
1154 2204.75 
1155 2198.78 
1156 2200.00 
1157 2211.67 
1158 2153.78 
1159 2187.95 
1160 2162.58 
1161 2180.90 
1162 2203.97 
1163 2211.82 
1164 2223.41 
1165 2147.54 
1166 2198.53 
1167 2150.01 
1168 2217.13 
1169 2197.59 
1170 2193.89 
1171 2211.89 
1172 2206.91 
1173 2216.02 
1174 2201.33 
1175 2198.81 
1176 2182.96 
1177 2199.95 
1178 2189.38 
1179 2178.49 
1180 2198.11 
1181 2203.71 
1182 2194.37 
1183 2188.05 
1184 2207.17 
1185 2182.86 
1186 2199.44 
1187 2182.23 
1188 2183.32 
1189 2198.80 
1190 2209.21 
1191 2209.32 
1192 2212.97 
1193 2191.86 
1194 2214.43 
1195 2214.67 
1196 2167.33 
1197 2042.11 
1198 2187.08 
1199 2186.55 
1200 2194.45 
1201 2184.33 
1202 2184.24 
1203 2186.08 
1204 2197.21 
1205 2207.51 
1206 2202.36 
1207 2185.12 
1208 2200.67 
1209 2212.54 
1210 2202.78 
1211 2198.20 
1212 2188.76 
1213 2214.93 
1214 2162.01 
1215 2174.21 
1216 2222.54 
1217 2204.76 
1218 2202.42 
1219 2144.37 
1220 2192.04 
1221 2175.89 
1222 2205.02 
1223 2083.07 
1224 2202.85 
1225 2174.97 
1226 2152.99 
1227 2199.83 
1228 2198.89 
1229 2207.22 
1230 2006.83 
1231 2206.76 
1232 2207.84 
1233 2167.89 
1234 2224.40 
1235 2193.97 
1236 2222.28 
1237 2202.28 
1238 2203.79 
1239 2064.24 
1240 2138.34 
1241 2187.66 
1242 2209.06 
1243 2176.19 
1244 2183.83 
1245 2191.27 
1246 2187.48 
1247 2207.69 
1248 2204.86 
1249 2211.41 
1250 2200.13 
1251 2191.36 
1252 2049.58 
1253 2218.75 
1254 2062.21 
1255 2202.91 
1256 2210.60 
1257 2194.81 
1258 2208.39 
1259 2179.26 
1260 2210.71 
1261 2194.85 
1262 2186.55 
1263 2212.05 
1264 2174.78 
1265 2217.88 
1266 2186.39 
1267 2201.89 
1268 2188.02 
1269 2207.81 
1270 2184.11 
1271 2218.02 
1272 2191.50 
1273 2207.26 
1274 2223.71 
1275 2124.93 
1276 2202.77 
1277 2216.74 
1278 2197.85 
1279 2200.87 
1280 2197.69 
1281 2225.95 
1282 2138.68 
1283 2159.28 
1284 2201.63 
1285 2183.34 
1286 2192.33 
1287 2201.56 
1288 2203.23 
1289 2210.14 
1290 2214.37 
1291 2173.78 
1292 2194.41 
1293 2212.82 
1294 2034.57 
1295 2178.58 
1296 2208.20 
1297 2206.61 
1298 2209.43 
1299 2194.80 
1300 2186.68 
1301 2216.83 
1302 2207.55 
1303 2210.92 
1304 2207.66 
1305 2206.60 
1306 2176.95 
1307 2109.55 
1308 2189.58 
1309 2178.94 
1310 2229.14 
1311 2180.35 
1312 2199.27 
1313 2201.70 
1314 2218.02 
1315 2202.08 
1316 2214.14 
1317 2156.26 
1318 2197.41 
1319 2175.46 
1320 2184.13 
1321 2229.91 
1322 2230.85 
1323 2164.18 
1324 2090.47 
1325 2203.46 
1326 2206.61 
1327 2210.01 
1328 2187.34 
1329 2204.01 
1330 2116.06 
1331 2200.39 
1332 2171.30 
1333 2199.12 
1334 2204.79 
1335 2203.65 
1336 2212.78 
1337 2175.88 
1338 2195.39 
1339 2029.46 
1340 2169.21 
1341 2148.04 
1342 2181.49 
1343 2206.46 
1344 2191.63 
1345 2195.34 
1346 2212.43 
1347 2129.32 
1348 2191.17 
1349 2197.24 
1350 2197.34 
1351 2194.71 
1352 2054.74 
1353 2206.78 
1354 2201.29 
1355 2229.71 
1356 2001.49 
1357 2169.82 
1358 2178.77 
1359 2190.50 
1360 2193.98 
1361 2211.47 
1362 2222.39 
1363 2202.11 
1364 2198.51 
1365 2186.88 
1366 2192.33 
1367 2202.43 
1368 2195.12 
1369 2205.07 
1370 2219.19 
1371 2165.50 
1372 2209.22 
1373 2195.89 
1374 2146.81 
1375 2111.31 
1376 2203.25 
1377 2186.21 
1378 2213.71 
1379 2178.60 
1380 2198.46 
1381 2190.91 
1382 2197.45 
1383 2166.80 
1384 2200.81 
1385 2194.91 
1386 2218.21 
1387 2167.27 
1388 2192.73 
1389 2180.75 
1390 2180.88 
1391 2190.44 
1392 2213.50 
1393 2190.91 
1394 2189.27 
1395 2195.59 
1396 2183.90 
1397 2184.57 
1398 2192.55 
1399 2192.68 
1400 2165.70 
1401 2200.35 
1402 2215.77 
1403 2187.88 
1404 2165.83 
1405 2221.13 
1406 2202.25 
1407 2204.47 
1408 2211.34 
1409 2192.76 
1410 2175.05 
1411 2210.25 
1412 2179.35 
1413 2194.05 
1414 2205.66 
1415 2195.66 
1416 2229.37 
1417 2214.63 
1418 2193.63 
1419 2189.97 
1420 2200.63 
1421 2199.98 
1422 2199.78 
1423 2178.01 
1424 2192.24 
1425 2184.86 
1426 2182.77 
1427 2175.16 
1428 2220.23 
1429 2191.93 
1430 2099.68 
1431 2202.32 
1432 2182.71 
1433 2164.13 
1434 2197.37 
1435 2202.65 
1436 2203.02 
1437 2163.97 
1438 2199.30 
1439 2216.46 
1440 2177.32 
1441 2183.18 
1442 2191.13 
1443 2155.01 
1444 2191.29 
1445 2198.50 
1446 2189.35 
1447 2213.69 
1448 2186.29 
1449 2185.47 
1450 2187.49 
1451 2194.41 
1452 2196.59 
1453 2210.92 
1454 2166.77 
1455 2215.70 
1456 2221.01 
1457 2200.45 
1458 2202.27 
1459 2188.85 
1460 2174.47 
1461 2161.23 
1462 1954.41 
1463 2189.76 
1464 2215.82 
1465 2193.49 
1466 2207.32 
1467 2169.77 
1468 2177.44 
1469 2196.50 
1470 2191.84 
1471 2177.67 
1472 2193.26 
1473 2197.88 
1474 2217.00 
1475 2196.75 
1476 2217.33 
1477 2206.05 
1478 2098.42 
1479 2228.10 
1480 2192.54 
1481 2211.14 
1482 2147.68 
1483 2219.31 
1484 2209.56 
1485 2179.52 
1486 2209.00 
1487 2177.63 
1488 2193.82 
1489 2203.65 
1490 2192.29 
1491 2182.94 
1492 2169.56 
1493 2202.43 
1494 2203.30 
1495 2215.11 
1496 2212.26 
1497 2192.84 
1498 2184.27 
1499 2219.88 
1500 2207.13 
1501 2215.30 
1502 2179.18 
1503 2209.68 
1504 2210.18 
1505 2208.04 
1506 2218.58 
1507 2203.33 
1508 2196.25 
1509 2197.38 
1510 2210.34 
1511 2220.47 
1512 2199.03 
1513 2191.52 
1514 2212.80 
1515 2189.71 
1516 2174.82 
1517 2180.60 
1518 2197.47 
1519 2180.12 
1520 2186.65 
1521 2176.66 
1522 2199.74 
1523 2200.56 
1524 2177.23 
1525 2198.55 
1526 2184.30 
1527 2191.22 
1528 2192.75 
1529 2206.80 
1530 2181.07 
1531 2180.95 
1532 2201.45 
1533 2177.95 
1534 2193.58 
1535 2183.01 
1536 2192.66 
1537 2212.34 
1538 2194.83 
1539 2206.72 
1540 2187.04 
1541 2195.22 
1542 2198.82 
1543 2188.08 
1544 2188.72 
1545 2198.62 
1546 2164.02 
1547 2190.70 
1548 2221.19 
1549 2189.52 
1550 2201.57 
1551 2181.00 
1552 2188.52 
1553 2201.69 
1554 2201.43 
1555 2166.96 
1556 2169.11 
1557 2184.59 
1558 2202.89 
1559 2188.05 
1560 2193.44 
1561 2180.76 
1562 2186.66 
1563 2213.67 
1564 2209.22 
1565 2211.50 
1566 2214.88 
1567 2205.62 
1568 2209.95 
1569 2205.33 
1570 2188.17 
1571 2201.44 
1572 2193.65 
1573 2177.08 
1574 2176.91 
1575 2213.87 
1576 2165.49 
1577 2176.62 
1578 2195.40 
1579 2217.16 
1580 2196.32 
1581 2208.67 
1582 2211.61 
1583 2216.27 
1584 2220.24 
1585 2169.41 
1586 2168.06 
1587 2193.85 
1588 2121.49 
1589 2220.14 
1590 2201.94 
1591 2218.53 
1592 2216.01 
1593 2175.15 
1594 2184.90 
1595 2186.57 
1596 2141.53 
1597 2185.66 
1598 2203.35 
1599 2182.39 
1600 2199.65 
1601 2185.72 
1602 2188.19 
1603 2211.61 
1604 2196.83 
1605 2229.78 
1606 2192.71 
1607 2163.44 
1608 2174.72 
1609 2203.61 
1610 2181.93 
1611 2193.44 
1612 2203.40 
1613 2196.09 
1614 2181.61 
1615 2182.72 
1616 2192.19 
1617 2180.29 
1618 2154.98 
1619 2199.49 
1620 2215.65 
1621 2196.06 
1622 2201.24 
1623 2223.83 
1624 2162.52 
1625 2187.26 
1626 2200.56 
1627 2192.46 
1628 2126.17 
1629 2188.49 
1630 2206.93 
1631 2189.95 
1632 2195.30 
1633 2197.80 
1634 2166.03 
1635 2187.25 
1636 2193.35 
1637 2191.70 
1638 2191.86 
1639 2188.45 
1640 2205.81 
1641 2203.60 
1642 2219.69 
1643 2187.38 
1644 2205.29 
1645 2200.60 
1646 2195.79 
1647 2189.94 
1648 2199.80 
1649 2171.15 
1650 2208.33 
1651 2195.83 
1652 2190.44 
1653 2206.26 
1654 2213.59 
1655 2203.98 
1656 2135.47 
1657 2211.28 
1658 2209.44 
1659 2213.11 
1660 2133.80 
1661 2171.53 
1662 2208.72 
1663 2169.27 
1664 2181.07 
1665 2198.67 
1666 2173.35 
1667 2218.42 
1668 2199.27 
1669 2137.32 
1670 2187.35 
1671 2194.94 
1672 2190.58 
1673 2175.70 
1674 2204.49 
1675 2176.82 
1676 2196.29 
1677 2174.91 
1678 2205.14 
1679 2210.05 
1680 2160.23 
1681 2182.32 
1682 2198.39 
1683 2203.89 
1684 2189.27 
1685 2174.15 
1686 2219.40 
1687 2183.20 
1688 2206.15 
1689 2207.64 
1690 2211.22 
1691 2208.17 
1692 2193.53 
1693 2198.69 
1694 2169.28 
1695 2204.04 
1696 2182.19 
1697 2164.92 
1698 2224.63 
1699 2179.96 
1700 2207.50 
1701 2194.94 
1702 2214.68 
1703 2184.57 
1704 2172.19 
1705 2200.42 
1706 2197.03 
1707 2221.43 
1708 2209.91 
1709 2218.87 
1710 2208.44 
1711 2194.35 
1712 2202.31 
1713 2193.31 
1714 2177.33 
1715 2204.19 
1716 2202.16 
1717 2186.32 
1718 2201.04 
1719 2190.51 
1720 2217.16 
1721 2187.59 
1722 2192.37 
1723 2183.77 
1724 2181.26 
1725 2203.74 
1726 2180.25 
1727 2183.04 
1728 2193.40 
1729 2196.62 
1730 2204.92 
1731 2196.22 
1732 2090.48 
1733 2180.89 
1734 2193.64 
1735 2124.01 
1736 2205.40 
1737 2191.61 
1738 2202.13 
1739 2217.85 
1740 2202.31 
1741 2165.12 
1742 2182.24 
1743 2192.67 
1744 2212.36 
1745 2207.54 
1746 2210.78 
1747 2202.48 
1748 2195.65 
1749 2186.22 
1750 2207.00 
1751 2208.53 
1752 2211.88 
1753 2199.85 
1754 2209.51 
1755 2144.82 
1756 2188.48 
1757 2207.86 
1758 2137.45 
1759 2198.16 
1760 2205.52 
1761 2186.53 
1762 2169.27 
1763 2145.14 
1764 2204.29 
1765 2198.57 
1766 2166.71 
1767 2217.63 
1768 2185.15 
1769 2211.36 
1770 2181.48 
1771 2207.09 
1772 2217.99 
1773 2207.51 
1774 2209.57 
1775 2136.94 
1776 2150.57 
1777 2192.04 
1778 2194.26 
1779 2167.39 
1780 2215.13 
1781 2216.85 
1782 2185.65 
1783 2182.44 
1784 2207.97 
1785 2223.16 
1786 2195.58 
1787 2182.30 
1788 2185.98 
1789 2180.95 
1790 2198.02 
1791 2167.22 
1792 2188.18 
1793 2179.92 
1794 2178.17 
1795 2223.93 
1796 2202.66 
1797 2228.61 
1798 2201.06 
1799 2212.62 
1800 2197.77 
1801 2208.36 
1802 2212.42 
1803 2186.10 
1804 2187.15 
1805 2194.05 
1806 2210.07 
1807 2189.20 
1808 2188.00 
1809 2196.71 
1810 2200.78 
1811 2238.60 
1812 2191.90 
1813 2189.89 
1814 2128.50 
1815 2187.32 
1816 2225.22 
1817 2175.09 
1818 2194.64 
1819 2211.04 
1820 2198.02 
1821 2216.07 
1822 2191.14 
1823 2210.60 
1824 2211.14 
1825 2189.49 
1826 2197.35 
1827 2209.44 
1828 2120.80 
1829 2198.49 
1830 2169.65 
1831 2179.84 
1832 2186.22 
1833 2186.58 
1834 2138.83 
1835 2152.17 
1836 2200.06 
1837 2204.95 
1838 2210.83 
1839 2176.13 
1840 2221.50 
1841 2206.38 
1842 2177.08 
1843 2200.08 
1844 2176.18 
1845 2180.90 
1846 2209.95 
1847 2178.52 
1848 2201.05 
1849 2207.90 
1850 2200.30 
1851 2197.13 
1852 2198.60 
1853 2208.85 
1854 2213.67 
1855 2228.66 
1856 2194.41 
1857 2183.11 
1858 2199.54 
1859 2129.54 
1860 2206.62 
1861 2198.77 
1862 2185.33 
1863 2184.11 
1864 2189.44 
1865 2192.46 
1866 2172.07 
1867 2133.78 
1868 2214.93 
1869 2158.19 
1870 2188.47 
1871 2057.64 
1872 2199.21 
1873 2196.06 
1874 2182.28 
1875 2203.59 
1876 2178.81 
1877 2079.06 
1878 2132.24 
1879 2201.08 
1880 2207.99 
1881 2163.42 
1882 2144.29 
1883 2198.61 
1884 2210.05 
1885 2197.56 
1886 2188.60 
1887 2201.24 
1888 2214.58 
1889 2192.84 
1890 2212.21 
1891 2208.28 
1892 2190.94 
1893 2190.92 
1894 2200.57 
1895 2194.41 
1896 2177.19 
1897 2189.05 
1898 2195.24 
1899 2210.55 
1900 2197.58 
1901 2190.15 
1902 2125.91 
1903 2186.35 
1904 2191.75 
1905 2186.92 
1906 2205.15 
1907 2189.54 
1908 2182.42 
1909 2181.49 
1910 2196.06 
1911 2198.27 
1912 2186.71 
1913 2205.63 
1914 2204.61 
1915 2214.96 
1916 2196.15 
1917 2066.73 
1918 2197.32 
1919 2201.17 
1920 2188.05 
1921 2174.30 
1922 2206.97 
1923 2196.75 
1924 2182.75 
1925 2184.77 
1926 2214.34 
1927 2211.33 
1928 2189.44 
1929 2178.77 
1930 2205.23 
1931 2208.85 
1932 2193.13 
1933 2196.19 
1934 2184.70 
1935 2194.03 
1936 2190.95 
1937 2204.83 
1938 2197.75 
1939 2104.76 
1940 2050.86 
1941 2217.34 
1942 2191.28 
1943 2190.70 
1944 2182.53 
1945 2210.88 
1946 2219.41 
1947 2184.13 
1948 2212.41 
1949 2225.98 
1950 2203.26 
1951 2208.78 
1952 2217.13 
1953 2200.64 
1954 2215.70 
1955 2195.06 
1956 2199.02 
1957 2184.91 
1958 2177.78 
1959 2197.65 
1960 2203.31 
1961 2190.27 
1962 2213.49 
1963 2218.44 
1964 2167.67 
1965 2114.96 
1966 2182.95 
1967 2195.39 
1968 2183.73 
1969 2197.58 
1970 2187.67 
1971 2218.01 
1972 2190.09 
1973 2213.60 
1974 2193.34 
1975 2183.48 
1976 2207.03 
1977 2213.72 
1978 2203.97 
1979 2189.47 
1980 2191.20 
1981 2182.50 
1982 2173.18 
1983 2203.66 
1984 2196.05 
1985 2196.23 
1986 2189.23 
1987 2214.52 
1988 2210.11 
1989 2192.97 
1990 2221.39 
1991 2212.48 
1992 2176.16 
1993 2173.04 
1994 2177.26 
1995 2198.70 
1996 2203.04 
1997 2199.28 
1998 2190.90 
1999 2201.80 
2000 2179.72 
2001 2150.10 
2002 2196.21 
2003 2186.89 
2004 2148.13 
2005 2049.14 
2006 2198.38 
2007 2218.92 
2008 2182.07 
2009 2179.47 
2010 2196.55 
2011 2200.38 
2012 2191.06 
2013 2202.65 
2014 2210.56 
2015 2189.09 
2016 2204.36 
2017 2203.21 
2018 2185.03 
2019 2195.73 
2020 2232.49 
2021 2216.80 
2022 2198.82 
2023 2210.34 
2024 2183.67 
2025 2187.68 
2026 2202.31 
2027 2182.18 
2028 2189.73 
2029 2201.15 
2030 2205.92 
2031 2093.59 
2032 2192.65 
2033 2107.49 
2034 2217.13 
2035 2139.33 
2036 2199.93 
2037 2196.45 
2038 2104.88 
2039 2218.47 
2040 2188.25 
2041 2217.56 
2042 2200.98 
2043 2202.15 
2044 2132.17 
2045 2194.15 
2046 2219.18 
2047 2207.79 
2048 2192.62 
2049 2202.14 
2050 2174.61 
2051 2131.90 
2052 2199.28 
2053 2186.25 
2054 2233.62 
2055 2196.02 
2056 2181.87 
2057 2178.70 
2058 2075.24 
2059 2189.49 
2060 2185.96 
2061 2195.18 
2062 2198.90 
2063 2194.08 
2064 2228.29 
2065 2181.62 
2066 2203.97 
2067 2191.35 
2068 2205.98 
2069 2195.98 
2070 2192.49 
2071 2173.10 
2072 2199.34 
2073 2211.93 
2074 2192.54 
2075 2207.61 
2076 2180.04 
2077 2184.16 
2078 2079.53 
2079 2215.92 
2080 2200.92 
2081 2191.18 
2082 2190.18 
2083 2159.71 
2084 2213.97 
2085 2207.96 
2086 2201.62 
2087 2164.34 
2088 2209.02 
2089 2199.14 
2090 2175.87 
2091 2186.93 
2092 2166.48 
2093 2184.98 
2094 2176.14 
2095 2186.61 
2096 2202.32 
2097 2192.25 
2098 2180.35 
2099 2180.07 
2100 2206.40 
2101 2201.91 
2102 2185.53 
2103 2191.91 
2104 2198.76 
2105 2203.00 
2106 2222.03 
2107 2175.55 
2108 2209.03 
2109 2210.58 
2110 2177.18 
2111 2153.09 
2112 2219.37 
2113 2188.47 
2114 2195.23 
2115 2198.15 
2116 2205.26 
2117 2227.83 
2118 2186.52 
2119 2176.88 
2120 2090.55 
2121 2178.73 
2122 2211.84 
2123 2220.09 
2124 2205.85 
2125 2187.81 
2126 2204.07 
2127 2118.80 
2128 2173.39 
2129 2188.52 
2130 2177.96 
2131 2205.94 
2132 2207.83 
2133 2209.73 
2134 2195.53 
2135 2184.53 
2136 2161.54 
2137 2197.37 
2138 2094.47 
2139 2198.34 
2140 2191.76 
2141 2162.62 
2142 2190.16 
2143 2148.28 
2144 2203.36 
2145 2189.75 
2146 2203.57 
2147 2215.42 
2148 2176.30 
2149 2182.23 
2150 2173.31 
2151 2224.88 
2152 2215.81 
2153 2191.54 
2154 2196.51 
2155 2154.97 
2156 2196.13 
2157 2220.93 
2158 2177.50 
2159 2103.64 
2160 2165.55 
2161 2189.56 
2162 2188.90 
2163 2148.89 
2164 2210.33 
2165 2205.85 
2166 2192.86 
2167 2162.10 
2168 2139.92 
2169 2175.09 
2170 2185.98 
2171 2120.53 
2172 2219.80 
2173 2155.85 
2174 2198.82 
2175 2216.40 
2176 2186.94 
2177 2199.38 
2178 2193.37 
2179 2195.97 
2180 2195.75 
2181 2192.34 
2182 2209.22 
2183 2222.56 
2184 2133.23 
2185 2240.25 
2186 2209.73 
2187 2186.34 
2188 2215.97 
2189 2175.57 
2190 2204.73 
2191 2206.98 
2192 2188.02 
2193 2195.58 
2194 2192.07 
2195 2199.73 
2196 2205.40 
2197 2205.55 
2198 2183.36 
2199 2168.53 
2200 2193.74 
2201 2196.00 
2202 2171.75 
2203 2203.14 
2204 2226.52 
2205 2207.30 
2206 2204.51 
2207 2219.46 
2208 2210.97 
2209 2128.79 
2210 2182.34 
2211 2194.12 
2212 2177.61 
2213 2200.87 
2214 2213.13 
2215 2192.09 
2216 2154.37 
2217 2193.90 
2218 2160.88 
2219 2196.03 
2220 2207.57 
2221 2218.42 
2222 2213.16 
2223 2233.21 
2224 2209.33 
2225 2204.11 
2226 2132.62 
2227 2186.54 
2228 2202.68 
2229 2195.67 
2230 2197.44 
2231 2192.60 
2232 2198.89 
2233 2221.87 
2234 2175.29 
2235 2191.02 
2236 2198.46 
2237 2207.98 
2238 2199.87 
2239 2201.42 
2240 2187.20 
2241 2189.53 
2242 2180.67 
2243 2188.55 
2244 2226.21 
2245 2191.04 
2246 2194.96 
2247 2215.59 
2248 2178.16 
2249 2173.93 
2250 2172.76 
2251 2195.36 
2252 2208.77 
2253 2209.89 
2254 2208.40 
2255 2199.59 
2256 2198.53 
2257 2217.62 
2258 2189.35 
2259 2207.68 
2260 2174.01 
2261 2198.02 
2262 2185.44 
2263 2176.96 
2264 2206.97 
2265 2174.20 
2266 2137.78 
2267 2201.51 
2268 2212.35 
2269 2213.56 
2270 2204.97 
2271 2201.25 
2272 2206.29 
2273 2183.73 
2274 2198.56 
2275 2183.83 
2276 2200.80 
2277 2224.24 
2278 2052.83 
2279 2176.38 
2280 2186.68 
2281 2183.77 
2282 2206.67 
2283 2181.60 
2284 2181.74 
2285 2186.53 
2286 1982.79 
2287 2208.03 
2288 2169.13 
2289 2203.16 
2290 2208.11 
2291 2181.11 
2292 2196.08 
2293 2184.37 
2294 2187.17 
2295 2213.40 
2296 2173.68 
2297 2140.65 
2298 2205.05 
2299 2170.76 
2300 2204.59 
2301 2197.07 
2302 2120.31 
2303 2195.93 
2304 2217.10 
2305 2207.48 
2306 2204.43 
2307 2228.89 
2308 2192.13 
2309 2130.09 
2310 2215.42 
2311 2206.07 
2312 2185.67 
2313 2192.57 
2314 2027.74 
2315 2213.60 
2316 2197.99 
2317 2181.97 
2318 2190.58 
2319 2208.60 
2320 2201.59 
2321 2190.82 
2322 2162.84 
2323 2156.03 
2324 2126.76 
2325 2186.30 
2326 2218.37 
2327 2208.51 
2328 2191.98 
2329 2189.68 
2330 2171.98 
2331 2216.30 
2332 2216.10 
2333 2203.23 
2334 2211.50 
2335 2205.12 
2336 2180.73 
2337 2200.86 
2338 2228.67 
2339 2220.24 
2340 2205.29 
2341 2216.45 
2342 2189.49 
2343 2213.58 
2344 2212.59 
2345 2189.01 
2346 2188.90 
2347 2198.65 
2348 2180.64 
2349 2183.90 
2350 2196.64 
2351 2194.24 
2352 2197.73 
2353 2228.07 
2354 2183.30 
2355 2170.62 
2356 2105.97 
2357 2207.58 
2358 2208.62 
2359 2195.30 
2360 2210.58 
2361 2147.48 
2362 2209.79 
2363 2198.48 
2364 2193.19 
2365 2211.84 
2366 2188.16 
2367 2191.45 
2368 2173.29 
2369 2206.25 
2370 2207.48 
2371 2210.34 
2372 2207.30 
2373 2176.63 
2374 2192.22 
2375 2177.43 
2376 2206.33 
2377 2205.09 
2378 2203.02 
2379 2163.22 
2380 2056.34 
2381 2211.93 
2382 2144.68 
