Seed 0:
0 -950.17 
1 -1008.73 
2 -873.68 
3 93.15 
4 -208.84 
5 -44.16 
6 398.83 
7 746.73 
8 -47.96 
9 -331.27 
10 -183.14 
11 59.22 
12 -469.00 
13 -42.72 
14 1071.65 
15 728.68 
16 1360.14 
17 1488.08 
18 901.08 
19 1977.53 
20 1973.56 
21 1941.04 
22 1974.37 
23 1885.97 
24 1972.69 
25 1947.72 
26 1980.36 
27 1971.16 
28 1962.79 
29 1901.53 
30 1907.40 
31 1975.97 
32 1976.82 
33 1942.31 
34 1877.76 
35 1976.04 
36 1909.50 
37 1964.49 
38 1939.66 
39 1969.69 
40 1953.91 
41 1956.60 
42 1949.61 
43 1979.60 
44 1967.93 
45 1975.16 
46 1977.55 
47 1938.17 
48 1858.06 
49 1936.79 
50 1974.10 
51 1958.01 
52 1892.18 
53 1962.59 
54 1948.78 
55 1956.31 
56 1880.82 
57 1900.93 
58 1978.60 
59 1912.62 
60 1954.82 
61 1935.17 
62 1964.22 
63 1908.70 
64 1971.62 
65 1972.34 
66 1973.36 
67 1957.28 
68 1930.57 
69 1953.65 
70 1977.93 
71 1952.81 
72 1953.72 
73 1951.18 
74 1956.42 
75 1968.87 
76 1933.35 
77 1942.10 
78 1977.39 
79 1945.72 
80 1971.56 
81 1952.99 
82 1898.22 
83 1972.05 
84 1916.11 
85 1967.69 
86 1971.78 
87 1923.47 
88 1971.06 
89 1979.13 
90 1955.74 
91 1979.49 
92 1978.61 
93 1962.50 
94 1964.73 
95 1957.02 
96 1934.35 
97 1977.53 
98 1955.69 
99 1913.36 
100 1980.81 
101 1977.09 
102 1975.02 
103 1974.79 
104 1980.07 
105 1982.63 
106 1981.55 
107 1953.10 
108 1962.75 
109 1906.67 
110 1969.61 
111 1974.82 
112 1945.87 
113 1905.23 
114 1963.45 
115 1921.87 
116 1974.33 
117 1899.54 
118 1930.54 
119 1978.85 
120 1975.01 
121 1961.39 
122 1960.66 
123 1954.79 
124 1976.83 
125 1976.09 
126 1915.32 
127 1940.53 
128 1978.73 
129 1969.07 
130 1969.41 
131 1957.42 
132 1980.37 
133 1976.53 
134 1936.13 
135 1973.97 
136 1963.55 
137 1971.07 
138 1941.40 
139 1921.28 
140 1941.71 
141 1898.67 
142 1963.32 
143 1958.23 
144 1942.39 
145 1954.91 
146 1921.62 
147 1946.33 
148 1971.02 
149 1955.54 
150 1963.08 
151 1959.58 
152 1922.65 
153 1959.32 
154 1939.44 
155 1956.61 
156 1960.68 
157 1936.75 
158 1977.53 
159 1959.10 
160 1970.93 
161 1975.53 
162 1971.03 
163 1976.97 
164 1904.30 
165 1969.16 
166 1913.84 
167 1966.46 
168 1896.36 
169 1966.07 
170 1977.11 
171 1915.55 
172 1958.92 
173 1969.03 
174 1886.98 
175 1965.67 
176 1964.73 
177 1959.64 
178 1955.90 
179 1919.55 
180 1956.79 
181 1918.46 
182 1932.89 
183 1963.68 
184 1965.96 
185 1977.71 
186 1923.03 
187 1942.22 
188 1954.85 
189 1974.56 
190 1967.55 
191 1972.66 
192 1978.81 
193 1960.19 
194 1975.57 
195 1951.97 
196 1965.73 
197 1981.45 
198 1935.48 
199 1962.79 
200 1974.13 
201 1946.56 
202 1973.88 
203 1970.97 
204 1964.25 
205 1973.43 
206 1889.29 
207 1979.07 
208 1933.39 
209 1964.95 
210 1980.89 
211 1962.04 
212 1975.55 
213 1960.46 
214 1975.41 
215 1980.72 
216 1983.66 
217 1977.22 
218 1979.62 
219 1873.93 
220 1965.44 
221 1972.86 
222 1968.78 
223 1977.16 
224 1978.07 
225 1977.13 
226 1973.61 
227 1971.60 
228 1975.50 
229 1977.41 
230 1927.28 
231 1959.05 
232 1979.48 
233 1930.51 
234 1950.46 
235 1963.88 
236 1959.48 
237 1943.40 
238 1959.69 
239 1924.78 
240 1952.81 
241 1963.06 
242 1975.73 
243 1922.09 
244 1963.11 
245 1947.31 
246 1968.53 
247 1969.44 
248 1976.71 
249 1969.44 
250 1961.22 
251 1942.49 
252 1932.27 
253 1975.06 
254 1934.33 
255 1944.72 
256 1909.50 
257 1978.95 
258 1974.31 
259 1959.43 
260 1958.75 
261 1977.08 
262 1895.87 
263 1978.52 
264 1974.54 
265 1945.98 
266 1936.60 
267 1952.22 
268 1954.29 
269 1974.46 
270 1937.18 
271 1926.14 
272 1971.34 
273 1934.97 
274 1979.09 
275 1935.47 
276 1972.05 
277 1956.14 
278 1976.68 
279 1975.46 
280 1972.03 
281 1960.40 
282 1975.65 
283 1953.25 
284 1968.37 
285 1978.56 
286 1969.55 
287 1972.33 
288 1955.39 
289 1952.89 
290 1964.61 
291 1951.92 
292 1973.80 
293 1960.98 
294 1963.10 
295 1975.74 
296 1961.73 
297 1935.70 
298 1972.01 
299 1946.79 
300 1975.20 
301 1954.00 
302 1980.59 
303 1972.69 
304 1971.05 
305 1976.96 
306 1963.25 
307 1975.84 
308 1886.61 
309 1914.52 
310 1976.59 
311 1977.58 
312 1955.44 
313 1903.78 
314 1935.12 
315 1954.74 
316 1909.16 
317 1953.67 
318 1975.18 
319 1961.32 
320 1946.31 
321 1947.90 
322 1978.86 
323 1977.43 
324 1967.67 
325 1956.39 
326 1965.81 
327 1973.38 
328 1971.95 
329 1951.90 
330 1972.45 
331 1957.43 
332 1935.74 
333 1928.68 
334 1979.33 
335 1949.73 
336 1972.97 
337 1960.49 
338 1979.66 
339 1957.90 
340 1946.44 
341 1967.58 
342 1976.30 
343 1973.78 
344 1895.41 
345 1880.56 
346 1975.69 
347 1979.35 
348 1953.21 
349 1953.41 
350 1979.84 
351 1976.78 
352 1980.85 
353 1957.31 
354 1909.05 
355 1956.67 
356 1954.43 
357 1982.53 
358 1977.27 
359 1970.76 
360 1976.45 
361 1975.20 
362 1978.30 
363 1979.67 
364 1975.03 
365 1978.48 
366 1941.78 
367 1954.44 
368 1977.84 
369 1959.89 
370 1971.43 
371 1952.99 
372 1980.87 
373 1938.93 
374 1956.16 
375 1937.22 
376 1863.48 
377 1936.58 
378 1954.32 
379 1913.10 
380 1977.19 
381 1961.34 
382 1959.09 
383 1956.55 
384 1958.51 
385 1964.03 
386 1980.61 
387 1836.19 
388 1971.61 
389 1962.03 
390 1966.74 
391 1949.92 
392 1971.02 
393 1970.35 
394 1964.37 
395 1980.73 
396 1970.61 
397 1971.54 
398 1959.21 
399 1971.48 
400 1971.58 
401 1926.94 
402 1961.29 
403 1945.87 
404 1977.94 
405 1978.32 
406 1962.13 
407 1975.12 
408 1952.62 
409 1976.46 
410 1944.69 
411 1976.26 
412 1956.00 
413 1941.51 
414 1972.83 
415 1970.27 
416 1961.74 
417 1977.11 
418 1980.51 
419 1975.85 
420 1965.81 
421 1980.58 
422 1967.58 
423 1977.19 
424 1979.65 
425 1945.58 
426 1905.09 
427 1944.71 
428 1975.32 
429 1959.74 
430 1959.36 
431 1962.62 
432 1978.62 
433 1967.97 
434 1950.54 
435 1976.39 
436 1972.91 
437 1936.36 
438 1932.89 
439 1973.47 
440 1978.57 
441 1956.68 
442 1928.03 
443 1955.83 
444 1922.36 
445 1972.09 
446 1959.57 
447 1962.36 
448 1937.95 
449 1961.99 
450 1977.67 
451 1936.00 
452 1972.67 
453 1974.62 
454 1935.94 
455 1979.01 
456 1963.55 
457 1927.44 
458 1976.40 
459 1962.87 
460 1954.75 
461 1971.92 
462 1957.73 
463 1957.81 
464 1973.89 
465 1972.86 
466 1962.61 
467 1890.04 
468 1964.92 
469 1949.92 
470 1949.73 
471 1979.51 
472 1965.71 
473 1958.80 
474 1961.81 
475 1976.33 
476 1972.56 
477 1941.34 
478 1955.68 
479 1973.01 
480 1916.96 
481 1890.58 
482 1952.40 
483 1971.72 
484 1955.89 
485 1959.01 
486 1981.06 
487 1974.15 
488 1949.73 
489 1970.47 
490 1970.50 
491 1886.86 
492 1896.04 
493 1979.59 
494 1974.12 
495 1975.04 
496 1963.51 
497 1972.43 
498 1967.42 
499 1948.16 
500 1978.85 
501 1947.21 
502 1937.10 
503 1955.24 
504 1943.55 
505 1927.98 
506 1942.26 
507 1974.81 
508 1954.20 
509 1978.07 
510 1965.22 
511 1968.68 
512 1978.45 
513 1977.83 
514 1916.74 
515 1970.69 
516 1955.33 
517 1964.36 
518 1960.61 
519 1974.80 
520 1935.63 
521 1938.20 
522 1953.10 
523 1973.60 
524 1907.25 
525 1972.01 
526 1980.72 
527 1973.06 
528 1964.44 
529 1926.08 
530 1973.25 
531 1943.93 
532 1977.09 
533 1961.34 
534 1977.69 
535 1931.56 
536 1974.26 
537 1964.29 
538 1964.78 
539 1964.88 
540 1923.41 
541 1940.98 
542 1957.63 
543 1911.03 
544 1975.23 
545 1976.82 
546 1976.36 
547 1949.44 
548 1959.15 
549 1872.61 
550 1977.03 
551 1927.52 
552 1962.35 
553 1932.76 
554 1979.42 
555 1966.40 
556 1948.22 
557 1973.15 
558 1968.99 
559 1943.21 
560 1957.08 
561 1976.67 
562 1973.21 
563 1905.18 
564 1978.05 
565 1957.55 
566 1973.23 
567 1967.06 
568 1975.49 
569 1959.84 
570 1956.09 
571 1945.31 
572 1967.72 
573 1961.70 
574 1959.33 
575 1975.41 
576 1947.92 
577 1980.74 
578 1975.63 
579 1952.88 
580 1974.27 
581 1963.41 
582 1960.29 
583 1971.59 
584 1976.81 
585 1969.78 
586 1955.19 
587 1965.70 
588 1977.34 
589 1971.49 
590 1968.55 
591 1970.23 
592 1930.82 
593 1968.51 
594 1947.32 
595 1971.89 
596 1959.49 
597 1957.11 
598 1946.93 
599 1959.38 
600 1942.54 
601 1958.29 
602 1965.79 
603 1973.38 
604 1948.54 
605 1960.97 
606 1975.09 
607 1976.54 
608 1976.14 
609 1953.48 
610 1955.42 
611 1972.25 
612 1945.37 
613 1905.95 
614 1972.58 
615 1915.53 
616 1981.02 
617 1927.82 
618 1972.56 
619 1978.50 
620 1976.65 
621 1958.66 
622 1976.03 
623 1932.93 
624 1976.30 
625 1958.82 
626 1972.45 
627 1975.63 
628 1952.59 
629 1969.02 
630 1969.86 
631 1980.76 
632 1976.53 
633 1969.62 
634 1972.13 
635 1973.48 
636 1957.85 
637 1924.34 
638 1946.08 
639 1964.38 
640 1976.71 
641 1938.88 
642 1961.74 
643 1975.88 
644 1901.93 
645 1954.14 
646 1941.40 
647 1970.80 
648 1974.28 
649 1978.28 
650 1949.67 
651 1980.61 
652 1962.76 
653 1954.30 
654 1892.98 
655 1917.02 
656 1971.45 
657 1972.50 
658 1971.92 
659 1930.95 
660 1901.50 
661 1978.86 
662 1962.76 
663 1975.80 
664 1973.36 
665 1979.51 
666 1973.46 
667 1974.52 
668 1938.66 
669 1972.11 
670 1975.24 
671 1950.18 
672 1975.28 
673 1976.61 
674 1966.54 
675 1960.21 
676 1972.55 
677 1908.48 
678 1972.36 
679 1941.89 
680 1980.00 
681 1968.88 
682 1954.54 
683 1954.31 
684 1975.91 
685 1969.32 
686 1935.77 
687 1971.31 
688 1956.52 
689 1967.74 
690 1980.81 
691 1971.99 
692 1954.51 
693 1950.05 
694 1977.33 
695 1955.76 
696 1947.34 
697 1932.11 
698 1961.63 
699 1927.48 
700 1971.14 
701 1959.04 
702 1904.40 
703 1960.93 
704 1963.91 
705 1969.43 
706 1924.31 
707 1969.89 
708 1962.91 
709 1977.85 
710 1913.26 
711 1973.04 
712 1974.25 
713 1977.12 
714 1964.09 
715 1948.34 
716 1971.30 
717 1956.67 
718 1906.98 
719 1962.69 
720 1964.42 
721 1950.30 
722 1971.80 
723 1961.75 
724 1963.57 
725 1921.48 
726 1957.67 
727 1971.25 
728 1913.06 
729 1957.35 
730 1929.26 
731 1951.36 
732 1847.58 
733 1974.09 
734 1973.56 
735 1946.17 
736 1963.74 
737 1971.21 
738 1922.00 
739 1969.08 
740 1980.21 
741 1969.31 
742 1975.69 
743 1976.20 
744 1927.96 
745 1948.97 
746 1974.50 
747 1975.19 
748 1970.35 
749 1974.01 
750 1980.30 
751 1961.99 
752 1961.68 
753 1973.61 
754 1976.78 
755 1974.27 
756 1964.44 
757 1865.30 
758 1928.35 
759 1925.58 
760 1930.96 
761 1973.51 
762 1978.71 
763 1973.89 
764 1975.73 
765 1961.00 
766 1964.47 
767 1979.37 
768 1962.57 
769 1972.09 
770 1950.73 
771 1977.08 
772 1902.58 
773 1948.56 
774 1972.19 
775 1971.22 
776 1933.77 
777 1960.30 
778 1937.09 
779 1965.28 
780 1969.73 
781 1976.49 
782 1971.68 
783 1963.63 
784 1980.00 
785 1966.41 
786 1971.00 
787 1976.00 
788 1940.89 
789 1957.93 
790 1957.26 
791 1976.94 
792 1978.80 
793 1979.61 
794 1956.86 
795 1981.19 
796 1957.98 
797 1944.71 
798 1947.41 
799 1951.92 
800 1955.24 
801 1943.51 
802 1974.38 
803 1920.30 
804 1974.29 
805 1968.63 
806 1941.52 
807 1934.67 
808 1941.26 
809 1978.54 
810 1957.47 
811 1952.67 
812 1976.04 
813 1935.45 
814 1974.67 
815 1972.65 
816 1928.16 
817 1929.61 
818 1933.07 
819 1911.02 
820 1969.02 
821 1975.36 
822 1974.68 
823 1973.70 
824 1959.33 
825 1943.94 
826 1961.45 
827 1979.62 
828 1956.26 
829 1957.41 
830 1970.61 
831 1976.21 
832 1976.07 
833 1925.01 
834 1972.55 
835 1869.49 
836 1965.13 
837 1974.49 
838 1978.34 
839 1980.10 
840 1973.41 
841 1975.85 
842 1964.23 
843 1969.58 
844 1973.45 
845 1940.76 
846 1966.61 
847 1902.41 
848 1948.08 
849 1968.83 
850 1964.83 
851 1880.30 
852 1978.69 
853 1944.10 
854 1979.07 
855 1944.15 
856 1944.92 
857 1979.57 
858 1979.04 
859 1973.77 
860 1974.28 
861 1974.86 
862 1947.56 
863 1875.49 
864 1965.11 
865 1967.91 
866 1950.36 
867 1969.16 
868 1979.63 
869 1959.32 
870 1977.66 
871 1975.15 
872 1931.02 
873 1954.75 
874 1972.08 
875 1977.49 
876 1972.96 
877 1958.35 
878 1954.74 
879 1969.21 
880 1978.86 
881 1977.90 
882 1970.12 
883 1959.09 
884 1958.78 
885 1970.50 
886 1982.09 
887 1956.77 
888 1978.81 
889 1974.85 
890 1972.85 
891 1932.86 
892 1958.24 
893 1957.93 
894 1913.37 
895 1974.45 
896 1956.34 
897 1954.68 
898 1966.43 
899 1968.75 
900 1967.97 
901 1972.88 
902 1976.72 
903 1944.23 
904 1979.64 
905 1946.02 
906 1971.84 
907 1972.66 
908 1974.25 
909 1951.24 
910 1975.87 
911 1958.61 
912 1943.81 
913 1974.65 
914 1965.46 
915 1960.01 
916 1974.75 
917 1977.76 
918 1978.63 
919 1949.74 
920 1980.67 
921 1971.67 
922 1961.03 
923 1973.59 
924 1960.15 
925 1980.25 
926 1956.50 
927 1920.15 
928 1975.48 
929 1978.23 
930 1956.49 
931 1955.29 
932 1973.51 
933 1950.25 
934 1964.47 
935 1966.10 
936 1962.27 
937 1980.49 
938 1978.10 
939 1970.01 
940 1980.59 
941 1976.36 
942 1935.77 
943 1958.33 
944 1974.64 
945 1954.40 
946 1974.24 
947 1950.33 
948 1978.43 
949 1976.22 
950 1980.62 
951 1979.67 
952 1975.19 
953 1958.37 
954 1973.23 
955 1963.86 
956 1958.00 
957 1954.42 
958 1971.54 
959 1971.67 
960 1972.04 
961 1972.53 
962 1977.59 
963 1969.51 
964 1970.53 
965 1971.05 
966 1974.73 
967 1977.43 
968 1968.66 
969 1965.56 
970 1971.70 
971 1956.93 
972 1975.90 
973 1980.27 
974 1915.92 
975 1977.32 
976 1969.93 
977 1970.47 
978 1859.73 
979 1908.27 
980 1955.39 
981 1965.45 
982 1975.40 
983 1962.77 
984 1973.07 
985 1941.66 
986 1978.35 
987 1979.74 
988 1959.10 
989 1978.58 
990 1964.59 
991 1943.02 
992 1973.39 
993 1971.90 
994 1961.13 
995 1970.86 
996 1962.75 
997 1974.90 
998 1971.38 
999 1977.95 
1000 1973.60 
1001 1955.68 
1002 1978.28 
1003 1960.22 
1004 1953.62 
1005 1976.81 
1006 1965.38 
1007 1952.14 
1008 1950.50 
1009 1938.24 
1010 1973.72 
1011 1981.20 
1012 1959.54 
1013 1964.19 
1014 1978.77 
1015 1952.98 
1016 1971.69 
1017 1971.61 
1018 1968.24 
1019 1970.72 
1020 1947.17 
1021 1960.97 
1022 1964.12 
1023 1972.12 
1024 1967.10 
1025 1961.69 
1026 1973.07 
1027 1941.19 
1028 1959.29 
1029 1937.11 
1030 1973.27 
1031 1964.34 
1032 1974.06 
1033 1921.20 
1034 1980.60 
1035 1979.54 
1036 1960.39 
1037 1972.53 
1038 1970.29 
1039 1970.85 
1040 1931.95 
1041 1918.34 
1042 1962.99 
1043 1980.08 
1044 1945.01 
1045 1975.87 
1046 1972.38 
1047 1969.38 
1048 1958.67 
1049 1949.89 
1050 1971.96 
1051 1975.58 
1052 1949.21 
1053 1966.37 
1054 1952.72 
1055 1976.59 
1056 1973.39 
1057 1970.20 
1058 1975.04 
1059 1960.73 
1060 1971.23 
1061 1974.16 
1062 1890.25 
1063 1971.46 
1064 1960.07 
1065 1972.07 
1066 1974.44 
1067 1973.13 
1068 1945.66 
1069 1975.20 
1070 1959.01 
1071 1960.26 
1072 1952.48 
1073 1974.30 
1074 1962.30 
1075 1975.27 
1076 1960.02 
1077 1934.03 
1078 1978.75 
1079 1976.79 
1080 1968.19 
1081 1959.01 
1082 1954.23 
1083 1974.36 
1084 1954.36 
1085 1978.53 
1086 1968.35 
1087 1968.54 
1088 1956.14 
1089 1975.40 
1090 1941.79 
1091 1956.93 
1092 1971.73 
1093 1963.19 
1094 1960.30 
1095 1974.99 
1096 1945.40 
1097 1960.37 
1098 1974.99 
1099 1956.11 
1100 1956.89 
1101 1948.87 
1102 1958.50 
1103 1966.12 
1104 1976.60 
1105 1941.38 
1106 1935.07 
1107 1953.09 
1108 1961.60 
1109 1978.40 
1110 1976.83 
1111 1979.60 
1112 1969.84 
1113 1957.92 
1114 1972.06 
1115 1962.79 
1116 1975.75 
1117 1968.78 
1118 1951.93 
1119 1974.63 
1120 1936.37 
1121 1967.57 
1122 1975.86 
1123 1974.48 
1124 1973.70 
1125 1976.90 
1126 1971.49 
1127 1974.37 
1128 1958.10 
1129 1954.57 
1130 1961.48 
1131 1969.71 
1132 1978.26 
1133 1975.79 
1134 1952.96 
1135 1970.85 
1136 1973.84 
1137 1977.21 
1138 1948.08 
1139 1976.60 
1140 1921.23 
1141 1966.89 
1142 1979.62 
1143 1937.67 
1144 1958.43 
1145 1914.23 
1146 1975.18 
1147 1975.56 
1148 1975.48 
1149 1976.04 
1150 1977.37 
1151 1968.83 
1152 1975.70 
1153 1952.66 
1154 1959.26 
1155 1967.91 
1156 1979.84 
1157 1976.66 
1158 1977.71 
1159 1969.03 
1160 1972.43 
1161 1941.73 
1162 1951.30 
1163 1973.13 
1164 1977.71 
1165 1967.15 
1166 1964.06 
1167 1960.15 
1168 1955.65 
1169 1963.47 
1170 1956.16 
1171 1960.94 
1172 1956.32 
1173 1961.30 
1174 1978.11 
1175 1964.92 
1176 1968.52 
1177 1973.51 
1178 1968.38 
1179 1980.36 
1180 1958.04 
1181 1970.19 
1182 1961.47 
1183 1972.38 
1184 1959.94 
1185 1978.37 
1186 1943.14 
1187 1972.25 
1188 1956.78 
1189 1975.97 
1190 1975.41 
1191 1977.05 
1192 1979.53 
1193 1967.28 
1194 1974.95 
1195 1973.57 
1196 1970.16 
1197 1978.32 
1198 1962.09 
1199 1972.24 
1200 1976.86 
1201 1970.66 
1202 1967.96 
1203 1959.94 
1204 1961.01 
1205 1976.73 
1206 1979.94 
1207 1958.00 
1208 1978.75 
1209 1975.95 
1210 1970.33 
1211 1920.35 
1212 1964.03 
1213 1905.96 
1214 1960.39 
1215 1957.62 
1216 1958.42 
1217 1959.28 
1218 1959.21 
1219 1969.90 
1220 1950.74 
1221 1980.69 
1222 1977.15 
1223 1967.45 
1224 1973.51 
1225 1971.75 
1226 1961.68 
1227 1973.07 
1228 1953.79 
1229 1929.10 
1230 1971.17 
1231 1975.18 
1232 1980.05 
1233 1964.79 
1234 1974.58 
1235 1934.68 
1236 1908.23 
1237 1955.48 
1238 1971.37 
1239 1974.25 
1240 1950.34 
1241 1957.60 
1242 1937.61 
1243 1973.31 
1244 1967.98 
1245 1979.07 
1246 1978.48 
1247 1943.87 
1248 1955.60 
1249 1959.81 
1250 1976.28 
1251 1961.23 
1252 1962.80 
1253 1959.55 
1254 1974.81 
1255 1956.00 
1256 1968.51 
1257 1980.06 
1258 1957.99 
1259 1958.23 
1260 1975.07 
1261 1945.94 
1262 1972.21 
1263 1971.75 
1264 1961.81 
1265 1969.78 
1266 1973.27 
1267 1970.61 
1268 1952.54 
1269 1950.64 
1270 1959.54 
1271 1956.48 
1272 1972.45 
1273 1973.10 
1274 1972.83 
1275 1975.83 
1276 1973.38 
1277 1977.15 
1278 1979.76 
1279 1973.41 
1280 1978.64 
1281 1958.29 
1282 1969.01 
1283 1958.68 
1284 1971.09 
1285 1979.94 
1286 1971.36 
1287 1962.38 
1288 1958.97 
1289 1980.94 
1290 1923.83 
1291 1976.16 
1292 1975.36 
1293 1970.79 
1294 1953.94 
1295 1960.66 
1296 1958.65 
1297 1959.46 
1298 1956.91 
1299 1961.72 
1300 1974.17 
1301 1980.10 
1302 1980.26 
1303 1975.92 
1304 1955.85 
1305 1974.84 
1306 1975.53 
1307 1976.18 
1308 1959.96 
1309 1974.45 
1310 1962.58 
1311 1970.80 
1312 1962.13 
1313 1978.44 
1314 1864.10 
1315 1955.62 
1316 1953.63 
1317 1973.42 
1318 1968.57 
1319 1971.81 
1320 1957.46 
1321 1969.08 
1322 1980.05 
1323 1971.66 
1324 1978.77 
1325 1976.61 
1326 1980.30 
1327 1958.17 
1328 1951.13 
1329 1965.54 
1330 1957.84 
1331 1977.17 
1332 1934.67 
1333 1971.69 
1334 1971.92 
1335 1973.01 
1336 1974.44 
1337 1965.24 
1338 1963.36 
1339 1959.07 
1340 1961.48 
1341 1957.89 
1342 1969.45 
1343 1974.87 
1344 1978.21 
1345 1975.27 
1346 1970.62 
1347 1980.18 
1348 1946.20 
1349 1967.65 
1350 1974.33 
1351 1968.22 
1352 1978.57 
1353 1978.71 
1354 1959.78 
1355 1955.35 
1356 1938.02 
1357 1963.25 
1358 1980.30 
1359 1972.88 
1360 1974.43 
1361 1974.04 
1362 1960.69 
1363 1973.33 
1364 1960.73 
1365 1970.49 
1366 1973.67 
1367 1963.99 
1368 1916.70 
1369 1978.97 
1370 1974.19 
1371 1975.05 
1372 1958.80 
1373 1973.09 
1374 1962.89 
1375 1973.34 
1376 1951.71 
1377 1977.20 
1378 1973.17 
1379 1962.93 
1380 1921.04 
1381 1969.47 
1382 1898.67 
1383 1969.00 
1384 1974.60 
1385 1956.51 
1386 1958.84 
1387 1970.58 
1388 1970.82 
1389 1972.69 
1390 1958.88 
1391 1973.90 
1392 1975.67 
1393 1950.10 
1394 1913.23 
1395 1971.80 
1396 1977.35 
1397 1922.79 
1398 1968.07 
1399 1970.66 
1400 1953.70 
1401 1975.28 
1402 1972.59 
1403 1979.23 
1404 1977.11 
1405 1976.73 
1406 1964.28 
1407 1937.27 
1408 1976.54 
1409 1978.17 
1410 1978.88 
1411 1979.61 
1412 1977.44 
1413 1966.08 
1414 1942.37 
1415 1958.63 
1416 1955.09 
1417 1977.90 
1418 1946.98 
1419 1970.66 
1420 1959.58 
1421 1948.01 
1422 1960.90 
1423 1898.53 
1424 1944.58 
1425 1954.58 
1426 1978.05 
1427 1975.35 
1428 1967.68 
1429 1961.30 
1430 1954.40 
1431 1973.89 
1432 1965.47 
1433 1977.26 
1434 1970.26 
1435 1950.37 
1436 1945.69 
1437 1971.29 
1438 1954.72 
1439 1965.59 
1440 1976.16 
1441 1967.18 
1442 1964.16 
1443 1958.90 
1444 1920.58 
1445 1978.85 
1446 1981.66 
1447 1955.92 
1448 1970.85 
1449 1929.01 
1450 1969.04 
1451 1973.32 
1452 1974.08 
1453 1973.00 
1454 1955.41 
1455 1969.19 
1456 1962.90 
1457 1982.15 
1458 1971.77 
1459 1978.55 
1460 1976.60 
1461 1968.27 
1462 1957.08 
1463 1976.98 
1464 1977.60 
1465 1956.55 
1466 1973.79 
1467 1960.98 
1468 1974.70 
1469 1961.21 
1470 1978.13 
1471 1931.85 
1472 1958.32 
1473 1973.23 
1474 1973.53 
1475 1979.71 
1476 1964.17 
1477 1976.46 
1478 1971.31 
1479 1978.66 
1480 1963.67 
1481 1960.90 
1482 1963.17 
1483 1976.68 
1484 1974.43 
1485 1975.14 
1486 1968.90 
1487 1973.00 
1488 1953.65 
1489 1939.26 
1490 1976.49 
1491 1971.87 
1492 1959.25 
1493 1971.88 
1494 1976.93 
1495 1975.82 
1496 1974.09 
1497 1976.99 
1498 1975.67 
1499 1969.64 
1500 1975.05 
1501 1971.76 
1502 1974.52 
1503 1974.28 
1504 1959.96 
1505 1972.79 
1506 1960.52 
1507 1975.66 
1508 1979.74 
1509 1971.95 
1510 1967.99 
1511 1956.29 
1512 1970.06 
1513 1976.46 
1514 1965.34 
1515 1976.42 
1516 1977.30 
1517 1968.15 
1518 1978.65 
1519 1977.99 
1520 1978.63 
1521 1971.47 
1522 1969.76 
1523 1970.85 
1524 1957.05 
1525 1971.86 
1526 1957.57 
1527 1978.02 
1528 1976.14 
1529 1948.67 
1530 1960.70 
1531 1971.17 
1532 1960.01 
1533 1953.77 
1534 1970.50 
1535 1972.73 
1536 1965.09 
1537 1969.96 
1538 1969.05 
1539 1955.81 
1540 1978.54 
1541 1972.64 
1542 1961.56 
1543 1964.73 
1544 1957.00 
1545 1962.85 
1546 1977.36 
1547 1959.75 
1548 1978.02 
1549 1930.74 
1550 1956.14 
1551 1945.86 
1552 1967.67 
1553 1980.23 
1554 1978.90 
1555 1950.94 
1556 1955.50 
1557 1973.31 
1558 1931.99 
1559 1975.91 
1560 1977.43 
1561 1962.61 
1562 1939.25 
1563 1912.84 
1564 1977.69 
1565 1980.29 
1566 1954.94 
1567 1980.42 
1568 1970.97 
1569 1973.94 
1570 1967.93 
1571 1970.87 
1572 1962.03 
1573 1960.20 
1574 1982.24 
1575 1973.95 
1576 1978.54 
1577 1963.15 
1578 1980.01 
1579 1945.43 
1580 1941.74 
1581 1957.42 
1582 1951.54 
1583 1957.24 
1584 1957.12 
1585 1961.57 
1586 1923.98 
1587 1955.84 
1588 1952.75 
1589 1982.16 
1590 1962.27 
1591 1951.10 
1592 1976.37 
1593 1966.35 
1594 1972.08 
1595 1980.36 
1596 1960.37 
1597 1910.89 
1598 1965.93 
1599 1969.09 
1600 1971.55 
1601 1980.71 
1602 1974.94 
1603 1952.88 
1604 1943.12 
1605 1965.62 
1606 1955.18 
1607 1958.27 
1608 1976.31 
1609 1960.89 
1610 1976.04 
1611 1979.07 
1612 1958.15 
1613 1960.35 
1614 1972.35 
1615 1973.64 
1616 1972.94 
1617 1973.41 
1618 1962.82 
1619 1971.72 
1620 1981.40 
1621 1964.95 
1622 1963.17 
1623 1953.60 
1624 1877.22 
1625 1963.68 
1626 1978.98 
1627 1976.61 
1628 1931.91 
1629 1955.14 
1630 1979.42 
1631 1951.93 
1632 1980.69 
1633 1970.22 
1634 1975.15 
1635 1956.22 
1636 1975.41 
1637 1959.27 
1638 1959.66 
1639 1978.05 
1640 1960.58 
1641 1959.38 
1642 1965.00 
1643 1979.45 
1644 1952.12 
1645 1973.63 
1646 1953.61 
1647 1975.07 
1648 1925.62 
1649 1972.41 
1650 1969.61 
1651 1976.99 
1652 1959.40 
1653 1965.93 
1654 1980.25 
1655 1975.10 
1656 1965.39 
1657 1954.65 
1658 1978.97 
1659 1953.90 
1660 1961.70 
1661 1971.14 
1662 1961.32 
1663 1961.74 
1664 1964.88 
1665 1973.49 
1666 1976.62 
1667 1979.62 
1668 1961.14 
1669 1972.61 
1670 1974.96 
1671 1959.13 
1672 1977.16 
1673 1968.88 
1674 1979.22 
1675 1971.45 
1676 1958.39 
1677 1975.82 
1678 1953.34 
1679 1977.49 
1680 1973.86 
1681 1959.92 
1682 1959.29 
1683 1975.43 
1684 1959.49 
1685 1968.72 
1686 1973.39 
1687 1966.60 
1688 1960.14 
1689 1969.02 
1690 1962.60 
1691 1963.39 
1692 1968.77 
1693 1932.04 
1694 1978.70 
1695 1928.58 
1696 1961.91 
1697 1961.06 
1698 1963.58 
1699 1975.56 
1700 1972.51 
1701 1971.96 
1702 1975.55 
1703 1979.92 
1704 1967.98 
1705 1971.75 
1706 1970.82 
1707 1969.88 
1708 1972.20 
1709 1956.13 
1710 1966.76 
1711 1961.81 
1712 1975.20 
1713 1959.83 
1714 1965.00 
1715 1975.11 
1716 1959.13 
1717 1959.97 
1718 1954.15 
1719 1969.03 
1720 1975.19 
1721 1910.32 
1722 1962.74 
1723 1959.78 
1724 1974.73 
1725 1974.94 
1726 1971.89 
1727 1976.59 
1728 1954.70 
1729 1960.93 
1730 1955.91 
1731 1979.68 
1732 1956.88 
1733 1959.65 
1734 1955.87 
1735 1948.46 
1736 1956.69 
1737 1973.31 
1738 1961.86 
1739 1959.16 
1740 1961.97 
1741 1969.30 
1742 1962.28 
1743 1973.13 
1744 1976.71 
1745 1955.52 
1746 1961.42 
1747 1976.78 
1748 1982.68 
1749 1972.83 
1750 1968.44 
1751 1962.24 
1752 1976.05 
1753 1928.40 
1754 1976.20 
1755 1962.05 
1756 1942.75 
1757 1970.56 
1758 1969.43 
1759 1948.76 
1760 1952.04 
1761 1961.48 
1762 1963.99 
1763 1959.73 
1764 1966.06 
1765 1967.16 
1766 1969.53 
1767 1971.06 
1768 1962.79 
1769 1965.51 
1770 1918.37 
1771 1977.67 
1772 1960.98 
1773 1978.25 
1774 1971.38 
1775 1973.82 
1776 1976.25 
1777 1968.84 
1778 1971.59 
1779 1962.99 
1780 1974.55 
1781 1957.44 
1782 1976.81 
1783 1964.40 
1784 1974.62 
1785 1967.86 
1786 1954.52 
1787 1954.56 
1788 1966.15 
1789 1959.89 
1790 1958.11 
1791 1972.74 
1792 1960.70 
1793 1959.19 
1794 1963.15 
1795 1973.69 
1796 1976.30 
1797 1942.57 
1798 1958.63 
1799 1977.03 
1800 1978.62 
1801 1959.78 
1802 1957.56 
1803 1963.71 
1804 1956.36 
1805 1975.37 
1806 1977.57 
1807 1976.83 
1808 1972.75 
1809 1949.79 
1810 1974.76 
1811 1973.73 
1812 1970.92 
1813 1974.04 
1814 1974.46 
1815 1953.93 
1816 1965.78 
1817 1962.73 
1818 1970.71 
1819 1973.71 
1820 1968.95 
1821 1961.74 
1822 1975.65 
1823 1965.27 
1824 1978.09 
1825 1948.90 
1826 1973.65 
1827 1974.83 
1828 1959.55 
1829 1956.37 
1830 1974.59 
1831 1972.48 
1832 1964.93 
1833 1978.48 
1834 1978.16 
1835 1971.09 
1836 1971.80 
1837 1968.31 
1838 1957.15 
1839 1960.55 
1840 1930.17 
1841 1962.78 
1842 1968.40 
1843 1966.55 
1844 1981.94 
1845 1979.11 
1846 1967.91 
1847 1977.17 
1848 1973.97 
1849 1974.48 
1850 1977.98 
1851 1969.73 
1852 1968.21 
1853 1979.07 
1854 1971.99 
1855 1979.12 
1856 1960.89 
1857 1965.53 
1858 1923.81 
1859 1973.19 
1860 1975.95 
1861 1975.20 
1862 1948.28 
1863 1976.28 
1864 1958.23 
1865 1977.25 
1866 1961.78 
1867 1969.08 
1868 1947.98 
1869 1970.02 
1870 1959.13 
1871 1972.22 
1872 1963.08 
1873 1933.75 
1874 1977.05 
1875 1931.55 
1876 1977.31 
1877 1965.62 
1878 1975.58 
1879 1961.11 
1880 1974.61 
1881 1968.84 
1882 1964.37 
1883 1974.68 
1884 1972.57 
1885 1960.20 
1886 1965.18 
1887 1962.41 
1888 1980.43 
1889 1976.90 
1890 1970.84 
1891 1977.43 
1892 1968.39 
1893 1935.89 
1894 1978.20 
1895 1976.36 
1896 1950.92 
1897 1968.41 
1898 1945.82 
1899 1931.00 
1900 1975.58 
1901 1958.70 
1902 1939.31 
1903 1975.99 
1904 1975.06 
1905 1956.54 
1906 1974.75 
1907 1979.89 
1908 1981.55 
1909 1959.26 
1910 1977.77 
1911 1955.86 
1912 1960.02 
1913 1956.70 
1914 1974.25 
1915 1958.53 
1916 1954.23 
1917 1973.93 
1918 1949.19 
1919 1956.52 
1920 1979.00 
1921 1950.70 
1922 1973.11 
1923 1973.60 
1924 1950.76 
1925 1950.48 
1926 1967.91 
1927 1978.85 
1928 1956.15 
1929 1971.01 
1930 1978.75 
1931 1904.23 
1932 1975.94 
1933 1974.94 
1934 1973.65 
1935 1974.44 
1936 1972.00 
1937 1978.92 
1938 1975.76 
1939 1956.66 
1940 1958.89 
1941 1979.28 
1942 1974.87 
1943 1974.72 
1944 1977.54 
1945 1975.24 
1946 1940.51 
1947 1977.97 
1948 1959.14 
1949 1975.94 
1950 1958.74 
1951 1956.07 
1952 1964.40 
1953 1972.18 
1954 1979.60 
1955 1977.49 
1956 1973.20 
1957 1964.19 
1958 1951.65 
1959 1979.43 
1960 1979.01 
1961 1975.94 
1962 1914.16 
1963 1956.71 
1964 1951.34 
1965 1959.52 
1966 1955.70 
1967 1964.26 
1968 1971.07 
1969 1965.63 
1970 1954.17 
1971 1971.02 
1972 1979.08 
1973 1970.14 
1974 1978.75 
1975 1974.07 
1976 1974.61 
1977 1954.79 
1978 1954.04 
1979 1972.36 
1980 1975.64 
1981 1972.60 
1982 1978.17 
1983 1970.13 
1984 1967.76 
1985 1977.80 
1986 1963.78 
1987 1974.12 
1988 1958.37 
1989 1981.77 
1990 1956.90 
1991 1974.09 
1992 1967.04 
1993 1955.05 
1994 1970.84 
1995 1954.59 
1996 1979.77 
1997 1974.41 
1998 1979.16 
1999 1979.89 
2000 1976.68 
2001 1974.75 
2002 1956.79 
2003 1973.60 
2004 1970.26 
2005 1956.35 
2006 1972.32 
2007 1956.57 
2008 1955.56 
2009 1958.04 
2010 1972.49 
2011 1974.11 
2012 1965.77 
2013 1957.45 
2014 1971.56 
2015 1955.63 
2016 1935.94 
0 1982.48 
1 1965.55 
2 1955.61 
3 1979.34 
4 1978.97 
5 1970.44 
6 1974.29 
7 1969.68 
8 1978.70 
9 1980.91 
10 1931.02 
11 1960.39 
12 1975.27 
13 1971.95 
14 1957.93 
15 1968.33 
16 1966.51 
17 1973.23 
18 1979.42 
19 1964.29 
20 1977.96 
21 1980.07 
22 1971.91 
23 1969.23 
24 1958.26 
25 1916.96 
26 1971.09 
27 1967.46 
28 1977.35 
29 1964.99 
30 1960.73 
31 1970.93 
32 1958.02 
33 1960.29 
34 1957.17 
35 1965.34 
36 1973.58 
37 1973.03 
38 1973.95 
39 1979.35 
40 1974.51 
41 1971.58 
42 1974.64 
43 1968.59 
44 1979.44 
45 1957.02 
46 1978.00 
47 1966.00 
48 1968.29 
49 1978.18 
50 1972.78 
51 1977.98 
52 1961.76 
53 1899.43 
54 1947.52 
55 1959.32 
56 1972.03 
57 1886.47 
58 1949.72 
59 1978.27 
60 1934.75 
61 1976.07 
62 1976.07 
63 1966.38 
64 1972.29 
65 1958.20 
66 1945.59 
67 1960.55 
68 1972.14 
69 1974.29 
70 1974.94 
71 1948.82 
72 1973.94 
73 1962.29 
74 1956.97 
75 1946.96 
76 1951.03 
77 1951.88 
78 1959.90 
79 1978.35 
80 1958.43 
81 1979.37 
82 1971.24 
83 1976.59 
84 1910.66 
85 1958.65 
86 1957.13 
87 1972.21 
88 1952.84 
89 1955.59 
90 1978.14 
91 1969.47 
92 1967.48 
93 1955.48 
94 1959.80 
95 1968.07 
96 1959.70 
97 1940.01 
98 1963.47 
99 1962.08 
100 1974.96 
101 1960.23 
102 1957.09 
103 1962.49 
104 1977.23 
105 1966.85 
106 1979.68 
107 1975.97 
108 1960.38 
109 1977.26 
110 1970.09 
111 1970.84 
112 1955.28 
113 1973.96 
114 1964.67 
115 1957.43 
116 1977.12 
117 1958.85 
118 1969.31 
119 1963.93 
120 1958.89 
121 1960.28 
122 1977.34 
123 1975.55 
124 1961.43 
125 1973.15 
126 1974.73 
127 1957.92 
128 1963.34 
129 1977.90 
130 1981.24 
131 1951.88 
132 1974.37 
133 1976.06 
134 1928.55 
135 1845.87 
136 1939.46 
137 1959.81 
138 1959.74 
139 1922.43 
140 1965.83 
141 1969.99 
142 1959.61 
143 1978.75 
144 1957.06 
145 1978.34 
146 1956.85 
147 1976.37 
148 1903.37 
149 1973.92 
150 1974.22 
151 1970.79 
152 1975.24 
153 1968.42 
154 1951.17 
155 1963.54 
156 1975.13 
157 1952.95 
158 1975.12 
159 1949.70 
160 1961.87 
161 1974.77 
162 1979.77 
163 1960.89 
164 1945.62 
165 1974.20 
166 1980.20 
167 1958.23 
168 1967.07 
169 1970.89 
170 1974.81 
171 1969.15 
172 1955.10 
173 1971.40 
174 1966.26 
175 1973.82 
176 1964.58 
177 1951.49 
178 1973.66 
179 1956.63 
180 1966.02 
181 1971.90 
182 1976.06 
183 1959.07 
184 1960.17 
185 1975.24 
186 1974.39 
187 1973.88 
188 1976.65 
189 1965.89 
190 1951.58 
191 1958.71 
192 1956.69 
193 1972.31 
194 1958.16 
195 1959.61 
196 1959.98 
197 1967.06 
198 1975.44 
199 1931.65 
200 1972.24 
201 1980.93 
202 1964.67 
203 1958.69 
204 1967.58 
205 1968.74 
206 1960.81 
207 1935.56 
208 1961.60 
209 1975.94 
210 1951.80 
211 1963.27 
212 1951.48 
213 1969.30 
214 1973.95 
215 1979.93 
216 1928.30 
217 1978.33 
218 1959.38 
219 1971.61 
220 1960.79 
221 1929.36 
222 1950.74 
223 1974.78 
224 1942.92 
225 1960.65 
226 1942.14 
227 1971.46 
228 1977.76 
229 1959.59 
230 1959.97 
231 1952.98 
232 1972.24 
233 1958.00 
234 1969.96 
235 1965.44 
236 1979.28 
237 1975.05 
238 1976.76 
239 1949.23 
240 1926.35 
241 1957.50 
242 1962.38 
243 1966.34 
244 1953.37 
245 1975.29 
246 1956.32 
247 1926.99 
248 1943.94 
249 1972.95 
250 1931.78 
251 1981.20 
252 1972.47 
253 1982.01 
254 1973.66 
255 1974.02 
256 1976.46 
257 1975.58 
258 1968.56 
259 1974.29 
260 1958.49 
261 1978.46 
262 1975.75 
263 1964.36 
264 1973.65 
265 1952.40 
266 1921.68 
267 1967.35 
268 1975.83 
269 1979.70 
270 1959.35 
271 1974.06 
272 1954.26 
273 1969.26 
274 1942.09 
275 1958.29 
276 1956.11 
277 1951.85 
278 1962.46 
279 1976.80 
280 1978.14 
281 1975.37 
282 1955.72 
283 1961.74 
284 1975.74 
285 1915.42 
286 1970.94 
287 1964.60 
288 1970.37 
289 1976.48 
290 1972.69 
291 1979.15 
292 1968.62 
293 1973.60 
294 1980.70 
295 1978.58 
296 1953.04 
297 1962.77 
298 1965.55 
299 1913.72 
300 1967.91 
301 1955.37 
302 1973.71 
303 1952.97 
304 1895.09 
305 1977.67 
306 1974.94 
307 1978.11 
308 1970.42 
309 1968.72 
310 1978.02 
311 1972.38 
312 1966.33 
313 1963.39 
314 1975.27 
315 1953.42 
316 1951.50 
317 1962.71 
318 1960.09 
319 1963.60 
320 1960.18 
321 1977.63 
322 1957.23 
323 1966.31 
324 1976.96 
325 1962.16 
326 1970.18 
327 1964.51 
328 1953.69 
329 1879.30 
330 1973.48 
331 1961.57 
332 1930.47 
333 1976.10 
334 1966.51 
335 1974.02 
336 1941.03 
337 1960.21 
338 1976.36 
339 1969.63 
340 1958.83 
341 1956.76 
342 1977.24 
343 1959.06 
344 1971.15 
345 1941.40 
346 1972.77 
347 1976.29 
348 1965.02 
349 1978.44 
350 1973.26 
351 1979.88 
352 1955.59 
353 1975.61 
354 1972.69 
355 1960.09 
356 1973.31 
357 1971.96 
358 1955.28 
359 1959.34 
360 1952.78 
361 1977.72 
362 1954.37 
363 1966.44 
364 1954.32 
365 1981.10 
366 1972.43 
367 1977.81 
368 1964.43 
369 1968.87 
370 1979.90 
371 1974.38 
372 1960.04 
373 1929.96 
374 1955.90 
375 1950.87 
376 1964.02 
377 1910.24 
378 1959.07 
379 1955.43 
380 1980.76 
381 1962.30 
382 1979.50 
383 1953.20 
384 1958.66 
385 1953.39 
386 1968.73 
387 1977.12 
388 1959.04 
389 1975.89 
390 1977.82 
391 1955.81 
392 1967.51 
393 1978.92 
394 1969.37 
395 1958.01 
396 1965.89 
397 1977.63 
398 1904.50 
399 1968.57 
400 1962.34 
401 1977.33 
402 1978.39 
403 1975.25 
404 1979.42 
405 1972.98 
406 1958.56 
407 1948.82 
408 1963.98 
409 1961.55 
410 1975.06 
411 1976.40 
412 1968.57 
413 1956.97 
414 1971.57 
415 1953.43 
416 1959.18 
417 1955.26 
418 1962.20 
419 1967.01 
420 1971.95 
421 1972.22 
422 1954.14 
423 1928.85 
424 1977.29 
425 1975.60 
426 1978.84 
427 1977.43 
428 1978.00 
429 1962.51 
430 1957.93 
431 1975.98 
432 1978.41 
433 1974.46 
434 1967.60 
435 1981.28 
436 1975.58 
437 1957.51 
438 1955.80 
439 1954.61 
440 1978.61 
441 1960.07 
442 1965.54 
443 1972.45 
444 1954.31 
445 1970.73 
446 1973.86 
447 1968.46 
448 1966.14 
449 1965.38 
450 1966.38 
451 1974.08 
452 1976.04 
453 1980.17 
454 1960.52 
455 1979.23 
456 1969.15 
457 1939.79 
458 1943.23 
459 1966.23 
460 1972.63 
461 1965.40 
462 1977.43 
463 1975.63 
464 1969.50 
465 1945.23 
466 1972.52 
467 1972.42 
468 1937.19 
469 1977.93 
470 1977.89 
471 1978.07 
472 1971.04 
473 1975.41 
474 1949.20 
475 1975.02 
476 1969.96 
477 1962.38 
478 1961.00 
479 1950.72 
480 1964.11 
481 1982.08 
482 1968.43 
483 1963.13 
484 1944.38 
485 1971.45 
486 1975.53 
487 1958.93 
488 1966.76 
489 1972.27 
490 1977.66 
491 1969.57 
492 1967.45 
493 1982.33 
494 1961.67 
495 1962.51 
496 1975.79 
497 1977.77 
498 1967.33 
499 1964.65 
500 1966.28 
501 1973.25 
502 1977.07 
503 1974.58 
504 1941.10 
505 1980.07 
506 1976.73 
507 1963.80 
508 1976.20 
509 1973.99 
510 1959.40 
511 1973.61 
512 1946.18 
513 1957.57 
514 1952.91 
515 1949.06 
516 1973.75 
517 1971.06 
518 1960.01 
519 1975.38 
520 1960.43 
521 1965.33 
522 1979.79 
523 1935.33 
524 1977.23 
525 1973.32 
526 1961.74 
527 1973.83 
528 1891.31 
529 1959.77 
530 1943.66 
531 1971.61 
532 1971.15 
533 1964.71 
534 1978.63 
535 1973.41 
536 1967.06 
537 1976.90 
538 1927.19 
539 1960.25 
540 1974.71 
541 1953.29 
542 1962.84 
543 1964.99 
544 1978.08 
545 1956.92 
546 1964.28 
547 1969.40 
548 1965.96 
549 1972.02 
550 1981.49 
551 1950.05 
552 1958.95 
553 1976.87 
554 1970.24 
555 1971.75 
556 1970.42 
557 1959.78 
558 1956.57 
559 1975.17 
560 1948.99 
561 1978.43 
562 1963.96 
563 1966.73 
564 1955.99 
565 1967.44 
566 1975.91 
567 1970.31 
568 1958.50 
569 1971.95 
570 1977.04 
571 1973.60 
572 1938.30 
573 1957.49 
574 1960.74 
575 1974.54 
576 1969.40 
577 1963.14 
578 1982.16 
579 1960.91 
580 1971.04 
581 1957.55 
582 1974.59 
583 1958.49 
584 1977.95 
585 1972.15 
586 1963.08 
587 1977.12 
588 1973.06 
589 1973.53 
590 1980.36 
591 1977.59 
592 1955.67 
593 1959.81 
594 1977.84 
595 1962.09 
596 1976.52 
597 1958.39 
598 1957.78 
599 1971.67 
600 1961.79 
601 1969.20 
602 1975.38 
603 1948.71 
604 1931.53 
605 1975.09 
606 1970.26 
607 1950.57 
608 1973.77 
609 1975.06 
610 1978.36 
611 1957.62 
612 1945.06 
613 1971.19 
614 1976.34 
615 1978.87 
616 1956.49 
617 1973.37 
618 1978.14 
619 1968.63 
620 1958.63 
621 1971.59 
622 1974.62 
623 1977.32 
624 1977.18 
625 1951.32 
626 1967.75 
627 1969.85 
628 1975.99 
629 1965.58 
630 1981.05 
631 1973.97 
632 1977.61 
633 1968.26 
634 1976.90 
635 1964.88 
636 1972.37 
637 1957.00 
638 1918.29 
639 1971.65 
640 1974.18 
641 1971.54 
642 1977.74 
643 1954.16 
644 1973.29 
645 1970.74 
646 1955.61 
647 1958.02 
648 1963.20 
649 1932.07 
650 1975.46 
651 1979.46 
652 1969.06 
653 1967.80 
654 1972.22 
655 1955.96 
656 1931.35 
657 1976.16 
658 1937.68 
659 1945.63 
660 1977.89 
661 1961.26 
662 1973.38 
663 1972.15 
664 1977.19 
665 1955.51 
666 1981.56 
667 1958.00 
668 1977.58 
669 1976.38 
670 1979.36 
671 1973.50 
672 1963.44 
673 1965.52 
674 1972.95 
675 1969.96 
676 1976.31 
677 1981.36 
678 1971.61 
679 1980.29 
680 1972.94 
681 1963.76 
682 1978.72 
683 1956.88 
684 1960.86 
685 1956.08 
686 1964.65 
687 1968.44 
688 1950.76 
689 1963.32 
690 1960.15 
691 1962.44 
692 1973.37 
693 1961.28 
694 1949.91 
695 1973.29 
696 1978.42 
697 1977.76 
698 1968.78 
699 1973.35 
700 1977.18 
701 1975.08 
702 1964.08 
703 1951.23 
704 1980.11 
705 1978.24 
706 1963.10 
707 1980.78 
708 1950.87 
709 1967.24 
710 1970.08 
711 1959.59 
712 1939.86 
713 1961.57 
714 1945.97 
715 1960.80 
716 1967.28 
717 1968.66 
718 1966.03 
719 1961.92 
720 1974.61 
721 1976.95 
722 1980.20 
723 1962.89 
724 1976.47 
725 1932.19 
726 1960.91 
727 1971.90 
728 1976.56 
729 1952.47 
730 1959.17 
731 1980.35 
732 1977.90 
733 1965.80 
734 1955.59 
735 1963.05 
736 1961.35 
737 1964.19 
738 1974.38 
739 1954.82 
740 1955.98 
741 1978.24 
742 1959.69 
743 1966.92 
744 1974.05 
745 1976.50 
746 1972.80 
747 1940.96 
748 1960.10 
749 1979.11 
750 1971.03 
751 1973.91 
752 1969.39 
753 1956.08 
754 1971.08 
755 1970.48 
756 1973.66 
757 1978.26 
758 1970.32 
759 1967.45 
760 1963.82 
761 1957.58 
762 1975.33 
763 1933.08 
764 1959.29 
765 1957.26 
766 1936.28 
767 1978.86 
768 1963.29 
769 1950.28 
770 1967.22 
771 1939.97 
772 1975.22 
773 1972.49 
774 1977.97 
775 1922.04 
776 1966.31 
777 1970.85 
778 1957.18 
779 1959.37 
780 1980.47 
781 1980.60 
782 1973.65 
783 1968.71 
784 1955.07 
785 1957.65 
786 1958.59 
787 1967.02 
788 1973.26 
789 1960.23 
790 1964.53 
791 1959.83 
792 1973.01 
793 1958.79 
794 1949.50 
795 1942.17 
796 1978.53 
797 1969.71 
798 1971.06 
799 1810.81 
800 1972.44 
801 1954.70 
802 1971.26 
803 1962.71 
804 1981.19 
805 1969.74 
806 1951.30 
807 1956.67 
808 1957.81 
809 1977.02 
810 1961.75 
811 1976.37 
812 1960.33 
813 1936.15 
814 1979.84 
815 1959.94 
816 1975.95 
817 1975.48 
818 1959.75 
819 1900.87 
820 1961.24 
821 1969.72 
822 1974.35 
823 1974.32 
824 1957.26 
825 1975.88 
826 1964.11 
827 1979.95 
828 1916.44 
829 1957.90 
830 1963.92 
831 1959.84 
832 1960.48 
833 1966.47 
834 1970.72 
835 1967.99 
836 1977.15 
837 1976.08 
838 1970.63 
839 1972.73 
840 1920.34 
841 1975.56 
842 1967.96 
843 1961.86 
844 1956.44 
845 1979.19 
846 1944.03 
847 1975.03 
848 1966.39 
849 1959.77 
850 1973.19 
851 1920.65 
852 1979.67 
853 1970.80 
854 1955.46 
855 1974.58 
856 1959.47 
857 1947.86 
858 1943.91 
859 1976.32 
860 1957.41 
861 1974.39 
862 1956.32 
863 1973.98 
864 1977.89 
865 1942.12 
866 1947.85 
867 1965.72 
868 1961.83 
869 1963.88 
870 1911.59 
871 1971.28 
872 1959.58 
873 1958.18 
874 1978.75 
875 1936.43 
876 1961.16 
877 1957.61 
878 1975.37 
879 1932.73 
880 1970.27 
881 1960.31 
882 1975.63 
883 1958.36 
884 1973.28 
885 1971.85 
886 1971.52 
887 1958.18 
888 1970.23 
889 1978.86 
890 1945.32 
891 1965.44 
892 1956.66 
893 1953.83 
894 1974.47 
895 1963.99 
896 1975.47 
897 1973.92 
898 1970.55 
899 1973.53 
900 1966.28 
901 1973.83 
902 1958.24 
903 1976.40 
904 1958.94 
905 1954.14 
906 1975.17 
907 1972.80 
908 1978.44 
909 1976.89 
910 1944.20 
911 1977.79 
912 1949.41 
913 1955.65 
914 1957.44 
915 1978.21 
916 1970.15 
917 1956.94 
918 1950.08 
919 1972.88 
920 1979.24 
921 1958.99 
922 1962.50 
923 1957.55 
924 1956.73 
925 1957.90 
926 1978.83 
927 1975.38 
928 1979.40 
929 1966.57 
930 1970.67 
931 1976.65 
932 1968.70 
933 1973.63 
934 1975.86 
935 1956.71 
936 1961.72 
937 1974.00 
938 1977.97 
939 1970.75 
940 1967.13 
941 1958.49 
942 1978.57 
943 1976.39 
944 1968.83 
945 1971.10 
946 1971.65 
947 1957.85 
948 1959.91 
949 1957.69 
950 1959.35 
951 1976.44 
952 1973.19 
953 1980.52 
954 1970.98 
955 1970.59 
956 1968.15 
957 1940.21 
958 1935.72 
959 1957.62 
960 1976.83 
961 1931.05 
962 1963.87 
963 1955.34 
964 1951.41 
965 1975.69 
966 1977.23 
967 1962.27 
968 1970.70 
969 1962.35 
970 1954.70 
971 1970.65 
972 1972.25 
973 1972.48 
974 1956.05 
975 1967.11 
976 1966.93 
977 1962.11 
978 1973.17 
979 1967.54 
980 1982.57 
981 1974.01 
982 1967.19 
983 1973.52 
984 1964.08 
985 1948.62 
986 1974.89 
987 1948.43 
988 1975.39 
989 1959.43 
990 1971.85 
991 1957.02 
992 1975.33 
993 1968.52 
994 1956.58 
995 1966.23 
996 1955.29 
997 1951.98 
998 1959.13 
999 1927.39 
1000 1951.21 
1001 1977.23 
1002 1973.66 
1003 1963.95 
1004 1959.22 
1005 1856.72 
1006 1960.63 
1007 1980.79 
1008 1938.21 
1009 1969.12 
1010 1975.85 
1011 1975.16 
1012 1935.58 
1013 1966.38 
1014 1972.63 
1015 1973.75 
1016 1906.00 
1017 1959.30 
1018 1971.92 
1019 1967.04 
1020 1968.49 
1021 1976.99 
1022 1927.72 
1023 1954.44 
1024 1955.23 
1025 1956.79 
1026 1976.97 
1027 1972.52 
1028 1971.98 
1029 1956.05 
1030 1978.14 
1031 1923.24 
1032 1979.25 
1033 1966.91 
1034 1972.13 
1035 1977.49 
1036 1979.05 
1037 1974.39 
1038 1922.93 
1039 1972.79 
1040 1971.34 
1041 1970.84 
1042 1966.69 
1043 1964.35 
1044 1970.53 
1045 1976.76 
1046 1893.65 
1047 1977.23 
1048 1957.80 
1049 1944.09 
1050 1979.30 
1051 1933.52 
1052 1973.50 
1053 1963.20 
1054 1968.58 
1055 1975.10 
1056 1972.79 
1057 1972.45 
1058 1958.15 
1059 1970.48 
1060 1965.64 
1061 1977.36 
1062 1971.65 
1063 1976.15 
1064 1974.79 
1065 1957.55 
1066 1962.67 
1067 1862.35 
1068 1972.80 
1069 1978.41 
1070 1978.57 
1071 1955.65 
1072 1964.92 
1073 1979.86 
1074 1976.07 
1075 1932.68 
1076 1974.09 
1077 1910.68 
1078 1956.88 
1079 1964.79 
1080 1968.43 
1081 1946.02 
1082 1963.51 
1083 1957.50 
1084 1977.53 
1085 1950.09 
1086 1974.93 
1087 1979.73 
1088 1970.24 
1089 1967.11 
1090 1980.26 
1091 1971.26 
1092 1973.17 
1093 1969.67 
1094 1954.60 
1095 1951.32 
1096 1975.66 
1097 1959.99 
1098 1969.71 
1099 1979.63 
1100 1956.50 
1101 1977.82 
1102 1932.66 
1103 1960.94 
1104 1958.70 
1105 1973.75 
1106 1956.12 
1107 1957.16 
1108 1974.54 
1109 1934.57 
1110 1976.08 
1111 1972.78 
1112 1962.54 
1113 1967.93 
1114 1957.80 
1115 1955.00 
1116 1977.70 
1117 1950.29 
1118 1979.48 
1119 1974.17 
1120 1970.62 
1121 1979.89 
1122 1975.78 
1123 1960.59 
1124 1973.77 
1125 1971.03 
1126 1978.90 
1127 1952.05 
1128 1973.96 
1129 1974.92 
1130 1976.08 
1131 1980.97 
1132 1934.07 
1133 1972.21 
1134 1973.87 
1135 1951.67 
1136 1974.45 
1137 1976.64 
1138 1966.40 
1139 1977.84 
1140 1962.56 
1141 1967.66 
1142 1973.33 
1143 1961.68 
1144 1967.40 
1145 1967.91 
1146 1976.43 
1147 1971.26 
1148 1980.53 
1149 1964.86 
1150 1977.54 
1151 1954.38 
1152 1951.49 
1153 1978.08 
1154 1972.20 
1155 1944.16 
1156 1947.50 
1157 1970.34 
1158 1969.19 
1159 1977.20 
1160 1967.73 
1161 1973.44 
1162 1910.76 
1163 1969.09 
1164 1967.94 
1165 1971.28 
1166 1979.44 
1167 1973.16 
1168 1954.69 
1169 1959.94 
1170 1975.76 
1171 1955.66 
1172 1972.34 
1173 1953.87 
1174 1977.51 
1175 1955.88 
1176 1978.86 
1177 1957.50 
1178 1962.37 
1179 1960.82 
1180 1965.79 
1181 1967.27 
1182 1970.90 
1183 1975.57 
1184 1969.87 
1185 1935.15 
1186 1973.70 
1187 1975.24 
1188 1945.01 
1189 1978.90 
1190 1962.54 
1191 1972.29 
1192 1975.57 
1193 1973.86 
1194 1979.56 
1195 1965.69 
1196 1961.16 
1197 1981.69 
1198 1980.37 
1199 1959.08 
1200 1962.67 
1201 1977.26 
1202 1969.95 
1203 1957.79 
1204 1966.61 
1205 1944.42 
1206 1946.68 
1207 1959.34 
1208 1978.06 
1209 1976.56 
1210 1947.82 
1211 1978.16 
1212 1976.29 
1213 1967.45 
1214 1973.84 
1215 1954.37 
1216 1976.75 
1217 1973.40 
1218 1954.41 
1219 1962.05 
1220 1972.44 
1221 1966.53 
1222 1972.00 
1223 1959.11 
1224 1966.92 
1225 1974.55 
1226 1971.43 
1227 1944.95 
1228 1978.55 
1229 1976.02 
1230 1973.41 
1231 1977.48 
1232 1959.57 
1233 1958.53 
1234 1979.44 
1235 1974.55 
1236 1955.62 
1237 1947.64 
1238 1970.33 
1239 1962.18 
1240 1963.35 
1241 1973.25 
1242 1966.63 
1243 1978.80 
1244 1974.19 
1245 1977.66 
1246 1972.76 
1247 1975.22 
1248 1960.73 
1249 1964.63 
1250 1946.99 
1251 1958.33 
1252 1938.50 
1253 1956.18 
1254 1931.04 
1255 1960.17 
1256 1959.46 
1257 1954.80 
1258 1961.53 
1259 1978.62 
1260 1979.43 
1261 1967.09 
1262 1970.60 
1263 1931.10 
1264 1951.93 
1265 1974.71 
1266 1953.82 
1267 1975.68 
1268 1976.16 
1269 1972.64 
1270 1895.10 
1271 1965.60 
1272 1979.42 
1273 1944.86 
1274 1969.47 
1275 1980.40 
1276 1976.00 
1277 1969.73 
1278 1979.77 
1279 1968.84 
1280 1971.48 
1281 1962.63 
1282 1975.88 
1283 1972.89 
1284 1968.02 
1285 1979.43 
1286 1970.42 
1287 1959.42 
1288 1973.74 
1289 1974.88 
1290 1980.23 
1291 1971.56 
1292 1956.35 
1293 1972.54 
1294 1963.62 
1295 1954.07 
1296 1978.01 
1297 1975.74 
1298 1969.17 
1299 1977.27 
1300 1980.81 
1301 1959.01 
1302 1968.53 
1303 1971.63 
1304 1975.43 
1305 1971.67 
1306 1964.22 
1307 1967.56 
1308 1963.73 
1309 1949.96 
1310 1944.89 
1311 1981.97 
1312 1978.47 
1313 1975.49 
1314 1955.40 
1315 1980.34 
1316 1970.89 
1317 1975.27 
1318 1976.97 
1319 1973.15 
1320 1960.10 
1321 1973.14 
1322 1972.07 
1323 1961.60 
1324 1970.22 
1325 1971.97 
1326 1957.75 
1327 1970.35 
1328 1975.72 
1329 1951.49 
1330 1977.68 
1331 1960.48 
1332 1978.76 
1333 1898.72 
1334 1976.75 
1335 1976.79 
1336 1961.50 
1337 1959.99 
1338 1973.53 
1339 1976.89 
1340 1979.81 
1341 1972.61 
1342 1965.61 
1343 1977.13 
1344 1954.63 
1345 1950.03 
1346 1962.31 
1347 1947.67 
1348 1972.91 
1349 1961.16 
1350 1951.03 
1351 1963.52 
1352 1975.31 
1353 1973.12 
1354 1961.05 
1355 1970.06 
1356 1975.14 
1357 1979.38 
1358 1927.64 
1359 1917.66 
1360 1975.28 
1361 1957.30 
1362 1953.65 
1363 1975.59 
1364 1971.40 
1365 1971.63 
1366 1975.28 
1367 1973.20 
1368 1977.58 
1369 1980.83 
1370 1973.77 
1371 1957.30 
1372 1980.93 
1373 1972.55 
1374 1960.23 
1375 1967.69 
1376 1978.50 
1377 1959.70 
1378 1970.76 
1379 1973.09 
1380 1959.51 
1381 1945.70 
1382 1951.52 
1383 1961.80 
1384 1973.02 
1385 1926.09 
1386 1971.80 
1387 1959.58 
1388 1974.01 
1389 1967.48 
1390 1972.06 
1391 1977.73 
1392 1960.55 
1393 1919.29 
1394 1976.90 
1395 1956.04 
1396 1954.42 
1397 1977.27 
1398 1977.67 
1399 1976.26 
1400 1977.70 
1401 1971.43 
1402 1977.06 
1403 1978.01 
1404 1977.44 
1405 1924.26 
1406 1928.12 
1407 1962.11 
1408 1953.95 
1409 1967.56 
1410 1939.24 
1411 1957.71 
1412 1981.19 
1413 1975.49 
1414 1973.40 
1415 1969.23 
1416 1969.51 
1417 1962.31 
1418 1970.65 
1419 1975.30 
1420 1978.64 
1421 1964.00 
1422 1978.00 
1423 1979.01 
1424 1968.17 
1425 1972.75 
1426 1954.73 
1427 1974.19 
1428 1936.59 
1429 1955.87 
1430 1963.11 
1431 1973.93 
1432 1960.30 
1433 1954.82 
1434 1975.19 
1435 1966.08 
1436 1958.55 
1437 1968.24 
1438 1948.40 
1439 1957.23 
1440 1980.11 
1441 1948.17 
1442 1952.95 
1443 1955.32 
1444 1969.81 
1445 1949.02 
1446 1975.32 
1447 1958.70 
1448 1974.66 
1449 1975.37 
1450 1964.40 
1451 1959.77 
1452 1936.34 
1453 1969.16 
1454 1976.52 
1455 1976.77 
1456 1971.42 
1457 1976.56 
1458 1972.97 
1459 1973.40 
1460 1977.66 
1461 1960.51 
1462 1960.80 
1463 1976.86 
1464 1976.84 
1465 1962.98 
1466 1974.49 
1467 1972.31 
1468 1976.46 
1469 1974.17 
1470 1977.72 
1471 1956.44 
1472 1960.44 
1473 1935.85 
1474 1958.04 
1475 1959.77 
1476 1972.83 
1477 1974.78 
1478 1978.37 
1479 1972.10 
1480 1964.13 
1481 1973.10 
1482 1929.93 
1483 1961.54 
1484 1961.14 
1485 1955.77 
1486 1974.80 
1487 1975.69 
1488 1977.37 
1489 1963.31 
1490 1959.51 
1491 1962.25 
1492 1965.65 
1493 1970.78 
1494 1974.83 
1495 1973.35 
1496 1976.72 
1497 1974.66 
1498 1972.35 
1499 1977.10 
1500 1977.00 
1501 1969.92 
1502 1977.85 
1503 1971.18 
1504 1979.10 
1505 1971.47 
1506 1923.32 
1507 1925.39 
1508 1964.56 
1509 1972.85 
1510 1977.24 
1511 1959.72 
1512 1982.32 
1513 1959.41 
1514 1974.33 
1515 1970.31 
1516 1980.01 
1517 1933.97 
1518 1980.13 
1519 1973.70 
1520 1914.01 
1521 1974.22 
1522 1957.00 
1523 1979.04 
1524 1955.94 
1525 1956.04 
1526 1971.09 
1527 1961.43 
1528 1926.89 
1529 1978.91 
1530 1972.51 
1531 1975.21 
1532 1969.82 
1533 1977.58 
1534 1975.15 
1535 1977.21 
1536 1955.57 
1537 1974.55 
1538 1979.27 
1539 1972.49 
1540 1947.16 
1541 1956.74 
1542 1923.42 
1543 1958.90 
1544 1978.33 
1545 1962.95 
1546 1959.31 
1547 1970.54 
1548 1975.74 
1549 1960.48 
1550 1969.03 
1551 1978.78 
1552 1943.93 
1553 1970.27 
1554 1961.53 
1555 1928.32 
1556 1975.21 
1557 1966.92 
1558 1960.37 
1559 1977.78 
1560 1964.49 
1561 1969.17 
1562 1976.61 
1563 1962.37 
1564 1964.03 
1565 1959.29 
1566 1970.88 
1567 1971.99 
1568 1973.02 
1569 1955.93 
1570 1961.10 
1571 1972.06 
1572 1959.97 
1573 1972.79 
1574 1974.70 
1575 1973.35 
1576 1971.72 
1577 1956.30 
1578 1977.36 
1579 1975.00 
1580 1977.72 
1581 1980.63 
1582 1958.60 
1583 1956.36 
1584 1975.42 
1585 1969.46 
1586 1972.71 
1587 1967.96 
1588 1975.41 
1589 1973.29 
1590 1973.62 
1591 1969.32 
1592 1975.25 
1593 1978.75 
1594 1969.68 
1595 1979.95 
1596 1968.40 
1597 1974.34 
1598 1979.26 
1599 1973.07 
1600 1947.06 
1601 1970.59 
1602 1965.58 
1603 1972.22 
1604 1972.75 
1605 1956.87 
1606 1955.36 
1607 1974.02 
1608 1966.90 
1609 1961.15 
1610 1969.02 
1611 1973.22 
1612 1979.68 
1613 1962.90 
1614 1976.47 
1615 1956.91 
1616 1840.39 
1617 1975.95 
1618 1978.83 
1619 1945.03 
1620 1969.62 
1621 1974.60 
1622 1968.92 
1623 1952.43 
1624 1976.66 
1625 1969.69 
1626 1980.25 
1627 1971.89 
1628 1973.56 
1629 1977.00 
1630 1952.04 
1631 1978.31 
1632 1973.64 
1633 1961.62 
1634 1981.07 
1635 1974.58 
1636 1975.22 
1637 1974.02 
1638 1942.23 
1639 1980.92 
1640 1968.70 
1641 1977.40 
1642 1960.52 
1643 1976.69 
1644 1980.18 
1645 1968.40 
1646 1982.93 
1647 1956.50 
1648 1972.08 
1649 1977.38 
1650 1966.36 
1651 1973.30 
1652 1955.47 
1653 1968.89 
1654 1972.18 
1655 1954.26 
1656 1955.72 
1657 1978.86 
1658 1981.48 
1659 1964.75 
1660 1957.69 
1661 1965.70 
1662 1970.22 
1663 1958.68 
1664 1974.67 
1665 1971.16 
1666 1971.47 
1667 1978.14 
1668 1955.24 
1669 1961.47 
1670 1966.68 
1671 1965.75 
1672 1968.85 
1673 1956.72 
1674 1976.31 
1675 1965.59 
1676 1975.98 
1677 1980.16 
1678 1968.14 
1679 1975.92 
1680 1976.05 
1681 1960.66 
1682 1976.04 
1683 1976.23 
1684 1929.06 
1685 1979.32 
1686 1976.95 
1687 1975.19 
1688 1971.25 
1689 1951.80 
1690 1970.48 
1691 1972.54 
1692 1940.55 
1693 1975.11 
1694 1973.35 
1695 1979.64 
1696 1978.66 
1697 1974.82 
1698 1971.70 
1699 1976.73 
1700 1973.02 
1701 1955.02 
1702 1916.37 
1703 1966.53 
1704 1953.88 
1705 1958.34 
1706 1978.31 
1707 1968.55 
1708 1981.36 
1709 1968.10 
1710 1978.94 
1711 1962.27 
1712 1953.35 
1713 1959.88 
1714 1960.88 
1715 1974.65 
1716 1977.75 
1717 1968.77 
1718 1924.99 
1719 1971.11 
1720 1968.59 
1721 1961.33 
1722 1968.33 
1723 1969.62 
1724 1966.60 
1725 1959.89 
1726 1961.99 
1727 1979.49 
1728 1975.36 
1729 1963.64 
1730 1930.69 
1731 1965.74 
1732 1975.15 
1733 1965.23 
1734 1974.52 
1735 1967.93 
1736 1970.05 
1737 1953.07 
1738 1975.75 
1739 1978.63 
1740 1973.65 
1741 1974.40 
1742 1975.05 
1743 1966.49 
1744 1972.29 
1745 1924.54 
1746 1971.27 
1747 1974.45 
1748 1969.15 
1749 1931.87 
1750 1962.14 
1751 1975.98 
1752 1961.54 
1753 1950.83 
1754 1962.46 
1755 1968.36 
1756 1975.00 
1757 1895.51 
1758 1976.19 
1759 1973.04 
1760 1964.38 
1761 1976.61 
1762 1976.45 
1763 1950.63 
1764 1966.98 
1765 1935.63 
1766 1976.82 
1767 1953.59 
1768 1975.35 
1769 1969.86 
1770 1969.28 
1771 1969.86 
1772 1958.87 
1773 1968.59 
1774 1977.50 
1775 1980.11 
1776 1971.17 
1777 1977.09 
1778 1960.45 
1779 1932.24 
1780 1954.89 
1781 1974.65 
1782 1980.52 
1783 1961.31 
1784 1979.40 
1785 1955.68 
1786 1979.95 
1787 1976.28 
1788 1979.00 
1789 1976.06 
1790 1962.17 
1791 1972.78 
1792 1975.83 
1793 1909.23 
1794 1920.51 
1795 1960.59 
1796 1978.08 
1797 1975.85 
1798 1974.49 
1799 1974.26 
1800 1974.93 
1801 1978.77 
1802 1977.74 
1803 1976.33 
1804 1974.11 
1805 1913.23 
1806 1957.08 
1807 1960.64 
1808 1963.47 
1809 1976.15 
1810 1976.17 
1811 1979.81 
1812 1976.50 
1813 1974.04 
1814 1973.56 
1815 1979.16 
1816 1954.51 
1817 1969.70 
1818 1964.57 
1819 1975.32 
1820 1977.02 
1821 1963.66 
1822 1963.71 
1823 1973.06 
1824 1968.88 
1825 1954.82 
1826 1962.90 
1827 1974.61 
1828 1958.87 
1829 1970.34 
1830 1965.36 
1831 1960.13 
1832 1964.34 
1833 1972.65 
1834 1975.09 
1835 1977.06 
1836 1978.21 
1837 1960.66 
1838 1978.46 
1839 1973.30 
1840 1945.06 
1841 1963.35 
1842 1961.22 
1843 1967.27 
1844 1954.60 
1845 1961.00 
1846 1957.40 
1847 1960.61 
1848 1977.08 
1849 1964.35 
1850 1954.75 
1851 1981.36 
1852 1947.31 
1853 1978.29 
1854 1926.13 
1855 1970.74 
1856 1973.54 
1857 1966.20 
1858 1970.09 
1859 1955.18 
1860 1971.77 
1861 1971.33 
1862 1978.84 
1863 1965.99 
1864 1979.41 
1865 1957.97 
1866 1976.58 
1867 1957.72 
1868 1976.41 
1869 1960.90 
1870 1973.67 
1871 1979.69 
1872 1963.10 
1873 1975.95 
1874 1957.97 
1875 1971.23 
1876 1971.55 
1877 1970.92 
1878 1976.24 
1879 1980.50 
1880 1962.71 
1881 1974.86 
1882 1978.54 
1883 1971.07 
1884 1971.53 
1885 1964.35 
1886 1968.20 
1887 1970.20 
1888 1979.02 
1889 1964.25 
1890 1957.82 
1891 1959.00 
1892 1962.15 
1893 1958.62 
1894 1978.71 
1895 1954.92 
1896 1961.48 
1897 1967.02 
1898 1973.63 
1899 1956.90 
1900 1958.89 
1901 1963.18 
1902 1959.10 
1903 1960.59 
1904 1962.86 
1905 1977.72 
1906 1965.23 
1907 1958.52 
1908 1979.30 
1909 1957.60 
1910 1971.71 
1911 1944.70 
1912 1958.67 
1913 1971.60 
1914 1948.38 
1915 1931.34 
1916 1978.04 
1917 1979.48 
1918 1971.11 
1919 1973.43 
1920 1959.79 
1921 1965.39 
1922 1938.59 
1923 1973.00 
1924 1947.12 
1925 1976.33 
1926 1932.31 
1927 1967.62 
1928 1963.71 
1929 1958.30 
1930 1954.90 
1931 1968.80 
1932 1978.79 
1933 1961.43 
1934 1977.48 
1935 1980.61 
1936 1971.55 
1937 1955.80 
1938 1964.46 
1939 1954.29 
1940 1954.27 
1941 1960.60 
1942 1944.74 
1943 1921.71 
1944 1974.07 
1945 1961.45 
1946 1977.81 
1947 1971.88 
1948 1975.38 
1949 1963.13 
1950 1977.38 
1951 1963.35 
1952 1977.84 
1953 1977.12 
1954 1973.02 
1955 1958.38 
1956 1968.35 
1957 1975.93 
1958 1956.76 
1959 1961.65 
1960 1967.26 
1961 1968.63 
1962 1974.86 
1963 1959.38 
1964 1965.09 
1965 1957.14 
1966 1910.71 
1967 1954.40 
1968 1963.64 
1969 1975.20 
1970 1958.75 
1971 1958.32 
1972 1975.92 
1973 1973.84 
1974 1961.68 
1975 1969.46 
1976 1974.20 
1977 1961.57 
1978 1971.04 
1979 1971.67 
1980 1968.98 
1981 1978.20 
1982 1977.30 
1983 1975.28 
1984 1970.11 
1985 1954.69 
1986 1976.89 
1987 1979.27 
1988 1955.58 
1989 1971.94 
1990 1980.41 
1991 1969.86 
1992 1975.20 
1993 1972.43 
1994 1976.59 
1995 1975.97 
1996 1977.12 
1997 1956.95 
1998 1979.29 
1999 1941.67 
2000 1966.23 
2001 1977.81 
2002 1972.67 
2003 1951.32 
2004 1974.43 
2005 1979.13 
2006 1972.83 
2007 1958.27 
2008 1980.44 
2009 1961.51 
2010 1980.69 
2011 1950.87 
2012 1966.01 
2013 1978.26 
2014 1972.17 
2015 1971.69 
2016 1943.71 
2017 1966.26 
2018 1979.62 
2019 1934.34 
2020 1979.87 
2021 1953.56 
2022 1974.65 
2023 1965.22 
2024 1977.49 
2025 1970.47 
2026 1961.99 
2027 1949.14 
2028 1980.42 
2029 1959.12 
2030 1956.17 
2031 1982.40 
2032 1953.87 
2033 1975.04 
2034 1970.45 
2035 1962.12 
2036 1974.95 
2037 1961.57 
2038 1955.43 
2039 1966.11 
2040 1976.84 
2041 1978.53 
2042 1976.90 
2043 1963.92 
2044 1971.81 
2045 1972.34 
2046 1968.51 
2047 1970.84 
2048 1981.92 
2049 1958.15 
2050 1963.26 
2051 1977.86 
2052 1973.01 
2053 1921.15 
2054 1955.92 
2055 1970.34 
2056 1959.87 
2057 1975.04 
2058 1959.87 
2059 1969.30 
2060 1969.06 
2061 1961.16 
2062 1979.37 
2063 1931.14 
2064 1968.13 
2065 1963.51 
2066 1971.27 
2067 1944.40 
2068 1976.51 
2069 1976.26 
2070 1976.93 
2071 1967.50 
2072 1978.60 
2073 1970.51 
2074 1976.65 
2075 1969.44 
2076 1965.77 
2077 1932.52 
2078 1978.58 
2079 1974.16 
2080 1977.84 
2081 1975.62 
2082 1964.43 
2083 1977.24 
2084 1957.09 
2085 1976.02 
2086 1980.27 
2087 1976.58 
2088 1947.72 
2089 1922.21 
2090 1979.37 
2091 1947.99 
2092 1971.04 
2093 1966.51 
2094 1974.29 
2095 1959.15 
2096 1939.17 
2097 1972.15 
2098 1979.12 
2099 1958.53 
2100 1936.87 
2101 1979.06 
2102 1976.96 
2103 1968.17 
2104 1964.77 
2105 1955.63 
2106 1981.00 
2107 1967.89 
2108 1976.29 
2109 1972.24 
2110 1956.01 
2111 1962.74 
2112 1979.65 
2113 1958.57 
2114 1932.39 
2115 1934.62 
2116 1973.57 
2117 1932.21 
2118 1970.19 
2119 1948.07 
2120 1979.23 
2121 1970.48 
2122 1960.29 
2123 1968.87 
2124 1955.67 
2125 1956.54 
2126 1976.19 
2127 1967.35 
2128 1978.02 
2129 1942.69 
2130 1968.92 
2131 1965.87 
2132 1957.48 
2133 1893.66 
2134 1979.53 
2135 1964.74 
2136 1975.74 
2137 1959.85 
2138 1953.40 
2139 1969.42 
2140 1952.74 
2141 1978.83 
2142 1974.11 
2143 1948.93 
2144 1977.83 
2145 1964.62 
2146 1888.95 
2147 1971.34 
2148 1961.43 
2149 1962.43 
2150 1927.50 
2151 1976.71 
2152 1979.41 
2153 1976.35 
2154 1980.95 
2155 1964.95 
2156 1971.65 
2157 1972.99 
2158 1965.78 
2159 1964.01 
2160 1971.62 
2161 1961.03 
2162 1972.55 
2163 1980.40 
2164 1976.48 
2165 1960.17 
2166 1962.08 
2167 1968.17 
2168 1974.26 
2169 1957.46 
2170 1976.06 
2171 1959.79 
2172 1970.54 
2173 1958.53 
2174 1973.94 
2175 1974.13 
2176 1962.91 
2177 1973.78 
2178 1976.52 
2179 1978.98 
2180 1977.47 
2181 1976.58 
2182 1978.65 
2183 1968.28 
2184 1982.25 
2185 1975.37 
2186 1951.83 
2187 1978.66 
2188 1977.88 
2189 1976.21 
2190 1968.58 
2191 1981.49 
2192 1966.24 
2193 1977.04 
2194 1977.03 
2195 1975.62 
2196 1980.00 
2197 1979.22 
2198 1976.37 
2199 1978.74 
2200 1975.62 
2201 1961.06 
2202 1975.32 
2203 1958.88 
2204 1981.68 
2205 1920.79 
2206 1953.01 
2207 1948.32 
2208 1975.69 
2209 1973.97 
2210 1927.98 
2211 1973.13 
2212 1970.06 
2213 1972.31 
2214 1979.36 
2215 1969.03 
2216 1976.39 
2217 1974.63 
2218 1976.73 
2219 1977.44 
2220 1961.76 
2221 1940.15 
2222 1966.85 
2223 1962.59 
2224 1965.99 
2225 1973.57 
2226 1979.94 
2227 1977.48 
2228 1962.29 
2229 1977.82 
2230 1974.99 
2231 1964.06 
2232 1939.19 
2233 1959.51 
2234 1961.35 
2235 1954.53 
2236 1974.88 
2237 1967.93 
2238 1970.96 
2239 1974.27 
2240 1974.83 
2241 1961.44 
2242 1967.66 
2243 1961.15 
2244 1956.07 
2245 1972.19 
2246 1970.60 
2247 1973.28 
2248 1954.84 
2249 1972.18 
2250 1974.85 
2251 1974.89 
2252 1972.69 
2253 1968.53 
2254 1970.12 
2255 1973.50 
2256 1977.70 
2257 1973.14 
2258 1975.95 
2259 1957.94 
2260 1962.38 
2261 1970.89 
2262 1960.14 
2263 1975.52 
2264 1956.91 
2265 1958.70 
2266 1952.45 
2267 1972.26 
2268 1930.95 
2269 1972.88 
2270 1972.59 
2271 1941.20 
2272 1968.46 
2273 1972.10 
2274 1949.10 
2275 1944.96 
2276 1936.26 
2277 1974.47 
2278 1966.81 
2279 1957.35 
2280 1957.70 
2281 1969.95 
2282 1977.02 
2283 1946.39 
2284 1974.63 
2285 1953.98 
2286 1961.48 
2287 1975.30 
2288 1972.95 
2289 1954.76 
2290 1970.41 
2291 1970.79 
2292 1959.26 
2293 1963.17 
2294 1973.75 
2295 1979.25 
2296 1945.25 
2297 1970.99 
2298 1968.50 
2299 1975.16 
2300 1953.95 
2301 1975.02 
2302 1971.96 
2303 1978.12 
2304 1971.27 
2305 1973.89 
2306 1928.66 
2307 1972.71 
2308 1961.13 
2309 1959.11 
2310 1978.64 
2311 1963.18 
2312 1976.66 
2313 1976.75 
2314 1960.83 
2315 1975.66 
2316 1973.94 
2317 1976.32 
2318 1955.28 
2319 1973.39 
2320 1974.51 
2321 1954.68 
2322 1941.41 
2323 1973.08 
2324 1957.20 
2325 1957.76 
2326 1960.30 
2327 1975.89 
2328 1946.12 
2329 1977.33 
2330 1967.69 
2331 1963.00 
2332 1922.43 
2333 1978.07 
2334 1969.83 
2335 1971.93 
2336 1978.27 
2337 1964.24 
2338 1961.96 
2339 1955.78 
2340 1955.79 
2341 1976.33 
2342 1973.70 
2343 1968.31 
2344 1961.25 
2345 1969.92 
2346 1966.26 
2347 1974.93 
2348 1976.71 
2349 1963.93 
2350 1955.81 
2351 1920.96 
2352 1970.06 
2353 1976.70 
2354 1963.38 
2355 1955.01 
2356 1938.09 
2357 1951.00 
2358 1978.60 
2359 1972.69 
2360 1971.70 
2361 1977.44 
2362 1973.55 
2363 1977.69 
2364 1958.58 
2365 1955.74 
2366 1960.48 
2367 1971.64 
2368 1975.84 
2369 1974.43 
2370 1972.04 
2371 1977.56 
2372 1917.38 
2373 1972.94 
2374 1965.57 
2375 1946.84 
2376 1970.17 
2377 1923.58 
2378 1979.09 
2379 1972.43 
2380 1960.77 
2381 1945.69 
2382 1980.41 
2383 1974.92 
2384 1970.83 
2385 1964.82 
2386 1955.56 
2387 1958.62 
2388 1948.69 
2389 1980.37 
2390 1972.99 
2391 1955.98 
2392 1972.05 
2393 1973.08 
2394 1949.07 
2395 1961.17 
2396 1958.40 
2397 1964.60 
