Seed 9:
0 -500.00 
1 -500.00 
2 -421.00 
3 -110.00 
4 -182.00 
5 -129.00 
6 -72.00 
7 -77.00 
8 -91.00 
9 -82.00 
10 -78.00 
11 -73.00 
12 -71.00 
13 -73.00 
14 -73.00 
15 -80.00 
16 -72.00 
17 -92.00 
18 -83.00 
19 -88.00 
20 -72.00 
21 -86.00 
22 -85.00 
23 -71.00 
24 -71.00 
25 -72.00 
26 -78.00 
27 -71.00 
28 -100.00 
29 -78.00 
30 -85.00 
31 -69.00 
32 -79.00 
33 -69.00 
34 -78.00 
35 -87.00 
36 -84.00 
37 -79.00 
38 -71.00 
39 -85.00 
40 -86.00 
41 -78.00 
42 -79.00 
43 -89.00 
44 -70.00 
45 -70.00 
46 -84.00 
47 -77.00 
48 -86.00 
49 -84.00 
50 -79.00 
51 -82.00 
52 -78.00 
53 -77.00 
54 -86.00 
55 -63.00 
56 -85.00 
57 -85.00 
58 -113.00 
59 -101.00 
60 -80.00 
61 -85.00 
62 -58.00 
63 -71.00 
64 -64.00 
65 -81.00 
66 -71.00 
67 -69.00 
68 -137.00 
69 -76.00 
70 -72.00 
71 -85.00 
72 -78.00 
73 -83.00 
74 -82.00 
75 -77.00 
76 -77.00 
77 -77.00 
78 -83.00 
79 -76.00 
80 -91.00 
81 -78.00 
82 -88.00 
83 -72.00 
84 -78.00 
85 -78.00 
86 -183.00 
87 -72.00 
88 -98.00 
89 -77.00 
90 -89.00 
91 -76.00 
92 -85.00 
93 -77.00 
94 -88.00 
95 -86.00 
96 -79.00 
97 -79.00 
98 -71.00 
99 -86.00 
100 -77.00 
101 -77.00 
102 -82.00 
103 -82.00 
104 -91.00 
105 -78.00 
106 -75.00 
107 -88.00 
108 -86.00 
109 -83.00 
110 -86.00 
111 -86.00 
112 -100.00 
113 -63.00 
114 -77.00 
115 -88.00 
116 -80.00 
117 -78.00 
118 -77.00 
119 -96.00 
120 -85.00 
121 -70.00 
122 -85.00 
123 -84.00 
124 -71.00 
125 -80.00 
126 -83.00 
127 -70.00 
128 -85.00 
129 -83.00 
130 -86.00 
131 -78.00 
132 -68.00 
133 -73.00 
134 -79.00 
135 -70.00 
136 -79.00 
137 -78.00 
138 -78.00 
139 -94.00 
140 -87.00 
141 -86.00 
142 -82.00 
143 -78.00 
144 -83.00 
145 -71.00 
146 -79.00 
147 -80.00 
148 -86.00 
149 -84.00 
150 -86.00 
151 -77.00 
152 -78.00 
153 -81.00 
154 -77.00 
155 -83.00 
156 -63.00 
157 -77.00 
158 -77.00 
159 -80.00 
160 -72.00 
161 -124.00 
162 -93.00 
163 -73.00 
164 -63.00 
165 -80.00 
166 -72.00 
167 -71.00 
168 -71.00 
169 -86.00 
170 -80.00 
171 -78.00 
172 -76.00 
173 -88.00 
174 -70.00 
175 -82.00 
176 -84.00 
177 -85.00 
178 -68.00 
179 -75.00 
180 -71.00 
181 -79.00 
182 -82.00 
183 -95.00 
184 -94.00 
185 -74.00 
186 -91.00 
187 -89.00 
188 -80.00 
189 -78.00 
190 -88.00 
191 -93.00 
192 -80.00 
193 -88.00 
194 -85.00 
195 -63.00 
196 -86.00 
197 -71.00 
198 -70.00 
199 -84.00 
200 -78.00 
201 -78.00 
202 -68.00 
203 -92.00 
204 -83.00 
205 -84.00 
206 -89.00 
207 -78.00 
208 -77.00 
209 -91.00 
210 -63.00 
211 -98.00 
212 -85.00 
213 -63.00 
214 -99.00 
215 -81.00 
216 -84.00 
217 -78.00 
218 -84.00 
219 -71.00 
220 -78.00 
221 -78.00 
222 -72.00 
223 -71.00 
224 -78.00 
225 -78.00 
226 -79.00 
227 -80.00 
228 -86.00 
229 -81.00 
230 -71.00 
231 -69.00 
232 -70.00 
233 -72.00 
234 -85.00 
235 -78.00 
236 -71.00 
237 -78.00 
238 -89.00 
239 -78.00 
240 -68.00 
241 -85.00 
242 -71.00 
243 -77.00 
244 -90.00 
245 -80.00 
246 -78.00 
247 -90.00 
248 -77.00 
249 -73.00 
250 -63.00 
251 -83.00 
252 -76.00 
253 -79.00 
254 -110.00 
255 -83.00 
256 -76.00 
257 -73.00 
258 -78.00 
259 -85.00 
260 -90.00 
261 -86.00 
262 -79.00 
263 -71.00 
264 -74.00 
265 -74.00 
266 -85.00 
267 -82.00 
268 -81.00 
269 -89.00 
270 -72.00 
271 -81.00 
272 -73.00 
273 -76.00 
274 -84.00 
275 -63.00 
276 -83.00 
277 -78.00 
278 -83.00 
279 -77.00 
280 -102.00 
281 -71.00 
282 -85.00 
283 -113.00 
284 -71.00 
285 -78.00 
286 -81.00 
287 -77.00 
288 -83.00 
289 -81.00 
290 -79.00 
291 -77.00 
292 -77.00 
293 -79.00 
294 -68.00 
295 -71.00 
296 -76.00 
297 -83.00 
298 -70.00 
299 -116.00 
300 -76.00 
301 -83.00 
302 -68.00 
303 -69.00 
304 -104.00 
305 -112.00 
306 -79.00 
307 -77.00 
308 -71.00 
309 -78.00 
310 -68.00 
311 -100.00 
312 -80.00 
313 -80.00 
314 -77.00 
315 -77.00 
316 -74.00 
317 -85.00 
318 -85.00 
319 -81.00 
320 -80.00 
321 -77.00 
322 -73.00 
323 -71.00 
324 -82.00 
325 -80.00 
326 -79.00 
327 -92.00 
328 -109.00 
329 -84.00 
330 -87.00 
331 -69.00 
332 -72.00 
333 -69.00 
334 -74.00 
335 -77.00 
336 -88.00 
337 -93.00 
338 -88.00 
339 -84.00 
340 -75.00 
341 -70.00 
342 -77.00 
343 -90.00 
344 -79.00 
345 -84.00 
346 -85.00 
347 -88.00 
348 -79.00 
349 -68.00 
350 -85.00 
351 -83.00 
352 -83.00 
353 -71.00 
354 -83.00 
355 -71.00 
356 -76.00 
357 -63.00 
358 -83.00 
359 -84.00 
360 -82.00 
361 -71.00 
362 -88.00 
363 -62.00 
364 -79.00 
365 -71.00 
366 -91.00 
367 -78.00 
368 -76.00 
369 -70.00 
370 -69.00 
371 -78.00 
372 -81.00 
373 -75.00 
374 -78.00 
375 -89.00 
376 -76.00 
377 -71.00 
378 -71.00 
379 -93.00 
380 -87.00 
381 -73.00 
382 -69.00 
383 -87.00 
384 -68.00 
385 -83.00 
386 -70.00 
387 -74.00 
388 -84.00 
389 -84.00 
390 -76.00 
391 -69.00 
392 -86.00 
393 -79.00 
394 -81.00 
395 -106.00 
396 -62.00 
397 -77.00 
398 -81.00 
399 -71.00 
400 -91.00 
401 -91.00 
402 -70.00 
403 -83.00 
404 -77.00 
405 -83.00 
406 -80.00 
407 -76.00 
408 -77.00 
409 -79.00 
410 -90.00 
411 -78.00 
412 -101.00 
413 -86.00 
414 -75.00 
415 -86.00 
416 -81.00 
417 -85.00 
418 -79.00 
419 -81.00 
420 -91.00 
421 -86.00 
422 -77.00 
423 -79.00 
424 -82.00 
425 -77.00 
426 -87.00 
427 -78.00 
428 -68.00 
429 -70.00 
430 -81.00 
431 -71.00 
432 -85.00 
433 -76.00 
434 -76.00 
435 -79.00 
436 -72.00 
437 -74.00 
438 -69.00 
439 -70.00 
440 -80.00 
441 -79.00 
442 -85.00 
443 -98.00 
444 -106.00 
445 -85.00 
446 -76.00 
447 -78.00 
448 -77.00 
449 -73.00 
450 -71.00 
451 -77.00 
452 -84.00 
453 -88.00 
454 -85.00 
455 -78.00 
456 -75.00 
457 -77.00 
458 -78.00 
459 -91.00 
460 -76.00 
461 -74.00 
462 -92.00 
463 -102.00 
464 -89.00 
465 -80.00 
466 -78.00 
467 -82.00 
468 -79.00 
469 -72.00 
470 -72.00 
471 -87.00 
472 -78.00 
473 -84.00 
474 -85.00 
475 -86.00 
476 -117.00 
477 -85.00 
478 -80.00 
479 -82.00 
480 -84.00 
481 -70.00 
482 -73.00 
483 -72.00 
484 -97.00 
485 -83.00 
486 -97.00 
487 -76.00 
488 -91.00 
489 -75.00 
490 -84.00 
491 -77.00 
492 -85.00 
493 -69.00 
494 -74.00 
495 -72.00 
496 -80.00 
497 -79.00 
498 -76.00 
499 -78.00 
500 -73.00 
