Seed 6:
0 -0.34 
1 -0.09 
2 -0.05 
3 -0.00 
4 -0.00 
5 -0.00 
6 -0.00 
7 -0.00 
8 -0.00 
9 -0.00 
10 -0.00 
11 -0.00 
12 -0.00 
13 -0.00 
14 -0.00 
15 -0.00 
16 -0.00 
17 -0.00 
18 -0.00 
19 -0.00 
20 -0.00 
21 -0.00 
22 -0.00 
23 -0.00 
24 -0.00 
25 -0.00 
26 -0.00 
27 -0.00 
28 -0.00 
29 -0.00 
30 -0.00 
31 -0.00 
32 -0.00 
33 -0.00 
34 -0.00 
35 -0.00 
36 -0.00 
37 -0.00 
38 -0.00 
39 -0.00 
40 -0.00 
41 -0.00 
42 -0.00 
43 -0.00 
44 -0.00 
45 -0.00 
46 -0.00 
47 -0.00 
48 -0.00 
49 -0.00 
50 -0.00 
51 -0.00 
52 -0.00 
53 -0.00 
54 -0.00 
55 -0.00 
56 -0.00 
57 -0.00 
58 -0.00 
59 -0.00 
60 -0.00 
61 -0.00 
62 -0.00 
63 -0.00 
64 -0.00 
65 -0.00 
66 -0.00 
67 -0.00 
68 -0.00 
69 -0.00 
70 -0.00 
71 -0.00 
72 -0.00 
73 -0.00 
74 -0.00 
75 -0.00 
76 -0.00 
77 -0.00 
78 -0.00 
79 -0.00 
80 -0.00 
81 -0.00 
82 -0.00 
83 -0.00 
84 -0.00 
85 -0.00 
86 -0.00 
87 -0.00 
88 -0.00 
89 -0.00 
90 -0.00 
91 -0.00 
92 -0.00 
93 -0.00 
94 -0.00 
95 -0.00 
96 -0.00 
97 -0.00 
98 -0.00 
99 -0.00 
100 -0.00 
101 -0.00 
102 -0.00 
103 -0.00 
104 -0.00 
105 -0.00 
106 -0.00 
107 -0.00 
108 -0.00 
109 -0.00 
110 -0.00 
111 -0.00 
112 -0.00 
113 -0.00 
114 -0.00 
115 -0.00 
116 -0.00 
117 -0.00 
118 -0.00 
119 -0.00 
120 -0.00 
121 -0.00 
122 -0.00 
123 -0.00 
124 -0.00 
125 -0.00 
126 -0.00 
127 -0.00 
128 -0.00 
129 -0.00 
130 -0.00 
131 -0.00 
132 -0.00 
133 -0.00 
134 -0.00 
135 -0.00 
136 -0.00 
137 -0.00 
138 -0.00 
139 -0.00 
140 -0.00 
141 -0.00 
142 -0.00 
143 -0.00 
144 -0.00 
145 -0.00 
146 -0.00 
147 -0.00 
148 -0.00 
149 -0.00 
150 -0.00 
151 -0.00 
152 -0.00 
153 -0.00 
154 -0.00 
155 -0.00 
156 -0.00 
157 -0.00 
158 -0.00 
159 -0.00 
160 -0.00 
161 -0.00 
162 -0.00 
163 -0.00 
164 -0.00 
165 -0.00 
166 -0.00 
167 -0.00 
168 -0.00 
169 -0.00 
170 -0.00 
171 -0.00 
172 -0.00 
173 -0.00 
174 -0.00 
175 -0.00 
176 -0.00 
177 -0.00 
178 -0.00 
179 -0.00 
180 -0.00 
181 -0.00 
182 -0.00 
183 -0.00 
184 -0.00 
185 -0.00 
186 -0.00 
187 -0.00 
188 -0.00 
189 -0.00 
190 -0.00 
191 -0.00 
192 -0.00 
193 -0.00 
194 -0.00 
195 -0.00 
196 -0.00 
197 -0.00 
198 -0.00 
199 -0.00 
200 -0.00 
201 -0.00 
202 -0.00 
203 -0.00 
204 -0.00 
205 -0.00 
206 -0.00 
207 -0.00 
208 -0.00 
209 -0.00 
210 -0.00 
211 -0.00 
212 -0.00 
213 -0.00 
214 -0.00 
215 -0.00 
216 -0.00 
217 -0.00 
218 -0.00 
219 -0.00 
220 -0.00 
221 -0.00 
222 -0.00 
223 -0.00 
224 -0.00 
225 -0.00 
226 -0.00 
227 -0.00 
228 -0.00 
229 -0.00 
230 -0.00 
231 -0.00 
232 -0.00 
233 -0.00 
234 -0.00 
235 -0.00 
236 -0.00 
237 -0.00 
238 -0.00 
239 -0.00 
240 -0.00 
241 -0.00 
242 -0.01 
243 -0.01 
244 -0.01 
245 -0.01 
246 -0.04 
247 -0.03 
248 -0.05 
249 -0.06 
250 -0.07 
251 -0.12 
252 -0.26 
253 -0.25 
254 -0.16 
255 -0.29 
256 -0.40 
257 -0.35 
258 -0.39 
259 -0.42 
260 -0.55 
261 -0.44 
262 -0.47 
263 -1.22 
264 -1.53 
265 -1.75 
266 -2.24 
267 -3.86 
268 -3.90 
269 90.82 
270 -18.31 
271 86.99 
272 86.77 
273 80.42 
274 69.13 
275 79.12 
276 81.87 
277 84.94 
278 86.12 
279 65.50 
280 70.35 
281 78.21 
282 72.41 
283 84.28 
284 78.87 
285 74.27 
286 82.01 
287 69.99 
288 88.12 
289 87.98 
290 58.26 
291 76.79 
292 77.93 
293 82.16 
294 65.72 
295 76.20 
296 87.74 
297 78.67 
298 82.71 
299 82.68 
300 65.78 
301 81.56 
302 76.64 
303 65.68 
304 71.85 
305 77.54 
306 77.55 
307 71.64 
308 77.73 
309 88.89 
310 88.61 
311 87.38 
312 73.17 
313 88.10 
314 83.59 
315 87.44 
316 70.43 
317 86.18 
318 71.76 
319 81.64 
320 88.53 
321 82.02 
322 81.46 
323 86.54 
324 86.75 
325 92.79 
326 87.76 
327 68.17 
328 74.58 
329 86.18 
330 86.20 
331 76.12 
332 82.42 
333 69.90 
334 82.97 
335 77.57 
336 81.52 
337 86.99 
338 69.71 
339 76.53 
340 83.92 
341 87.52 
342 83.51 
343 86.84 
344 87.73 
345 77.32 
346 87.81 
347 87.93 
348 86.44 
349 77.36 
350 86.32 
351 87.08 
352 85.91 
353 87.52 
354 87.06 
355 86.47 
356 87.44 
357 87.47 
358 88.10 
359 77.16 
360 82.68 
361 81.83 
362 81.56 
363 80.32 
364 86.70 
365 81.45 
366 86.48 
367 85.66 
368 85.79 
369 86.29 
370 85.59 
371 73.72 
372 92.34 
373 87.04 
374 87.19 
375 81.37 
376 86.93 
377 84.34 
378 92.94 
379 83.12 
380 83.21 
381 87.75 
382 92.62 
383 83.99 
384 87.57 
385 87.35 
386 87.60 
387 87.12 
388 87.82 
389 79.24 
390 87.64 
391 88.26 
392 87.02 
393 87.90 
394 88.01 
395 87.53 
396 92.68 
397 92.25 
398 81.42 
399 91.71 
400 87.21 
401 88.19 
402 86.88 
403 88.08 
404 87.83 
405 83.01 
406 92.87 
407 87.57 
408 86.52 
409 68.92 
410 80.94 
411 74.21 
412 80.68 
413 86.38 
414 92.37 
415 74.94 
416 85.04 
417 87.58 
418 92.66 
419 92.66 
420 87.57 
421 82.34 
422 83.20 
423 81.38 
424 75.81 
425 92.25 
426 81.69 
427 87.06 
428 86.03 
429 80.77 
430 82.15 
431 92.67 
432 92.60 
433 75.35 
434 92.33 
435 81.41 
436 92.64 
437 87.28 
438 81.89 
439 86.69 
440 81.62 
441 87.20 
442 87.39 
443 88.07 
444 82.95 
445 87.09 
446 92.74 
447 92.58 
448 87.33 
449 87.28 
450 86.05 
451 81.04 
452 86.69 
453 92.74 
454 88.31 
455 86.08 
456 83.40 
457 82.50 
458 81.91 
459 92.62 
460 91.70 
461 91.59 
462 85.54 
463 80.85 
464 86.75 
465 92.37 
466 92.28 
467 80.74 
468 80.85 
469 86.17 
470 80.52 
471 86.06 
472 84.75 
473 85.62 
474 91.76 
475 86.47 
476 92.04 
477 85.49 
478 92.25 
479 85.92 
480 86.19 
481 92.10 
482 86.48 
483 87.12 
484 86.81 
485 86.18 
486 84.77 
487 87.07 
488 79.37 
489 80.05 
490 81.08 
491 91.87 
492 91.81 
493 86.89 
494 80.64 
495 84.89 
496 73.24 
497 85.49 
498 86.72 
499 86.11 
500 82.18 
