Seed 0:
0 -510.25 
1 -688.37 
2 -588.28 
3 -582.14 
4 -534.37 
5 -869.48 
6 -150.66 
7 -20.90 
8 39.86 
9 -0.90 
10 -1.71 
11 4.40 
12 1551.03 
13 1957.93 
14 1949.67 
15 1962.62 
16 1956.52 
17 1973.86 
18 1957.46 
19 1949.71 
20 1923.45 
21 1975.11 
22 1955.80 
23 1981.58 
24 1982.65 
25 1978.33 
26 1970.26 
27 1981.01 
28 1976.70 
29 1958.15 
30 1963.95 
31 1977.96 
32 1919.49 
33 1943.84 
34 1965.54 
35 1982.46 
36 1900.70 
37 1940.06 
38 1969.98 
39 1933.08 
40 1977.69 
41 1975.37 
42 1963.88 
43 1956.16 
44 1953.64 
45 1965.68 
46 1964.96 
47 1950.03 
48 1959.66 
49 1974.05 
50 1945.59 
51 1922.97 
52 1976.35 
53 1971.60 
54 1978.41 
55 1958.55 
56 1958.67 
57 1949.64 
58 1956.98 
59 1976.37 
60 1979.64 
61 1904.91 
62 1965.08 
63 1978.62 
64 1974.81 
65 1932.59 
66 1973.10 
67 1958.39 
68 1889.94 
69 1954.27 
70 1978.98 
71 1969.05 
72 1920.95 
73 1889.86 
74 1981.84 
75 1973.73 
76 1954.17 
77 1972.18 
78 1914.40 
79 1966.37 
80 1953.13 
81 1937.74 
82 1927.30 
83 1974.24 
84 1976.87 
85 1957.10 
86 1959.35 
87 1958.29 
88 1978.66 
89 1957.60 
90 1978.87 
91 1959.61 
92 1973.25 
93 1981.91 
94 1946.84 
95 1974.63 
96 1954.41 
97 1963.36 
98 1975.19 
99 1905.60 
100 1939.59 
101 1970.54 
102 1953.42 
103 1960.86 
104 1961.74 
105 1971.08 
106 1897.51 
107 1976.45 
108 1922.06 
109 1959.45 
110 1964.28 
111 1977.28 
112 1959.29 
113 1955.85 
114 1960.58 
115 1955.41 
116 1977.70 
117 1952.30 
118 1936.59 
119 1906.00 
120 1834.02 
121 1961.64 
122 1962.86 
123 1924.89 
124 1974.99 
125 1957.18 
126 1979.52 
127 1978.60 
128 1973.43 
129 1977.45 
130 1953.47 
131 1980.52 
132 1977.11 
133 1981.40 
134 1968.30 
135 1957.33 
136 1982.30 
137 1978.08 
138 1947.35 
139 1969.01 
140 1976.12 
141 1976.32 
142 1874.36 
143 1921.83 
144 1887.44 
145 1976.66 
146 1966.75 
147 1968.35 
148 1979.01 
149 1975.26 
150 1957.21 
151 1957.56 
152 1911.03 
153 1977.07 
154 1969.13 
155 1966.71 
156 1960.26 
157 1901.40 
158 1977.85 
159 1972.25 
160 1957.13 
161 1967.92 
162 1935.55 
163 1965.11 
164 1975.03 
165 1967.12 
166 1964.25 
167 1974.37 
168 1974.74 
169 1935.23 
170 1957.43 
171 1965.59 
172 1971.67 
173 1961.41 
174 1972.40 
175 1968.87 
176 1970.89 
177 1936.76 
178 1938.30 
179 1926.15 
180 1934.02 
181 1976.61 
182 1964.84 
183 1931.18 
184 1973.99 
185 1951.02 
186 1978.62 
187 1930.17 
188 1961.27 
189 1964.31 
190 1960.51 
191 1980.78 
192 1960.22 
193 1953.91 
194 1906.30 
195 1961.86 
196 1958.28 
197 1979.70 
198 1974.59 
199 1978.75 
200 1959.45 
201 1975.87 
202 1969.98 
203 1941.85 
204 1970.16 
205 1975.29 
206 1964.36 
207 1971.64 
208 1926.69 
209 1938.37 
210 1945.44 
211 1978.50 
212 1944.93 
213 1893.43 
214 1961.45 
215 1958.79 
216 1971.20 
217 1978.18 
218 1978.97 
219 1906.90 
220 1935.54 
221 1973.79 
222 1973.13 
223 1917.02 
224 1930.40 
225 1978.25 
226 1962.14 
227 1974.82 
228 1936.55 
229 1963.78 
230 1976.21 
231 1975.15 
232 1973.84 
233 1976.11 
234 1980.21 
235 1967.40 
236 1962.55 
237 1946.75 
238 1971.11 
239 1911.99 
240 1977.90 
241 1957.74 
242 1904.97 
243 1947.21 
244 1978.96 
245 1962.79 
246 1941.77 
247 1957.48 
248 1970.73 
249 1958.43 
250 1935.58 
251 1973.02 
252 1867.78 
253 1971.05 
254 1979.34 
255 1974.37 
256 1963.05 
257 1971.73 
258 1926.53 
259 1953.81 
260 1970.22 
261 1957.00 
262 1906.40 
263 1970.08 
264 1975.09 
265 1892.81 
266 1980.87 
267 1973.28 
268 1978.52 
269 1972.42 
270 1957.59 
271 1958.64 
272 1945.64 
273 1979.61 
274 1943.88 
275 1887.68 
276 1972.46 
277 1962.85 
278 1971.02 
279 1919.33 
280 1955.69 
281 1949.21 
282 1958.79 
283 1933.94 
284 1965.38 
285 1975.56 
286 1955.51 
287 1980.56 
288 1957.91 
289 1964.71 
290 1979.84 
291 1979.25 
292 1958.67 
293 1922.79 
294 1921.60 
295 1946.17 
296 1974.79 
297 1919.85 
298 1935.75 
299 1964.29 
300 1975.78 
301 1954.43 
302 1882.96 
303 1980.98 
304 1966.59 
305 1973.39 
306 1944.10 
307 1916.91 
308 1921.20 
309 1928.77 
310 1959.58 
311 1976.69 
312 1954.87 
313 1904.45 
314 1972.65 
315 1976.04 
316 1927.29 
317 1979.91 
318 1974.85 
319 1977.10 
320 1973.98 
321 1952.92 
322 1964.25 
323 1973.45 
324 1981.44 
325 1885.40 
326 1975.05 
327 1981.54 
328 1976.24 
329 1978.11 
330 1959.59 
331 1940.55 
332 1953.02 
333 1976.71 
334 1962.18 
335 1950.85 
336 1967.79 
337 1978.43 
338 1975.11 
339 1963.69 
340 1972.69 
341 1934.43 
342 1963.55 
343 1956.00 
344 1977.54 
345 1971.39 
346 1971.08 
347 1974.73 
348 1957.74 
349 1975.38 
350 1923.45 
351 1981.48 
352 1932.71 
353 1915.33 
354 1979.29 
355 1940.34 
356 1974.91 
357 1937.94 
358 1928.68 
359 1970.58 
360 1964.41 
361 1980.91 
362 1979.16 
363 1940.76 
364 1931.97 
365 1961.44 
366 1917.54 
367 1961.54 
368 1954.78 
369 1961.12 
370 1973.90 
371 1974.52 
372 1955.75 
373 1962.78 
374 1973.27 
375 1975.03 
376 1951.40 
377 1957.37 
378 1963.10 
379 1978.99 
380 1972.59 
381 1957.93 
382 1906.05 
383 1982.50 
384 1974.03 
385 1907.96 
386 1973.40 
387 1972.80 
388 1974.36 
389 1958.19 
390 1977.29 
391 1971.44 
392 1942.24 
393 1959.83 
394 1971.48 
395 1977.45 
396 1891.14 
397 1978.86 
398 1977.64 
399 1977.73 
400 1977.77 
401 1961.02 
402 1977.96 
403 1964.07 
404 1942.83 
405 1953.13 
406 1901.33 
407 1973.50 
408 1961.21 
409 1960.50 
410 1974.64 
411 1979.50 
412 1969.54 
413 1979.73 
414 1962.90 
415 1953.52 
416 1961.12 
417 1955.60 
418 1924.87 
419 1978.71 
420 1900.94 
421 1972.51 
422 1959.32 
423 1971.70 
424 1972.75 
425 1872.54 
426 1965.96 
427 1918.20 
428 1976.13 
429 1965.15 
430 1978.24 
431 1978.80 
432 1919.86 
433 1954.24 
434 1975.28 
435 1975.67 
436 1941.67 
437 1958.49 
438 1977.13 
439 1943.84 
440 1965.18 
441 1965.64 
442 1978.02 
443 1952.45 
444 1947.65 
445 1963.37 
446 1930.37 
447 1950.77 
448 1959.74 
449 1975.87 
450 1938.62 
451 1976.82 
452 1969.64 
453 1957.20 
454 1965.80 
455 1971.70 
456 1968.23 
457 1951.04 
458 1962.73 
459 1963.83 
460 1951.87 
461 1959.78 
462 1973.38 
463 1954.69 
464 1968.13 
465 1979.69 
466 1969.86 
467 1954.31 
468 1956.36 
469 1964.37 
470 1951.48 
471 1966.02 
472 1978.90 
473 1979.54 
474 1972.38 
475 1972.49 
476 1973.72 
477 1964.21 
478 1978.75 
479 1975.35 
480 1887.36 
481 1902.26 
482 1980.72 
483 1962.50 
484 1973.08 
485 1935.11 
486 1965.03 
487 1972.55 
488 1961.76 
489 1972.64 
490 1962.62 
491 1950.51 
492 1980.82 
493 1974.51 
494 1973.21 
495 1977.64 
496 1942.57 
497 1944.87 
498 1977.80 
499 1956.31 
500 1962.76 
501 1972.94 
502 1940.40 
503 1933.20 
504 1958.80 
505 1979.15 
506 1966.76 
507 1979.18 
508 1977.54 
509 1884.28 
510 1975.14 
511 1912.21 
512 1983.61 
513 1974.89 
514 1956.45 
515 1953.17 
516 1971.70 
517 1954.92 
518 1976.88 
519 1953.32 
520 1968.50 
521 1956.34 
522 1966.62 
523 1978.38 
524 1975.81 
525 1968.20 
526 1954.39 
527 1966.66 
528 1980.77 
529 1974.66 
530 1945.47 
531 1974.81 
532 1949.38 
533 1977.25 
534 1959.26 
535 1956.24 
536 1978.21 
537 1948.79 
538 1980.02 
539 1933.75 
540 1929.74 
541 1961.39 
542 1956.83 
543 1970.90 
544 1854.48 
545 1967.21 
546 1977.51 
547 1908.16 
548 1939.92 
549 1955.99 
550 1980.81 
551 1898.71 
552 1966.97 
553 1971.44 
554 1950.96 
555 1975.39 
556 1961.39 
557 1974.57 
558 1958.08 
559 1949.78 
560 1943.89 
561 1938.55 
562 1962.67 
563 1959.11 
564 1965.69 
565 1943.39 
566 1966.44 
567 1972.81 
568 1976.31 
569 1967.35 
570 1954.01 
571 1933.43 
572 1964.48 
573 1959.23 
574 1966.90 
575 1981.40 
576 1906.33 
577 1977.46 
578 1972.46 
579 1964.20 
580 1955.43 
581 1944.84 
582 1978.00 
583 1946.33 
584 1970.84 
585 1975.45 
586 1963.09 
587 1908.59 
588 1974.13 
589 1957.53 
590 1940.11 
591 1965.59 
592 1977.22 
593 1962.79 
594 1971.32 
595 1972.30 
596 1925.70 
597 1868.82 
598 1965.90 
599 1954.86 
600 1973.61 
601 1963.41 
602 1957.10 
603 1956.99 
604 1943.01 
605 1978.92 
606 1972.79 
607 1968.78 
608 1959.67 
609 1933.08 
610 1936.00 
611 1971.82 
612 1966.65 
613 1953.22 
614 1974.29 
615 1929.50 
616 1946.50 
617 1956.41 
618 1977.06 
619 1955.40 
620 1976.60 
621 1956.11 
622 1965.15 
623 1909.16 
624 1948.02 
625 1904.13 
626 1979.66 
627 1954.71 
628 1970.82 
629 1979.90 
630 1952.53 
631 1939.48 
632 1963.35 
633 1945.63 
634 1976.57 
635 1953.13 
636 1966.77 
637 1937.78 
638 1966.01 
639 1981.75 
640 1940.05 
641 1957.06 
642 1961.98 
643 1954.09 
644 1949.36 
645 1962.59 
646 1974.26 
647 1977.91 
648 1917.81 
649 1941.25 
650 1927.37 
651 1976.50 
652 1955.71 
653 1970.32 
654 1948.38 
655 1850.04 
656 1942.75 
657 1977.31 
658 1957.10 
659 1938.71 
660 1978.93 
661 1978.16 
662 1965.23 
663 1976.45 
664 1979.38 
665 1976.33 
666 1957.69 
667 1959.49 
668 1974.99 
669 1980.23 
670 1955.37 
671 1954.78 
672 1975.12 
673 1974.18 
674 1976.36 
675 1977.78 
676 1954.51 
677 1974.20 
678 1938.46 
679 1973.21 
680 1943.23 
681 1938.79 
682 1978.25 
683 1956.35 
684 1980.19 
685 1948.15 
686 1958.46 
687 1971.58 
688 1942.11 
689 1975.15 
690 1936.49 
691 1974.30 
692 1973.71 
693 1974.62 
694 1963.61 
695 1915.90 
696 1977.77 
697 1977.63 
698 1905.23 
699 1974.51 
700 1948.64 
701 1949.79 
702 1963.51 
703 1941.98 
704 1956.99 
705 1967.10 
706 1971.01 
707 1958.97 
708 1975.60 
709 1970.65 
710 1964.40 
711 1927.93 
712 1978.19 
713 1972.88 
714 1947.92 
715 1930.10 
716 1976.34 
717 1941.27 
718 1901.03 
719 1962.49 
720 1911.19 
721 1973.51 
722 1951.79 
723 1978.66 
724 1921.80 
725 1974.99 
726 1979.73 
727 1978.86 
728 1971.15 
729 1904.08 
730 1937.51 
731 1975.54 
732 1980.63 
733 1971.61 
734 1943.43 
735 1977.43 
736 1958.20 
737 1974.19 
738 1979.21 
739 1966.87 
740 1977.07 
741 1957.07 
742 1962.59 
743 1959.38 
744 1931.73 
745 1919.28 
746 1919.36 
747 1917.20 
748 1948.09 
749 1958.21 
750 1961.10 
751 1955.75 
752 1974.78 
753 1962.95 
754 1980.57 
755 1965.13 
756 1979.88 
757 1962.93 
758 1978.01 
759 1962.49 
760 1959.23 
761 1959.92 
762 1930.30 
763 1918.99 
764 1977.81 
765 1962.37 
766 1968.61 
767 1958.73 
768 1972.63 
769 1965.94 
770 1978.43 
771 1975.08 
772 1964.23 
773 1965.86 
774 1964.15 
775 1971.72 
776 1960.51 
777 1977.22 
778 1971.86 
779 1963.68 
780 1977.15 
781 1955.78 
782 1978.28 
783 1977.22 
784 1965.63 
785 1972.63 
786 1973.00 
787 1972.01 
788 1965.50 
789 1962.74 
790 1977.02 
791 1978.75 
792 1978.39 
793 1946.45 
794 1976.34 
795 1943.25 
796 1906.73 
797 1979.97 
798 1959.01 
799 1970.89 
800 1945.07 
801 1972.70 
802 1977.99 
803 1974.19 
804 1930.35 
805 1961.07 
806 1868.63 
807 1951.42 
808 1954.02 
809 1977.24 
810 1974.51 
811 1974.02 
812 1932.07 
813 1979.60 
814 1962.93 
815 1949.23 
816 1971.81 
817 1974.45 
818 1956.04 
819 1951.23 
820 1972.55 
821 1887.66 
822 1957.03 
823 1919.38 
824 1972.80 
825 1969.62 
826 1975.23 
827 1956.07 
828 1957.49 
829 1968.58 
830 1919.05 
831 1975.97 
832 1952.47 
833 1980.09 
834 1968.03 
835 1923.47 
836 1967.54 
837 1977.95 
838 1978.96 
839 1976.55 
840 1939.19 
841 1965.86 
842 1975.22 
843 1944.88 
844 1975.88 
845 1962.33 
846 1948.80 
847 1959.09 
848 1974.54 
849 1953.02 
850 1978.90 
851 1964.09 
852 1954.07 
853 1913.65 
854 1968.75 
855 1979.93 
856 1978.18 
857 1970.35 
858 1972.27 
859 1954.69 
860 1950.63 
861 1914.93 
862 1944.24 
863 1953.29 
864 1954.83 
865 1957.26 
866 1978.01 
867 1970.44 
868 1972.50 
869 1963.57 
870 1971.00 
871 1955.35 
872 1980.82 
873 1969.19 
874 1961.34 
875 1955.90 
876 1975.66 
877 1942.77 
878 1962.16 
879 1979.01 
880 1976.94 
881 1974.62 
882 1943.07 
883 1952.63 
884 1978.30 
885 1949.66 
886 1954.11 
887 1974.09 
888 1976.74 
889 1952.84 
890 1965.44 
891 1966.77 
892 1966.18 
893 1951.85 
894 1974.91 
895 1967.20 
896 1980.63 
897 1977.07 
898 1975.19 
899 1980.00 
900 1975.80 
901 1972.64 
902 1973.46 
903 1975.98 
904 1976.79 
905 1959.33 
906 1931.39 
907 1971.73 
908 1956.53 
909 1980.59 
910 1940.98 
911 1969.90 
912 1969.36 
913 1969.74 
914 1960.78 
915 1975.81 
916 1913.36 
917 1975.39 
918 1926.08 
919 1969.35 
920 1957.85 
921 1968.70 
922 1972.61 
923 1958.52 
924 1968.22 
925 1951.43 
926 1977.25 
927 1974.96 
928 1953.07 
929 1971.45 
930 1962.60 
931 1967.85 
932 1935.11 
933 1956.71 
934 1979.95 
935 1958.73 
936 1969.87 
937 1976.27 
938 1937.08 
939 1976.81 
940 1951.99 
941 1981.26 
942 1966.50 
943 1972.06 
944 1978.57 
945 1927.44 
946 1952.48 
947 1978.75 
948 1975.78 
949 1974.90 
950 1978.64 
951 1975.73 
952 1958.83 
953 1956.86 
954 1975.07 
955 1975.32 
956 1950.20 
957 1895.10 
958 1972.96 
959 1956.11 
960 1959.58 
961 1975.72 
962 1973.11 
963 1949.03 
964 1966.99 
965 1956.07 
966 1974.15 
967 1959.35 
968 1974.88 
969 1976.11 
970 1970.39 
971 1955.25 
972 1976.15 
973 1917.25 
974 1964.92 
975 1955.60 
976 1956.85 
977 1958.96 
978 1933.01 
979 1971.60 
980 1918.86 
981 1958.06 
982 1979.23 
983 1967.05 
984 1978.63 
985 1979.29 
986 1974.77 
987 1970.06 
988 1945.75 
989 1971.78 
990 1951.75 
991 1951.53 
992 1970.98 
993 1958.60 
994 1951.92 
995 1960.01 
996 1973.47 
997 1961.51 
998 1941.48 
999 1978.64 
1000 1974.55 
1001 1959.60 
1002 1973.08 
1003 1942.55 
1004 1949.73 
1005 1969.50 
1006 1953.15 
1007 1972.92 
1008 1970.77 
1009 1962.96 
1010 1964.04 
1011 1967.47 
1012 1957.31 
1013 1962.76 
1014 1973.26 
1015 1972.12 
1016 1979.27 
1017 1978.69 
1018 1959.81 
1019 1960.77 
1020 1954.31 
1021 1977.48 
1022 1960.72 
1023 1974.31 
1024 1960.04 
1025 1960.60 
1026 1971.04 
1027 1979.32 
1028 1947.07 
1029 1958.54 
1030 1963.94 
1031 1962.81 
1032 1974.41 
1033 1963.03 
1034 1958.67 
1035 1975.60 
1036 1952.23 
1037 1972.44 
1038 1956.88 
1039 1959.20 
1040 1977.73 
1041 1946.47 
1042 1960.24 
1043 1980.68 
1044 1957.29 
1045 1970.94 
1046 1892.13 
1047 1975.51 
1048 1966.12 
1049 1955.64 
1050 1958.60 
1051 1977.16 
1052 1950.27 
1053 1952.58 
1054 1954.75 
1055 1976.03 
1056 1964.89 
1057 1974.10 
1058 1962.66 
1059 1975.93 
1060 1936.38 
1061 1975.36 
1062 1967.17 
1063 1974.03 
1064 1973.20 
1065 1956.18 
1066 1939.15 
1067 1972.70 
1068 1976.08 
1069 1972.22 
1070 1958.43 
1071 1970.29 
1072 1962.61 
1073 1971.49 
1074 1975.28 
1075 1980.68 
1076 1964.60 
1077 1975.33 
1078 1975.42 
1079 1976.41 
1080 1976.67 
1081 1973.14 
1082 1975.15 
1083 1981.98 
1084 1937.58 
1085 1957.63 
1086 1980.85 
1087 1959.06 
1088 1960.52 
1089 1978.56 
1090 1968.74 
1091 1950.10 
1092 1958.87 
1093 1956.63 
1094 1977.27 
1095 1955.96 
1096 1969.69 
1097 1956.23 
1098 1970.59 
1099 1959.02 
1100 1961.38 
1101 1975.01 
1102 1956.31 
1103 1956.97 
1104 1975.50 
1105 1970.25 
1106 1974.22 
1107 1968.68 
1108 1978.74 
1109 1968.41 
1110 1959.48 
1111 1967.76 
1112 1976.47 
1113 1978.72 
1114 1973.19 
1115 1980.29 
1116 1974.76 
1117 1980.95 
1118 1967.09 
1119 1961.56 
1120 1900.33 
1121 1976.61 
1122 1946.05 
1123 1974.07 
1124 1972.40 
1125 1976.91 
1126 1956.11 
1127 1972.30 
1128 1959.15 
1129 1948.03 
1130 1979.95 
1131 1979.41 
1132 1964.74 
1133 1980.02 
1134 1967.13 
1135 1978.78 
1136 1969.11 
1137 1957.60 
1138 1977.63 
1139 1970.49 
1140 1958.97 
1141 1975.83 
1142 1973.45 
1143 1977.48 
1144 1967.51 
1145 1960.48 
1146 1967.28 
1147 1962.49 
1148 1956.94 
1149 1973.35 
1150 1961.01 
1151 1972.31 
1152 1945.63 
1153 1975.34 
1154 1974.68 
1155 1965.19 
1156 1959.27 
1157 1966.18 
1158 1979.72 
1159 1919.87 
1160 1963.35 
1161 1960.33 
1162 1958.41 
1163 1962.05 
1164 1976.10 
1165 1962.03 
1166 1960.11 
1167 1974.61 
1168 1948.51 
1169 1962.44 
1170 1975.16 
1171 1960.82 
1172 1970.03 
1173 1980.45 
1174 1971.02 
1175 1974.52 
1176 1972.29 
1177 1979.52 
1178 1979.65 
1179 1940.89 
1180 1972.89 
1181 1969.23 
1182 1971.18 
1183 1969.14 
1184 1975.48 
1185 1967.73 
1186 1964.42 
1187 1959.23 
1188 1943.36 
1189 1976.30 
1190 1957.71 
1191 1978.23 
1192 1960.74 
1193 1980.63 
1194 1962.83 
1195 1949.88 
1196 1955.68 
1197 1940.38 
1198 1955.58 
1199 1975.94 
1200 1979.22 
1201 1977.89 
1202 1971.99 
1203 1974.05 
1204 1952.28 
1205 1976.09 
1206 1974.84 
1207 1980.08 
1208 1980.44 
1209 1958.67 
1210 1955.67 
1211 1975.82 
1212 1959.53 
1213 1961.14 
1214 1979.62 
1215 1960.78 
1216 1973.49 
1217 1977.16 
1218 1914.86 
1219 1960.48 
1220 1981.15 
1221 1968.60 
1222 1972.49 
1223 1939.35 
1224 1959.46 
1225 1974.92 
1226 1920.51 
1227 1973.34 
1228 1961.09 
1229 1975.16 
1230 1979.20 
1231 1975.42 
1232 1971.02 
1233 1976.28 
1234 1957.38 
1235 1967.29 
1236 1955.21 
1237 1957.86 
1238 1961.57 
1239 1973.76 
1240 1956.82 
1241 1953.67 
1242 1960.59 
1243 1937.65 
1244 1963.43 
1245 1975.30 
1246 1952.92 
1247 1968.09 
1248 1961.06 
1249 1955.77 
1250 1958.95 
1251 1954.52 
1252 1948.78 
1253 1970.04 
1254 1961.82 
1255 1970.37 
1256 1979.28 
1257 1977.83 
1258 1919.90 
1259 1969.85 
1260 1977.24 
1261 1953.87 
1262 1976.28 
1263 1972.22 
1264 1956.47 
1265 1981.91 
1266 1957.60 
1267 1973.93 
1268 1952.50 
1269 1957.12 
1270 1974.53 
1271 1977.11 
1272 1970.31 
1273 1938.37 
1274 1979.93 
1275 1968.42 
1276 1956.55 
1277 1972.31 
1278 1970.17 
1279 1973.05 
1280 1948.52 
1281 1970.24 
1282 1974.28 
1283 1971.71 
1284 1960.12 
1285 1968.30 
1286 1970.81 
1287 1943.42 
1288 1974.50 
1289 1915.87 
1290 1958.39 
1291 1974.99 
1292 1974.30 
1293 1962.28 
1294 1954.76 
1295 1953.61 
1296 1962.71 
1297 1977.88 
1298 1960.48 
1299 1958.46 
1300 1978.99 
1301 1965.90 
1302 1978.44 
1303 1964.46 
1304 1976.19 
1305 1969.41 
1306 1980.21 
1307 1976.65 
1308 1978.58 
1309 1973.94 
1310 1972.50 
1311 1964.03 
1312 1980.92 
1313 1951.84 
1314 1974.11 
1315 1953.61 
1316 1979.74 
1317 1976.41 
1318 1973.93 
1319 1967.43 
1320 1945.18 
1321 1971.17 
1322 1950.18 
1323 1925.74 
1324 1956.27 
1325 1976.04 
1326 1967.51 
1327 1967.13 
1328 1928.55 
1329 1970.37 
1330 1932.76 
1331 1955.14 
1332 1962.16 
1333 1967.90 
1334 1973.43 
1335 1953.98 
1336 1973.04 
1337 1959.91 
1338 1962.31 
1339 1953.84 
1340 1970.26 
1341 1959.72 
1342 1958.06 
1343 1976.15 
1344 1955.20 
1345 1979.97 
1346 1964.52 
1347 1979.98 
1348 1957.49 
1349 1965.15 
1350 1963.57 
1351 1970.88 
1352 1979.51 
1353 1971.11 
1354 1976.34 
1355 1958.19 
1356 1976.56 
1357 1966.95 
1358 1953.06 
1359 1975.25 
1360 1969.79 
1361 1973.40 
1362 1976.04 
1363 1975.84 
1364 1979.00 
1365 1978.39 
1366 1960.04 
1367 1971.52 
1368 1965.04 
1369 1956.39 
1370 1974.57 
1371 1960.45 
1372 1948.72 
1373 1969.81 
1374 1969.49 
1375 1964.08 
1376 1974.42 
1377 1959.65 
1378 1922.68 
1379 1950.23 
1380 1976.11 
1381 1972.30 
1382 1959.06 
1383 1956.15 
1384 1975.70 
1385 1956.48 
1386 1974.99 
1387 1960.54 
1388 1965.78 
1389 1977.03 
1390 1965.52 
1391 1976.78 
1392 1969.65 
1393 1975.01 
1394 1962.74 
1395 1971.78 
1396 1980.57 
1397 1968.49 
1398 1970.79 
1399 1962.78 
1400 1970.99 
1401 1976.22 
1402 1980.10 
1403 1973.20 
1404 1967.74 
1405 1974.74 
1406 1956.44 
1407 1956.62 
1408 1977.83 
1409 1974.33 
1410 1978.50 
1411 1962.12 
1412 1976.99 
1413 1973.01 
1414 1964.83 
1415 1932.59 
1416 1976.55 
1417 1969.51 
1418 1963.90 
1419 1971.01 
1420 1972.93 
1421 1963.18 
1422 1973.41 
1423 1964.91 
1424 1973.82 
1425 1955.26 
1426 1937.11 
1427 1970.35 
1428 1963.56 
1429 1972.47 
1430 1966.95 
1431 1955.38 
1432 1980.95 
1433 1944.05 
1434 1963.98 
1435 1958.52 
1436 1972.01 
1437 1958.87 
1438 1976.19 
1439 1960.43 
1440 1959.69 
1441 1976.43 
1442 1974.34 
1443 1958.09 
1444 1964.73 
1445 1956.41 
1446 1957.80 
1447 1963.65 
1448 1955.84 
1449 1969.77 
1450 1977.42 
1451 1963.24 
1452 1967.17 
1453 1975.12 
1454 1948.72 
1455 1941.84 
1456 1966.79 
1457 1957.33 
1458 1977.18 
1459 1963.04 
1460 1957.59 
1461 1957.52 
1462 1955.68 
1463 1974.21 
1464 1968.41 
1465 1957.85 
1466 1977.55 
1467 1975.79 
1468 1950.08 
1469 1950.87 
1470 1976.97 
1471 1956.50 
1472 1974.83 
1473 1976.48 
1474 1959.98 
1475 1949.01 
1476 1973.75 
1477 1962.91 
1478 1969.40 
1479 1962.03 
1480 1973.45 
1481 1979.21 
1482 1961.81 
1483 1958.15 
1484 1964.79 
1485 1977.82 
1486 1965.64 
1487 1974.46 
1488 1979.95 
1489 1970.29 
1490 1920.08 
1491 1960.03 
1492 1948.01 
1493 1956.47 
1494 1976.70 
1495 1939.10 
1496 1976.29 
1497 1979.42 
1498 1967.40 
1499 1970.22 
1500 1965.90 
1501 1960.51 
1502 1964.03 
1503 1976.89 
1504 1946.02 
1505 1967.91 
1506 1964.09 
1507 1947.94 
1508 1968.20 
1509 1932.57 
1510 1957.58 
1511 1978.21 
1512 1977.82 
1513 1962.36 
1514 1961.85 
1515 1957.95 
1516 1948.99 
1517 1971.67 
1518 1931.72 
1519 1974.48 
1520 1942.54 
1521 1976.61 
1522 1980.07 
1523 1959.60 
1524 1977.34 
1525 1963.15 
1526 1960.28 
1527 1960.33 
1528 1981.33 
1529 1960.53 
1530 1975.25 
1531 1957.76 
1532 1961.13 
1533 1978.78 
1534 1970.07 
1535 1970.34 
1536 1957.49 
1537 1968.14 
1538 1960.14 
1539 1960.31 
1540 1958.17 
1541 1965.63 
1542 1955.89 
1543 1969.95 
1544 1960.10 
1545 1971.39 
1546 1967.89 
1547 1967.96 
1548 1957.55 
1549 1951.33 
1550 1938.52 
1551 1976.57 
1552 1961.77 
1553 1979.82 
1554 1946.99 
1555 1968.08 
1556 1967.41 
1557 1959.86 
1558 1943.32 
1559 1976.35 
1560 1957.93 
1561 1978.42 
1562 1897.97 
1563 1955.70 
1564 1906.10 
1565 1973.29 
1566 1976.37 
1567 1961.47 
1568 1956.16 
1569 1963.50 
1570 1976.51 
1571 1977.01 
1572 1965.07 
1573 1961.02 
1574 1976.37 
1575 1978.88 
1576 1958.57 
1577 1972.99 
1578 1972.49 
1579 1904.36 
1580 1967.84 
1581 1962.52 
1582 1954.35 
1583 1957.38 
1584 1934.49 
1585 1923.66 
1586 1958.96 
1587 1965.09 
1588 1947.71 
1589 1960.44 
1590 1955.95 
1591 1952.55 
1592 1973.63 
1593 1978.15 
1594 1979.21 
1595 1944.48 
1596 1959.99 
1597 1973.23 
1598 1954.82 
1599 1957.77 
1600 1976.43 
1601 1976.00 
1602 1960.28 
1603 1958.51 
1604 1971.96 
1605 1966.52 
1606 1976.99 
1607 1963.62 
1608 1961.59 
1609 1979.53 
1610 1979.50 
1611 1964.19 
1612 1958.37 
1613 1973.46 
1614 1976.68 
1615 1976.64 
1616 1958.16 
1617 1976.91 
1618 1979.64 
1619 1969.69 
1620 1964.33 
1621 1978.47 
1622 1961.24 
1623 1959.24 
1624 1970.09 
1625 1979.28 
1626 1942.31 
1627 1979.78 
1628 1951.18 
1629 1956.01 
1630 1969.59 
1631 1972.10 
1632 1980.89 
1633 1977.84 
1634 1884.01 
1635 1963.76 
1636 1947.91 
1637 1976.28 
1638 1952.91 
1639 1955.09 
1640 1979.83 
1641 1971.91 
1642 1979.34 
1643 1957.39 
1644 1979.73 
1645 1976.05 
1646 1974.21 
1647 1958.21 
1648 1978.08 
1649 1978.59 
1650 1964.63 
1651 1976.43 
1652 1978.09 
1653 1942.29 
1654 1969.72 
1655 1955.87 
1656 1973.35 
1657 1962.08 
1658 1943.91 
1659 1946.23 
1660 1972.04 
1661 1948.43 
1662 1971.49 
1663 1958.62 
1664 1957.13 
1665 1943.73 
1666 1952.64 
1667 1958.83 
1668 1978.29 
1669 1974.68 
1670 1959.98 
1671 1971.35 
1672 1978.22 
1673 1974.23 
1674 1974.99 
1675 1972.61 
1676 1958.70 
1677 1965.32 
1678 1949.02 
1679 1965.02 
1680 1971.63 
1681 1955.78 
1682 1959.30 
1683 1956.26 
1684 1966.47 
1685 1969.66 
1686 1968.85 
1687 1965.38 
1688 1976.11 
1689 1959.53 
1690 1970.16 
1691 1971.97 
1692 1975.51 
1693 1961.69 
1694 1973.76 
1695 1953.19 
1696 1971.46 
1697 1940.18 
1698 1965.07 
1699 1958.41 
1700 1978.43 
1701 1958.72 
1702 1978.91 
1703 1977.48 
1704 1957.54 
1705 1952.33 
1706 1953.31 
1707 1951.50 
1708 1956.13 
1709 1979.42 
1710 1961.06 
1711 1971.52 
1712 1963.02 
1713 1946.76 
1714 1953.23 
1715 1976.42 
1716 1959.43 
1717 1976.57 
1718 1977.28 
1719 1974.26 
1720 1970.65 
1721 1950.07 
1722 1980.40 
1723 1967.34 
1724 1963.89 
1725 1969.63 
1726 1944.42 
1727 1963.38 
1728 1966.40 
1729 1978.44 
1730 1965.91 
1731 1976.67 
1732 1976.25 
1733 1951.93 
1734 1961.63 
1735 1958.54 
1736 1972.02 
1737 1960.94 
1738 1964.42 
1739 1961.88 
1740 1957.24 
1741 1979.57 
1742 1949.58 
1743 1959.34 
1744 1958.64 
1745 1970.05 
1746 1950.42 
1747 1973.97 
1748 1967.18 
1749 1964.12 
1750 1978.41 
1751 1957.55 
1752 1967.46 
1753 1963.66 
1754 1931.11 
1755 1973.40 
1756 1953.39 
1757 1977.30 
1758 1941.82 
1759 1971.83 
1760 1969.32 
1761 1971.10 
1762 1959.02 
1763 1962.22 
1764 1936.82 
1765 1960.64 
1766 1917.68 
1767 1958.72 
1768 1974.49 
1769 1968.37 
1770 1961.69 
1771 1980.74 
1772 1954.27 
1773 1973.98 
1774 1966.50 
1775 1972.52 
1776 1959.22 
1777 1963.52 
1778 1956.98 
1779 1960.45 
1780 1966.76 
1781 1956.01 
1782 1956.68 
1783 1952.58 
1784 1949.98 
1785 1978.29 
1786 1956.28 
1787 1955.93 
1788 1973.97 
1789 1976.64 
1790 1960.32 
1791 1957.73 
1792 1952.91 
1793 1935.26 
1794 1975.97 
1795 1960.48 
1796 1971.64 
1797 1970.95 
1798 1954.89 
1799 1964.38 
1800 1976.41 
1801 1960.22 
1802 1978.69 
1803 1968.38 
1804 1971.20 
1805 1965.89 
1806 1977.99 
1807 1961.17 
1808 1977.16 
1809 1939.66 
1810 1958.54 
1811 1952.18 
1812 1974.30 
1813 1922.52 
1814 1949.13 
1815 1978.00 
1816 1960.83 
1817 1974.62 
1818 1978.68 
1819 1963.35 
1820 1969.92 
1821 1970.58 
1822 1931.63 
1823 1972.44 
1824 1954.23 
1825 1970.23 
1826 1978.41 
1827 1963.62 
1828 1969.26 
1829 1980.91 
1830 1953.77 
1831 1937.31 
1832 1969.64 
1833 1958.53 
1834 1970.91 
1835 1974.05 
1836 1960.10 
1837 1957.64 
1838 1960.55 
1839 1962.66 
1840 1954.33 
1841 1940.08 
1842 1980.53 
1843 1961.07 
1844 1976.60 
1845 1980.45 
1846 1967.70 
1847 1961.44 
1848 1930.91 
1849 1955.47 
1850 1952.62 
1851 1950.50 
1852 1977.38 
1853 1971.91 
1854 1974.56 
1855 1972.70 
1856 1977.70 
1857 1971.45 
1858 1965.05 
1859 1969.75 
1860 1972.78 
1861 1953.99 
1862 1966.65 
1863 1960.49 
1864 1976.15 
1865 1913.70 
1866 1971.05 
1867 1959.23 
1868 1928.11 
1869 1975.22 
1870 1978.77 
1871 1950.86 
1872 1969.11 
1873 1977.65 
1874 1971.15 
1875 1973.59 
1876 1972.47 
1877 1965.09 
1878 1905.12 
1879 1978.23 
1880 1931.34 
1881 1957.13 
1882 1951.86 
1883 1953.80 
1884 1968.55 
1885 1963.58 
1886 1976.08 
1887 1959.89 
1888 1925.44 
1889 1964.71 
1890 1980.75 
1891 1846.23 
1892 1973.82 
1893 1951.66 
1894 1958.80 
1895 1976.86 
1896 1973.00 
1897 1977.84 
1898 1964.36 
1899 1954.48 
1900 1966.00 
1901 1953.30 
1902 1958.93 
1903 1965.82 
1904 1965.21 
1905 1966.13 
1906 1963.16 
1907 1963.17 
1908 1968.25 
1909 1972.13 
1910 1972.21 
1911 1975.07 
1912 1979.31 
1913 1955.86 
1914 1979.08 
1915 1965.92 
1916 1977.50 
1917 1982.09 
1918 1979.45 
1919 1946.20 
1920 1975.55 
1921 1975.48 
1922 1961.06 
1923 1977.23 
1924 1951.73 
1925 1970.15 
1926 1963.59 
1927 1973.02 
1928 1949.07 
1929 1972.64 
1930 1977.24 
1931 1978.47 
1932 1958.17 
1933 1978.54 
1934 1975.44 
1935 1961.66 
1936 1967.26 
1937 1965.98 
1938 1968.55 
1939 1960.91 
1940 1955.31 
1941 1979.84 
1942 1962.80 
1943 1976.92 
1944 1967.63 
1945 1959.77 
1946 1972.66 
1947 1971.46 
1948 1976.13 
1949 1972.07 
1950 1953.18 
1951 1952.38 
1952 1961.72 
1953 1973.47 
1954 1950.15 
1955 1971.56 
1956 1958.26 
1957 1976.32 
1958 1971.05 
1959 1961.41 
1960 1960.31 
1961 1956.65 
1962 1959.56 
1963 1926.58 
1964 1970.99 
1965 1952.32 
1966 1975.82 
1967 1921.02 
1968 1976.41 
1969 1972.45 
1970 1971.22 
1971 1965.54 
1972 1947.51 
1973 1956.64 
1974 1978.39 
1975 1901.02 
1976 1955.80 
1977 1965.99 
1978 1971.64 
1979 1973.21 
1980 1974.69 
1981 1976.40 
1982 1977.69 
1983 1931.76 
1984 1970.71 
1985 1960.60 
1986 1960.61 
1987 1971.88 
1988 1973.00 
1989 1959.10 
1990 1974.89 
1991 1973.56 
1992 1956.79 
1993 1972.75 
1994 1978.17 
1995 1974.89 
1996 1973.98 
1997 1960.37 
1998 1963.41 
1999 1973.31 
2000 1980.44 
2001 1974.42 
2002 1970.93 
2003 1970.83 
2004 1962.31 
2005 1972.42 
2006 1954.11 
2007 1975.04 
2008 1971.50 
2009 1960.15 
2010 1954.96 
2011 1978.75 
2012 1974.21 
2013 1972.35 
2014 1975.69 
2015 1958.26 
2016 1961.25 
2017 1970.88 
2018 1965.90 
2019 1975.23 
2020 1957.50 
2021 1972.72 
2022 1976.10 
2023 1976.49 
2024 1961.35 
2025 1865.22 
2026 1977.62 
2027 1952.25 
2028 1976.35 
2029 1938.91 
2030 1959.90 
2031 1957.51 
2032 1953.48 
2033 1955.33 
2034 1951.75 
2035 1933.63 
2036 1964.18 
2037 1981.90 
2038 1959.68 
2039 1959.10 
2040 1950.67 
2041 1956.72 
2042 1978.71 
2043 1976.50 
2044 1952.00 
2045 1964.93 
2046 1958.87 
2047 1965.32 
2048 1976.35 
2049 1956.41 
2050 1964.62 
2051 1947.87 
2052 1960.50 
2053 1967.95 
2054 1975.79 
2055 1960.84 
2056 1964.34 
2057 1939.10 
2058 1974.93 
2059 1979.04 
2060 1975.97 
2061 1952.42 
2062 1962.85 
2063 1975.03 
2064 1951.99 
2065 1957.14 
2066 1973.97 
2067 1957.29 
2068 1955.52 
2069 1958.38 
2070 1968.73 
2071 1972.12 
2072 1975.24 
2073 1977.64 
2074 1962.95 
2075 1946.82 
2076 1961.11 
2077 1978.04 
2078 1952.69 
2079 1954.95 
2080 1975.88 
2081 1970.72 
2082 1953.62 
2083 1970.05 
2084 1975.06 
2085 1932.33 
2086 1956.28 
2087 1971.70 
2088 1957.36 
2089 1965.73 
2090 1952.61 
2091 1972.10 
2092 1979.61 
2093 1966.86 
2094 1976.18 
2095 1957.51 
2096 1957.55 
2097 1969.92 
2098 1969.91 
2099 1973.45 
2100 1943.01 
2101 1960.21 
2102 1976.11 
2103 1953.03 
2104 1971.99 
2105 1962.14 
2106 1968.74 
2107 1960.20 
2108 1969.93 
2109 1960.26 
2110 1962.63 
2111 1971.22 
2112 1954.78 
2113 1975.99 
2114 1967.15 
2115 1956.59 
2116 1980.61 
2117 1971.90 
2118 1955.78 
2119 1963.18 
2120 1934.52 
2121 1958.74 
2122 1956.50 
2123 1951.30 
2124 1966.00 
2125 1968.09 
2126 1978.84 
2127 1968.47 
2128 1965.51 
2129 1959.38 
2130 1924.25 
2131 1966.87 
2132 1928.72 
2133 1955.84 
2134 1977.75 
2135 1976.26 
2136 1943.87 
2137 1932.85 
2138 1978.20 
2139 1968.57 
2140 1968.27 
2141 1915.15 
2142 1957.99 
2143 1973.59 
2144 1962.86 
2145 1964.67 
2146 1971.26 
2147 1966.52 
2148 1957.56 
2149 1947.46 
2150 1952.12 
2151 1974.95 
2152 1981.14 
2153 1962.29 
2154 1970.26 
2155 1958.84 
2156 1940.40 
2157 1970.04 
2158 1957.85 
2159 1977.96 
2160 1978.94 
2161 1978.66 
2162 1952.36 
2163 1932.35 
2164 1964.07 
2165 1959.46 
2166 1976.14 
2167 1961.79 
2168 1960.69 
2169 1961.66 
2170 1975.96 
2171 1960.97 
2172 1962.14 
2173 1926.00 
2174 1974.08 
2175 1975.60 
2176 1952.39 
2177 1964.66 
2178 1911.97 
2179 1977.78 
2180 1956.67 
2181 1955.02 
2182 1955.06 
2183 1971.47 
2184 1973.29 
2185 1959.96 
2186 1897.04 
2187 1979.28 
2188 1977.35 
2189 1941.33 
2190 1970.68 
2191 1976.04 
2192 1970.56 
2193 1970.51 
2194 1956.16 
2195 1924.63 
2196 1961.72 
2197 1964.15 
2198 1956.78 
2199 1970.22 
2200 1977.48 
2201 1973.53 
2202 1961.77 
2203 1962.55 
2204 1928.92 
2205 1972.35 
2206 1973.24 
2207 1964.42 
2208 1977.95 
2209 1954.22 
2210 1967.38 
2211 1956.12 
2212 1977.47 
2213 1980.32 
2214 1972.89 
2215 1970.30 
2216 1971.65 
2217 1947.63 
2218 1955.09 
2219 1957.60 
2220 1955.18 
2221 1975.14 
2222 1955.61 
2223 1978.52 
2224 1970.85 
2225 1980.59 
2226 1973.91 
2227 1959.29 
2228 1935.97 
2229 1970.04 
2230 1969.35 
2231 1959.09 
2232 1972.29 
2233 1974.12 
2234 1963.54 
2235 1941.00 
2236 1973.18 
2237 1973.78 
2238 1975.04 
2239 1978.31 
2240 1980.57 
2241 1968.60 
2242 1980.35 
2243 1975.87 
2244 1970.61 
2245 1950.30 
2246 1977.77 
2247 1971.66 
2248 1969.73 
2249 1963.70 
2250 1982.53 
2251 1972.09 
2252 1899.69 
2253 1930.06 
2254 1973.60 
2255 1966.46 
2256 1955.97 
2257 1971.76 
2258 1970.42 
2259 1977.01 
2260 1961.02 
2261 1977.98 
2262 1972.99 
2263 1960.45 
2264 1973.65 
2265 1965.08 
2266 1949.75 
2267 1976.81 
2268 1962.36 
2269 1978.96 
2270 1962.05 
2271 1963.68 
2272 1969.61 
2273 1962.05 
2274 1962.34 
2275 1968.27 
2276 1963.26 
2277 1951.65 
2278 1972.73 
2279 1955.72 
2280 1947.91 
2281 1961.04 
2282 1976.50 
2283 1972.39 
2284 1958.94 
2285 1956.56 
2286 1964.04 
2287 1949.09 
2288 1976.41 
2289 1955.61 
2290 1958.51 
2291 1976.48 
2292 1951.60 
2293 1961.20 
2294 1949.87 
2295 1978.44 
2296 1972.27 
2297 1952.22 
2298 1975.88 
2299 1971.40 
2300 1957.45 
2301 1976.42 
2302 1966.99 
2303 1944.52 
2304 1957.87 
2305 1973.66 
2306 1959.17 
2307 1975.46 
2308 1956.10 
2309 1980.77 
2310 1969.80 
2311 1972.05 
2312 1979.89 
2313 1976.90 
2314 1955.37 
2315 1961.82 
2316 1917.11 
2317 1969.45 
2318 1955.79 
2319 1943.02 
2320 1963.68 
2321 1973.45 
2322 1970.65 
2323 1980.08 
2324 1973.27 
2325 1960.56 
2326 1956.09 
2327 1975.33 
2328 1963.76 
2329 1955.94 
2330 1965.45 
2331 1973.99 
2332 1976.30 
2333 1955.95 
2334 1954.09 
2335 1975.58 
2336 1946.84 
2337 1975.96 
2338 1974.94 
2339 1970.35 
2340 1960.29 
2341 1975.99 
2342 1976.36 
2343 1973.21 
2344 1970.90 
2345 1970.89 
2346 1957.97 
2347 1972.53 
2348 1954.41 
2349 1979.58 
2350 1959.99 
2351 1977.62 
2352 1942.83 
2353 1959.29 
2354 1949.49 
2355 1959.07 
2356 1977.33 
2357 1959.56 
2358 1980.80 
2359 1979.40 
2360 1978.35 
2361 1941.04 
2362 1957.38 
2363 1978.71 
2364 1956.42 
2365 1962.82 
2366 1956.81 
2367 1977.01 
2368 1964.47 
2369 1970.35 
2370 1967.20 
2371 1972.03 
0 1976.86 
1 1913.81 
2 1979.92 
3 1960.15 
4 1974.46 
5 1973.61 
6 1942.98 
7 1972.32 
8 1972.17 
9 1973.51 
10 1957.81 
11 1960.39 
12 1969.67 
13 1957.57 
14 1959.46 
15 1969.78 
16 1976.16 
17 1975.50 
18 1976.41 
19 1968.44 
20 1974.84 
21 1979.15 
22 1973.30 
23 1974.73 
24 1968.65 
25 1958.83 
26 1974.37 
27 1979.24 
28 1954.94 
29 1975.46 
30 1959.35 
31 1956.96 
32 1951.18 
33 1911.03 
34 1979.45 
35 1976.17 
36 1978.55 
37 1972.94 
38 1973.03 
39 1963.64 
40 1960.97 
41 1980.21 
42 1961.86 
43 1972.58 
44 1967.86 
45 1956.31 
46 1971.57 
47 1969.77 
48 1955.23 
49 1978.62 
50 1958.24 
51 1964.17 
52 1976.82 
53 1975.72 
54 1976.07 
55 1965.91 
56 1959.55 
57 1955.72 
58 1960.48 
59 1972.07 
60 1873.27 
61 1974.22 
62 1960.89 
63 1979.76 
64 1950.01 
65 1958.51 
66 1979.22 
67 1962.40 
68 1962.85 
69 1969.47 
70 1919.73 
71 1979.53 
72 1960.62 
73 1957.57 
74 1959.93 
75 1952.64 
76 1954.84 
77 1925.27 
78 1960.44 
79 1971.45 
80 1968.84 
81 1975.56 
82 1961.10 
83 1951.20 
84 1958.76 
85 1971.15 
86 1965.78 
87 1954.61 
88 1967.74 
89 1968.67 
90 1951.23 
91 1977.35 
92 1976.12 
93 1961.69 
94 1959.88 
95 1959.90 
96 1980.11 
97 1961.62 
98 1973.62 
99 1950.22 
100 1977.70 
101 1970.89 
102 1956.42 
103 1980.40 
104 1968.69 
105 1972.02 
106 1976.06 
107 1953.17 
108 1961.54 
109 1967.54 
110 1973.90 
111 1972.31 
112 1974.46 
113 1933.45 
114 1946.62 
115 1961.07 
116 1957.51 
117 1961.78 
118 1972.03 
119 1974.78 
120 1977.80 
121 1959.27 
122 1975.25 
123 1952.65 
124 1927.18 
125 1956.87 
126 1957.46 
127 1979.25 
128 1970.18 
129 1972.41 
130 1959.81 
131 1961.54 
132 1976.97 
133 1975.87 
134 1980.37 
135 1961.02 
136 1963.95 
137 1970.86 
138 1945.62 
139 1908.04 
140 1959.65 
141 1954.96 
142 1978.16 
143 1963.86 
144 1960.78 
145 1974.18 
146 1974.59 
147 1979.05 
148 1968.19 
149 1965.35 
150 1974.96 
151 1959.43 
152 1962.12 
153 1968.63 
154 1967.66 
155 1950.23 
156 1979.72 
157 1975.15 
158 1977.52 
159 1972.19 
160 1976.28 
161 1973.72 
162 1976.33 
163 1972.78 
164 1937.72 
165 1968.75 
166 1955.37 
167 1975.74 
168 1959.51 
169 1957.86 
170 1939.92 
171 1972.17 
172 1979.17 
173 1974.11 
174 1952.36 
175 1957.58 
176 1889.34 
177 1967.57 
178 1974.84 
179 1966.20 
180 1972.79 
181 1969.84 
182 1973.38 
183 1973.85 
184 1895.77 
185 1971.27 
186 1958.41 
187 1976.09 
188 1961.31 
189 1908.11 
190 1961.90 
191 1972.42 
192 1964.33 
193 1974.02 
194 1957.42 
195 1968.66 
196 1944.03 
197 1969.19 
198 1978.76 
199 1973.30 
200 1977.60 
201 1978.38 
202 1976.49 
203 1978.92 
204 1889.96 
205 1971.83 
206 1977.11 
207 1976.95 
208 1969.69 
209 1930.55 
210 1973.85 
211 1972.90 
212 1970.05 
213 1976.87 
214 1964.78 
215 1955.72 
216 1968.39 
217 1972.35 
218 1974.64 
219 1958.08 
220 1956.27 
221 1966.75 
222 1964.42 
223 1976.06 
224 1961.08 
225 1966.17 
226 1968.68 
227 1976.32 
228 1979.00 
229 1976.41 
230 1974.33 
231 1972.27 
232 1971.55 
233 1976.23 
234 1971.02 
235 1908.15 
236 1961.47 
237 1956.12 
238 1973.74 
239 1959.03 
240 1922.16 
241 1972.32 
242 1956.94 
243 1974.84 
244 1979.28 
245 1937.23 
246 1978.49 
247 1925.79 
248 1939.05 
249 1967.73 
250 1972.54 
251 1981.14 
252 1957.66 
253 1970.69 
254 1961.37 
255 1918.53 
256 1941.30 
257 1975.04 
258 1960.77 
259 1960.04 
260 1980.03 
261 1970.65 
262 1954.83 
263 1969.61 
264 1973.97 
265 1975.57 
266 1977.37 
267 1977.70 
268 1963.91 
269 1973.58 
270 1976.15 
271 1904.34 
272 1963.19 
273 1977.40 
274 1960.66 
275 1957.07 
276 1898.57 
277 1974.77 
278 1977.79 
279 1976.47 
280 1979.43 
281 1907.02 
282 1972.18 
283 1977.82 
284 1970.64 
285 1952.19 
286 1955.71 
287 1959.00 
288 1971.14 
289 1962.18 
290 1975.12 
291 1929.63 
292 1971.83 
293 1941.26 
294 1979.23 
295 1963.57 
296 1953.92 
297 1947.39 
298 1958.56 
299 1938.85 
300 1957.80 
301 1972.67 
302 1967.99 
303 1963.26 
304 1979.75 
305 1972.64 
306 1972.58 
307 1968.97 
308 1935.09 
309 1928.36 
310 1958.76 
311 1964.68 
312 1972.57 
313 1945.78 
314 1976.52 
315 1971.42 
316 1969.48 
317 1963.63 
318 1923.62 
319 1978.70 
320 1974.29 
321 1966.82 
322 1964.73 
323 1977.10 
324 1976.02 
325 1972.48 
326 1974.29 
327 1977.78 
328 1972.94 
329 1980.47 
330 1972.99 
331 1961.66 
332 1966.95 
333 1967.82 
334 1957.65 
335 1980.62 
336 1966.57 
337 1981.57 
338 1975.87 
339 1929.60 
340 1977.57 
341 1972.66 
342 1947.80 
343 1956.94 
344 1978.06 
345 1970.76 
346 1961.82 
347 1970.99 
348 1964.15 
349 1971.58 
350 1966.79 
351 1971.95 
352 1973.17 
353 1961.61 
354 1977.95 
355 1964.44 
356 1956.95 
357 1977.71 
358 1953.77 
359 1898.49 
360 1977.32 
361 1959.21 
362 1966.57 
363 1966.55 
364 1866.50 
365 1955.33 
366 1970.95 
367 1966.37 
368 1970.90 
369 1976.09 
370 1929.33 
371 1979.08 
372 1969.86 
373 1960.21 
374 1959.50 
375 1962.35 
376 1964.85 
377 1962.48 
378 1973.52 
379 1977.46 
380 1961.60 
381 1973.65 
382 1972.86 
383 1978.19 
384 1977.86 
385 1919.95 
386 1950.47 
387 1982.01 
388 1960.46 
389 1958.20 
390 1906.11 
391 1977.56 
392 1968.35 
393 1909.43 
394 1966.68 
395 1935.97 
396 1969.14 
397 1947.39 
398 1960.51 
399 1958.08 
400 1976.36 
401 1973.01 
402 1975.55 
403 1967.04 
404 1962.02 
405 1959.92 
406 1977.13 
407 1967.03 
408 1969.02 
409 1961.59 
410 1940.14 
411 1981.62 
412 1956.88 
413 1979.92 
414 1972.27 
415 1951.45 
416 1971.51 
417 1964.32 
418 1957.11 
419 1968.55 
420 1972.35 
421 1971.97 
422 1970.91 
423 1965.54 
424 1944.61 
425 1941.97 
426 1968.39 
427 1952.35 
428 1942.68 
429 1972.80 
430 1970.87 
431 1981.32 
432 1958.78 
433 1954.98 
434 1968.98 
435 1970.23 
436 1974.72 
437 1935.52 
438 1958.89 
439 1954.98 
440 1973.13 
441 1969.27 
442 1973.72 
443 1979.51 
444 1969.57 
445 1974.24 
446 1954.81 
447 1968.81 
448 1971.06 
449 1958.91 
450 1976.18 
451 1969.57 
452 1974.00 
453 1975.59 
454 1945.91 
455 1959.50 
456 1975.12 
457 1961.53 
458 1954.74 
459 1953.10 
460 1960.82 
461 1950.90 
462 1978.39 
463 1970.16 
464 1934.71 
465 1960.77 
466 1981.71 
467 1953.62 
468 1974.11 
469 1980.37 
470 1979.37 
471 1972.68 
472 1961.98 
473 1964.23 
474 1968.96 
475 1949.24 
476 1953.92 
477 1968.54 
478 1957.11 
479 1957.60 
480 1966.35 
481 1973.75 
482 1916.53 
483 1963.30 
484 1977.13 
485 1959.93 
486 1976.21 
487 1969.44 
488 1958.73 
489 1959.99 
490 1954.24 
491 1973.79 
492 1969.15 
493 1979.87 
494 1979.55 
495 1978.17 
496 1977.71 
497 1959.45 
498 1965.35 
499 1977.57 
500 1980.27 
501 1972.21 
502 1960.17 
503 1964.77 
504 1958.76 
505 1960.64 
506 1948.22 
507 1962.27 
508 1978.42 
509 1948.48 
510 1959.75 
511 1975.44 
512 1954.57 
513 1974.27 
514 1975.09 
515 1973.29 
516 1963.68 
517 1975.22 
518 1969.67 
519 1967.33 
520 1959.95 
521 1953.45 
522 1959.51 
523 1957.99 
524 1970.05 
525 1958.74 
526 1964.82 
527 1975.59 
528 1979.58 
529 1960.66 
530 1955.44 
531 1973.74 
532 1955.82 
533 1966.90 
534 1964.46 
535 1980.55 
536 1973.03 
537 1960.31 
538 1975.95 
539 1970.70 
540 1960.55 
541 1938.10 
542 1974.02 
543 1959.66 
544 1948.13 
545 1979.82 
546 1956.88 
547 1947.35 
548 1957.74 
549 1946.56 
550 1958.64 
551 1957.58 
552 1972.69 
553 1962.09 
554 1977.97 
555 1964.01 
556 1971.04 
557 1977.76 
558 1975.48 
559 1976.94 
560 1961.86 
561 1948.59 
562 1978.92 
563 1977.85 
564 1980.58 
565 1934.42 
566 1956.97 
567 1970.71 
568 1946.12 
569 1969.09 
570 1976.51 
571 1962.79 
572 1951.91 
573 1952.15 
574 1958.13 
575 1962.89 
576 1959.18 
577 1972.27 
578 1961.42 
579 1976.26 
580 1979.08 
581 1931.29 
582 1956.81 
583 1953.98 
584 1968.47 
585 1977.58 
586 1976.49 
587 1964.08 
588 1975.94 
589 1972.38 
590 1960.63 
591 1966.96 
592 1925.58 
593 1973.37 
594 1960.59 
595 1959.91 
596 1956.18 
597 1969.05 
598 1972.11 
599 1980.00 
600 1977.63 
601 1964.43 
602 1974.64 
603 1971.84 
604 1973.05 
605 1974.48 
606 1974.16 
607 1961.55 
608 1977.74 
609 1952.97 
610 1977.20 
611 1978.02 
612 1975.88 
613 1958.02 
614 1974.72 
615 1953.84 
616 1979.58 
617 1954.66 
618 1976.40 
619 1975.25 
620 1968.87 
621 1979.94 
622 1961.18 
623 1954.82 
624 1941.72 
625 1956.14 
626 1966.86 
627 1964.40 
628 1978.57 
629 1975.93 
630 1967.13 
631 1958.91 
632 1972.12 
633 1965.96 
634 1972.76 
635 1973.88 
636 1965.72 
637 1969.77 
638 1956.56 
639 1975.90 
640 1973.16 
641 1957.59 
642 1957.24 
643 1958.29 
644 1972.08 
645 1962.93 
646 1956.77 
647 1978.60 
648 1974.64 
649 1961.38 
650 1979.45 
651 1980.76 
652 1939.84 
653 1978.58 
654 1966.22 
655 1979.24 
656 1962.72 
657 1971.23 
658 1971.31 
659 1964.46 
660 1962.65 
661 1973.34 
662 1923.66 
663 1956.84 
664 1940.14 
665 1976.18 
666 1939.41 
667 1955.85 
668 1959.75 
669 1963.38 
670 1972.55 
671 1954.42 
672 1962.00 
673 1976.21 
674 1963.09 
675 1972.66 
676 1955.78 
677 1962.74 
678 1968.31 
679 1962.19 
680 1973.84 
681 1967.94 
682 1959.27 
683 1978.02 
684 1960.21 
685 1948.97 
686 1952.45 
687 1973.40 
688 1972.88 
689 1949.04 
690 1952.82 
691 1971.92 
692 1967.06 
693 1962.14 
694 1922.67 
695 1969.12 
696 1971.94 
697 1962.87 
698 1957.86 
699 1968.78 
700 1960.42 
701 1968.54 
702 1969.78 
703 1976.77 
704 1975.38 
705 1970.06 
706 1969.48 
707 1960.95 
708 1955.13 
709 1978.73 
710 1959.65 
711 1975.16 
712 1970.13 
713 1973.47 
714 1955.73 
715 1964.99 
716 1955.40 
717 1936.18 
718 1979.14 
719 1955.45 
720 1966.84 
721 1969.70 
722 1954.65 
723 1957.80 
724 1960.73 
725 1962.55 
726 1962.21 
727 1980.66 
728 1977.78 
729 1968.89 
730 1954.23 
731 1973.89 
732 1974.78 
733 1970.83 
734 1955.41 
735 1980.02 
736 1943.97 
737 1967.59 
738 1973.86 
739 1959.21 
740 1975.34 
741 1958.50 
742 1947.12 
743 1949.64 
744 1975.39 
745 1970.98 
746 1966.24 
747 1962.26 
748 1958.48 
749 1976.31 
750 1973.37 
751 1974.30 
752 1957.08 
753 1953.76 
754 1974.51 
755 1974.40 
756 1970.94 
757 1942.33 
758 1975.36 
759 1958.62 
760 1973.18 
761 1969.52 
762 1959.09 
763 1974.49 
764 1974.97 
765 1978.06 
766 1973.76 
767 1954.84 
768 1978.58 
769 1953.34 
770 1954.60 
771 1971.68 
772 1983.06 
773 1905.67 
774 1954.65 
775 1981.14 
776 1952.67 
777 1954.37 
778 1966.41 
779 1978.99 
780 1973.53 
781 1977.26 
782 1977.96 
783 1875.16 
784 1974.62 
785 1977.80 
786 1946.78 
787 1961.00 
788 1975.96 
789 1942.84 
790 1977.23 
791 1976.62 
792 1971.97 
793 1959.06 
794 1958.44 
795 1976.92 
796 1958.25 
797 1971.40 
798 1969.64 
799 1966.62 
800 1972.83 
801 1970.01 
802 1944.04 
803 1960.05 
804 1966.20 
805 1960.76 
806 1961.61 
807 1973.01 
808 1963.31 
809 1974.94 
810 1968.85 
811 1966.19 
812 1958.66 
813 1952.13 
814 1957.24 
815 1967.97 
816 1961.59 
817 1975.27 
818 1962.07 
819 1954.87 
820 1964.89 
821 1976.75 
822 1972.64 
823 1913.61 
824 1971.65 
825 1962.47 
826 1978.76 
827 1978.09 
828 1942.01 
829 1969.89 
830 1975.50 
831 1970.75 
832 1907.87 
833 1981.14 
834 1953.50 
835 1958.02 
836 1974.53 
837 1977.19 
838 1957.34 
839 1962.81 
840 1976.19 
841 1956.61 
842 1952.20 
843 1961.79 
844 1963.89 
845 1956.43 
846 1952.45 
847 1970.11 
848 1977.72 
849 1979.82 
850 1953.69 
851 1975.51 
852 1957.91 
853 1978.67 
854 1975.57 
855 1957.19 
856 1952.08 
857 1970.59 
858 1975.61 
859 1955.02 
860 1975.34 
861 1953.10 
862 1968.63 
863 1974.60 
864 1967.36 
865 1972.98 
866 1958.84 
867 1977.18 
868 1974.13 
869 1968.97 
870 1971.44 
871 1969.04 
872 1972.17 
873 1976.57 
874 1965.64 
875 1978.47 
876 1948.58 
877 1978.72 
878 1978.10 
879 1961.14 
880 1922.31 
881 1956.59 
882 1977.58 
883 1970.09 
884 1962.67 
885 1978.57 
886 1974.69 
887 1970.53 
888 1957.53 
889 1961.79 
890 1957.74 
891 1979.52 
892 1947.59 
893 1958.00 
894 1968.41 
895 1975.81 
896 1959.12 
897 1972.84 
898 1960.26 
899 1941.55 
900 1973.58 
901 1964.87 
902 1944.54 
903 1970.82 
904 1979.39 
905 1963.24 
906 1964.59 
907 1968.51 
908 1949.29 
909 1964.31 
910 1975.26 
911 1960.51 
912 1956.79 
913 1942.26 
914 1971.69 
915 1962.92 
916 1968.30 
917 1973.50 
918 1969.88 
919 1966.16 
920 1977.59 
921 1955.76 
922 1963.08 
923 1968.24 
924 1970.92 
925 1956.12 
926 1964.99 
927 1975.45 
928 1975.18 
929 1957.29 
930 1933.40 
931 1967.81 
932 1973.76 
933 1968.22 
934 1963.06 
935 1974.19 
936 1973.72 
937 1948.89 
938 1935.30 
939 1954.70 
940 1960.10 
941 1973.33 
942 1962.18 
943 1943.41 
944 1975.43 
945 1968.91 
946 1975.71 
947 1956.52 
948 1973.89 
949 1963.01 
950 1972.06 
951 1971.40 
952 1972.65 
953 1936.33 
954 1969.23 
955 1966.34 
956 1978.10 
957 1979.21 
958 1955.64 
959 1938.39 
960 1962.76 
961 1916.26 
962 1979.27 
963 1973.82 
964 1971.02 
965 1945.53 
966 1960.11 
967 1968.89 
968 1960.91 
969 1963.96 
970 1974.30 
971 1965.53 
972 1964.32 
973 1967.94 
974 1979.02 
975 1971.31 
976 1975.62 
977 1976.11 
978 1963.61 
979 1951.74 
980 1969.99 
981 1954.37 
982 1978.02 
983 1975.35 
984 1967.92 
985 1894.88 
986 1903.68 
987 1969.84 
988 1958.23 
989 1974.98 
990 1962.03 
991 1975.21 
992 1959.74 
993 1980.51 
994 1960.83 
995 1963.26 
996 1960.30 
997 1963.30 
998 1976.31 
999 1974.90 
1000 1960.10 
1001 1931.74 
1002 1912.67 
1003 1961.57 
1004 1934.90 
1005 1979.75 
1006 1980.25 
1007 1980.94 
1008 1900.80 
1009 1974.96 
1010 1942.71 
1011 1972.96 
1012 1954.32 
1013 1956.13 
1014 1969.61 
1015 1975.91 
1016 1966.28 
1017 1964.75 
1018 1960.14 
1019 1977.62 
1020 1974.91 
1021 1956.05 
1022 1969.79 
1023 1958.74 
1024 1934.27 
1025 1954.08 
1026 1966.69 
1027 1977.60 
1028 1978.43 
1029 1977.04 
1030 1975.67 
1031 1976.52 
1032 1935.88 
1033 1973.58 
1034 1964.59 
1035 1974.85 
1036 1965.60 
1037 1974.50 
1038 1958.49 
1039 1963.50 
1040 1978.44 
1041 1956.93 
1042 1954.36 
1043 1958.41 
1044 1976.37 
1045 1959.70 
1046 1961.33 
1047 1956.15 
1048 1975.54 
1049 1958.05 
1050 1977.80 
1051 1959.66 
1052 1961.97 
1053 1966.44 
1054 1973.65 
1055 1951.49 
1056 1959.99 
1057 1949.08 
1058 1955.00 
1059 1963.00 
1060 1967.32 
1061 1973.26 
1062 1912.93 
1063 1980.50 
1064 1934.72 
1065 1978.91 
1066 1972.31 
1067 1968.58 
1068 1958.98 
1069 1957.51 
1070 1973.13 
1071 1980.93 
1072 1977.69 
1073 1960.33 
1074 1970.74 
1075 1960.87 
1076 1970.46 
1077 1964.84 
1078 1972.53 
1079 1955.70 
1080 1971.03 
1081 1960.37 
1082 1953.15 
1083 1965.49 
1084 1958.61 
1085 1953.93 
1086 1962.07 
1087 1973.31 
1088 1959.20 
1089 1974.48 
1090 1966.33 
1091 1917.12 
1092 1976.06 
1093 1977.56 
1094 1978.59 
1095 1958.29 
1096 1976.26 
1097 1971.06 
1098 1977.72 
1099 1957.42 
1100 1936.44 
1101 1976.36 
1102 1951.82 
1103 1976.16 
1104 1980.89 
1105 1977.85 
1106 1979.97 
1107 1976.81 
1108 1977.89 
1109 1958.80 
1110 1970.64 
1111 1975.33 
1112 1963.70 
1113 1941.52 
1114 1937.95 
1115 1969.33 
1116 1962.77 
1117 1976.19 
1118 1967.20 
1119 1956.14 
1120 1976.05 
1121 1974.45 
1122 1959.30 
1123 1970.17 
1124 1960.85 
1125 1970.02 
1126 1970.59 
1127 1953.78 
1128 1957.51 
1129 1972.99 
1130 1959.84 
1131 1972.37 
1132 1941.21 
1133 1976.08 
1134 1974.06 
1135 1956.52 
1136 1973.76 
1137 1954.96 
1138 1958.73 
1139 1972.79 
1140 1964.08 
1141 1980.58 
1142 1960.68 
1143 1975.12 
1144 1970.97 
1145 1956.69 
1146 1978.76 
1147 1959.90 
1148 1978.35 
1149 1959.51 
1150 1971.58 
1151 1975.23 
1152 1972.90 
1153 1971.57 
1154 1951.34 
1155 1956.46 
1156 1979.87 
1157 1965.45 
1158 1967.24 
1159 1961.55 
1160 1959.46 
1161 1952.17 
1162 1963.21 
1163 1961.76 
1164 1977.21 
1165 1978.43 
1166 1968.82 
1167 1973.33 
1168 1957.17 
1169 1977.90 
1170 1973.33 
1171 1978.29 
1172 1956.82 
1173 1912.22 
1174 1959.00 
1175 1968.33 
1176 1979.26 
1177 1971.71 
1178 1955.90 
1179 1953.91 
1180 1972.77 
1181 1976.32 
1182 1956.33 
1183 1949.48 
1184 1973.03 
1185 1957.43 
1186 1889.39 
1187 1959.94 
1188 1953.90 
1189 1973.46 
1190 1953.40 
1191 1971.56 
1192 1958.50 
1193 1972.21 
1194 1971.11 
1195 1977.22 
1196 1963.55 
1197 1973.62 
1198 1970.80 
1199 1961.98 
1200 1974.86 
1201 1971.16 
1202 1896.19 
1203 1947.88 
1204 1949.50 
1205 1956.18 
1206 1975.13 
1207 1967.42 
1208 1979.23 
1209 1949.91 
1210 1975.93 
1211 1972.99 
1212 1973.03 
1213 1956.63 
1214 1973.50 
1215 1964.75 
1216 1972.30 
1217 1971.08 
1218 1972.16 
1219 1970.19 
1220 1961.38 
1221 1978.06 
1222 1981.57 
1223 1975.11 
1224 1980.20 
1225 1956.33 
1226 1980.17 
1227 1981.91 
1228 1967.76 
1229 1978.96 
1230 1960.50 
1231 1980.01 
1232 1973.00 
1233 1971.57 
1234 1972.37 
1235 1939.53 
1236 1961.45 
1237 1974.31 
1238 1959.40 
1239 1960.27 
1240 1956.11 
1241 1953.61 
1242 1967.01 
1243 1978.96 
1244 1959.26 
1245 1934.33 
1246 1958.55 
1247 1962.97 
1248 1961.56 
1249 1967.38 
1250 1977.42 
1251 1966.18 
1252 1973.58 
1253 1960.47 
1254 1955.29 
1255 1963.09 
1256 1958.23 
1257 1916.29 
1258 1972.50 
1259 1973.39 
1260 1957.55 
1261 1960.29 
1262 1974.98 
1263 1954.72 
1264 1936.46 
1265 1953.48 
1266 1962.80 
1267 1978.49 
1268 1959.92 
1269 1941.36 
1270 1960.04 
1271 1969.93 
1272 1968.29 
1273 1965.20 
1274 1980.68 
1275 1973.89 
1276 1965.80 
1277 1956.07 
1278 1976.97 
1279 1947.87 
1280 1963.12 
1281 1968.68 
1282 1949.73 
1283 1965.94 
1284 1959.99 
1285 1971.23 
1286 1961.23 
1287 1949.96 
1288 1979.50 
1289 1976.65 
1290 1970.44 
1291 1968.60 
1292 1976.37 
1293 1974.82 
1294 1972.70 
1295 1934.84 
1296 1977.69 
1297 1959.70 
1298 1978.52 
1299 1959.77 
1300 1934.19 
1301 1970.12 
1302 1977.63 
1303 1971.97 
1304 1975.42 
1305 1981.66 
1306 1979.45 
1307 1977.22 
1308 1977.32 
1309 1963.26 
1310 1969.26 
1311 1970.90 
1312 1977.79 
1313 1973.71 
1314 1951.72 
1315 1964.13 
1316 1959.84 
1317 1963.01 
1318 1965.15 
1319 1975.22 
1320 1977.08 
1321 1958.05 
1322 1918.81 
1323 1975.47 
1324 1971.06 
1325 1962.80 
1326 1974.88 
1327 1971.79 
1328 1951.29 
1329 1966.46 
1330 1972.06 
1331 1957.84 
1332 1970.32 
1333 1974.30 
1334 1979.64 
1335 1976.55 
1336 1971.20 
1337 1972.35 
1338 1972.86 
1339 1954.89 
1340 1977.80 
1341 1965.47 
1342 1959.83 
1343 1980.68 
1344 1970.48 
1345 1929.00 
1346 1955.50 
1347 1960.53 
1348 1968.68 
1349 1963.05 
1350 1959.82 
1351 1978.45 
1352 1973.84 
1353 1958.27 
1354 1978.83 
1355 1949.40 
1356 1970.68 
1357 1968.97 
1358 1967.74 
1359 1970.64 
1360 1974.87 
1361 1963.01 
1362 1981.69 
1363 1973.14 
1364 1968.61 
1365 1964.62 
1366 1955.32 
1367 1976.18 
1368 1948.59 
1369 1970.34 
1370 1975.62 
1371 1966.44 
1372 1960.98 
1373 1967.66 
1374 1961.34 
1375 1969.54 
1376 1960.94 
1377 1960.19 
1378 1958.62 
1379 1947.57 
1380 1953.91 
1381 1975.57 
1382 1968.85 
1383 1864.04 
1384 1969.57 
1385 1971.91 
1386 1962.63 
1387 1973.63 
1388 1908.29 
1389 1957.81 
1390 1982.00 
1391 1976.22 
1392 1975.67 
1393 1961.69 
1394 1929.47 
1395 1978.88 
1396 1970.24 
1397 1976.69 
1398 1955.30 
1399 1927.73 
1400 1974.14 
1401 1966.40 
1402 1963.96 
1403 1975.38 
1404 1978.91 
1405 1957.64 
1406 1955.51 
1407 1966.33 
1408 1980.14 
1409 1960.38 
1410 1972.46 
1411 1983.34 
1412 1973.25 
1413 1959.47 
1414 1980.74 
1415 1975.79 
1416 1961.14 
1417 1963.42 
1418 1974.52 
1419 1958.57 
1420 1968.94 
1421 1972.33 
1422 1973.26 
1423 1976.93 
1424 1962.60 
1425 1924.04 
1426 1978.01 
1427 1978.10 
1428 1976.23 
1429 1975.31 
1430 1975.12 
1431 1964.47 
1432 1973.00 
1433 1958.65 
1434 1842.87 
1435 1973.33 
1436 1975.67 
1437 1962.57 
1438 1970.51 
1439 1977.24 
1440 1977.06 
1441 1959.76 
1442 1979.68 
1443 1973.52 
1444 1940.36 
1445 1952.31 
1446 1968.60 
1447 1973.98 
1448 1978.46 
1449 1980.38 
1450 1969.37 
1451 1944.09 
1452 1969.18 
1453 1957.92 
1454 1970.85 
1455 1976.36 
1456 1963.72 
1457 1930.73 
1458 1956.94 
1459 1954.89 
1460 1955.11 
1461 1971.94 
1462 1981.02 
1463 1958.56 
1464 1955.12 
1465 1958.38 
1466 1975.77 
1467 1966.76 
1468 1979.98 
1469 1961.31 
1470 1971.94 
1471 1964.55 
1472 1948.99 
1473 1979.52 
1474 1975.58 
1475 1976.94 
1476 1957.47 
1477 1956.00 
1478 1959.44 
1479 1967.76 
1480 1976.99 
1481 1966.47 
1482 1974.51 
1483 1969.03 
1484 1972.65 
1485 1959.02 
1486 1954.80 
1487 1975.74 
1488 1954.30 
1489 1978.10 
1490 1973.76 
1491 1965.74 
1492 1976.43 
1493 1976.42 
1494 1968.72 
1495 1970.42 
1496 1956.18 
1497 1981.88 
1498 1974.74 
1499 1964.84 
1500 1950.10 
1501 1964.85 
1502 1962.30 
1503 1963.95 
1504 1977.13 
1505 1959.17 
1506 1964.74 
1507 1957.35 
1508 1965.04 
1509 1971.99 
1510 1959.38 
1511 1951.84 
1512 1967.25 
1513 1945.78 
1514 1973.76 
1515 1961.30 
1516 1967.43 
1517 1974.15 
1518 1962.52 
1519 1968.10 
1520 1965.66 
1521 1974.22 
1522 1974.08 
1523 1966.31 
1524 1936.80 
1525 1975.15 
1526 1953.10 
1527 1973.61 
1528 1957.98 
1529 1974.48 
1530 1978.65 
1531 1973.97 
1532 1956.01 
1533 1877.03 
1534 1969.84 
1535 1964.92 
1536 1953.17 
1537 1971.86 
1538 1952.58 
1539 1955.54 
1540 1970.37 
1541 1951.64 
1542 1959.09 
1543 1963.83 
1544 1946.31 
1545 1967.30 
1546 1963.09 
1547 1980.08 
1548 1977.37 
1549 1961.89 
1550 1959.44 
1551 1968.74 
1552 1959.44 
1553 1976.97 
1554 1960.68 
1555 1956.36 
1556 1974.11 
1557 1977.61 
1558 1974.11 
1559 1972.67 
1560 1960.09 
1561 1959.19 
1562 1952.25 
1563 1977.38 
1564 1977.23 
1565 1963.55 
1566 1964.83 
1567 1964.71 
1568 1980.53 
1569 1972.58 
1570 1968.24 
1571 1945.20 
1572 1980.81 
1573 1962.14 
1574 1974.92 
1575 1960.86 
1576 1979.46 
1577 1972.81 
1578 1974.23 
1579 1968.72 
1580 1957.15 
1581 1960.44 
1582 1979.33 
1583 1976.87 
1584 1962.05 
1585 1969.23 
1586 1952.68 
1587 1969.58 
1588 1972.11 
1589 1952.65 
1590 1977.40 
1591 1977.12 
1592 1979.79 
1593 1956.93 
1594 1971.41 
1595 1966.38 
1596 1933.23 
1597 1927.79 
1598 1964.68 
1599 1963.13 
1600 1977.12 
1601 1939.00 
1602 1970.22 
1603 1979.80 
1604 1974.71 
1605 1959.28 
1606 1954.84 
1607 1972.29 
1608 1969.28 
1609 1971.61 
1610 1961.45 
1611 1953.60 
1612 1963.71 
1613 1955.80 
1614 1948.24 
1615 1961.35 
1616 1938.12 
1617 1952.25 
1618 1943.55 
1619 1977.54 
1620 1937.41 
1621 1959.33 
1622 1971.18 
1623 1975.97 
1624 1959.37 
1625 1960.85 
1626 1959.48 
1627 1976.59 
1628 1935.60 
1629 1959.76 
1630 1962.88 
1631 1969.74 
1632 1980.88 
1633 1973.10 
1634 1968.81 
1635 1972.59 
1636 1957.46 
1637 1962.41 
1638 1973.69 
1639 1969.36 
1640 1960.47 
1641 1971.11 
1642 1960.54 
1643 1963.44 
1644 1971.60 
1645 1970.07 
1646 1907.01 
1647 1958.98 
1648 1972.70 
1649 1962.05 
1650 1973.97 
1651 1971.03 
1652 1960.12 
1653 1978.15 
1654 1955.61 
1655 1956.76 
1656 1967.77 
1657 1977.42 
1658 1954.24 
1659 1969.60 
1660 1980.04 
1661 1973.15 
1662 1909.37 
1663 1963.80 
1664 1948.08 
1665 1951.43 
1666 1976.13 
1667 1957.90 
1668 1940.92 
1669 1974.61 
1670 1968.32 
1671 1974.23 
1672 1962.96 
1673 1964.94 
1674 1957.99 
1675 1977.25 
1676 1951.69 
1677 1976.81 
1678 1943.55 
1679 1978.58 
1680 1973.85 
1681 1960.52 
1682 1978.97 
1683 1971.55 
1684 1953.16 
1685 1953.91 
1686 1975.36 
1687 1970.17 
1688 1978.33 
1689 1972.35 
1690 1978.80 
1691 1975.09 
1692 1962.58 
1693 1979.89 
1694 1980.74 
1695 1960.44 
1696 1976.71 
1697 1965.86 
1698 1959.04 
1699 1951.71 
1700 1974.63 
1701 1977.03 
1702 1968.20 
1703 1953.26 
1704 1978.77 
1705 1967.73 
1706 1973.53 
1707 1977.22 
1708 1967.10 
1709 1957.37 
1710 1978.14 
1711 1943.31 
1712 1974.15 
1713 1950.79 
1714 1970.35 
1715 1956.50 
1716 1974.45 
1717 1966.51 
1718 1977.29 
1719 1975.43 
1720 1958.34 
1721 1981.10 
1722 1977.35 
1723 1960.17 
1724 1969.10 
1725 1967.79 
1726 1977.82 
1727 1973.83 
1728 1962.27 
1729 1897.47 
1730 1968.98 
1731 1976.91 
1732 1965.09 
1733 1947.66 
1734 1964.68 
1735 1984.73 
1736 1966.07 
1737 1972.49 
1738 1945.67 
1739 1978.21 
1740 1961.82 
1741 1975.02 
1742 1960.80 
1743 1979.04 
1744 1971.62 
1745 1977.47 
1746 1973.36 
1747 1974.26 
1748 1975.63 
1749 1977.23 
1750 1972.07 
1751 1957.88 
1752 1971.00 
1753 1972.71 
1754 1959.43 
1755 1974.66 
1756 1943.30 
1757 1956.93 
1758 1978.84 
1759 1973.25 
1760 1973.65 
1761 1975.09 
1762 1945.93 
1763 1955.56 
1764 1959.92 
1765 1974.20 
1766 1970.59 
1767 1964.73 
1768 1973.66 
1769 1970.27 
1770 1949.37 
1771 1975.79 
1772 1959.25 
1773 1972.71 
1774 1976.48 
1775 1970.74 
1776 1950.90 
1777 1933.29 
1778 1968.77 
1779 1938.16 
1780 1971.21 
1781 1949.14 
1782 1969.54 
1783 1976.19 
1784 1953.46 
1785 1965.44 
1786 1978.82 
1787 1954.93 
1788 1955.28 
1789 1976.15 
1790 1976.13 
1791 1969.56 
1792 1978.34 
1793 1966.48 
1794 1962.20 
1795 1975.17 
1796 1969.29 
1797 1968.72 
1798 1960.10 
1799 1967.97 
1800 1971.78 
1801 1979.51 
1802 1975.67 
1803 1956.44 
1804 1961.85 
1805 1955.01 
1806 1977.71 
1807 1958.74 
1808 1959.87 
1809 1970.55 
1810 1974.27 
1811 1951.62 
1812 1975.40 
1813 1972.45 
1814 1960.76 
1815 1944.52 
1816 1948.89 
1817 1977.56 
1818 1938.31 
1819 1974.18 
1820 1970.53 
1821 1953.35 
1822 1969.39 
1823 1960.77 
1824 1949.62 
1825 1937.69 
1826 1974.97 
1827 1975.85 
1828 1972.46 
1829 1976.01 
1830 1959.37 
1831 1973.17 
1832 1948.15 
1833 1973.87 
1834 1958.41 
1835 1957.86 
1836 1961.66 
1837 1971.89 
1838 1946.29 
1839 1960.25 
1840 1977.61 
1841 1976.48 
1842 1962.34 
1843 1953.25 
1844 1963.73 
1845 1971.18 
1846 1982.55 
1847 1965.23 
1848 1958.55 
1849 1977.54 
1850 1976.83 
1851 1975.64 
1852 1976.83 
1853 1963.32 
1854 1964.58 
1855 1973.86 
1856 1975.04 
1857 1951.93 
1858 1961.61 
1859 1956.01 
1860 1957.61 
1861 1953.05 
1862 1973.61 
1863 1962.72 
1864 1972.60 
1865 1953.61 
1866 1947.87 
1867 1976.86 
1868 1978.66 
1869 1974.94 
1870 1959.06 
1871 1964.25 
1872 1975.25 
1873 1977.48 
1874 1979.61 
1875 1921.66 
1876 1971.02 
1877 1980.52 
1878 1961.61 
1879 1982.32 
1880 1967.93 
1881 1977.55 
1882 1973.04 
1883 1956.05 
1884 1954.68 
1885 1960.10 
1886 1925.97 
1887 1963.17 
1888 1974.81 
1889 1978.01 
1890 1969.19 
1891 1970.88 
1892 1978.07 
1893 1968.01 
1894 1978.33 
1895 1979.53 
1896 1974.82 
1897 1965.23 
1898 1973.88 
1899 1959.26 
1900 1963.93 
1901 1973.74 
1902 1972.97 
1903 1954.91 
1904 1972.58 
1905 1944.46 
1906 1974.00 
1907 1977.95 
1908 1973.88 
1909 1971.68 
1910 1975.46 
1911 1960.97 
1912 1977.08 
1913 1978.81 
1914 1951.55 
1915 1969.30 
1916 1976.09 
1917 1962.23 
1918 1958.96 
1919 1974.29 
1920 1977.17 
1921 1958.64 
1922 1973.36 
1923 1966.46 
1924 1978.55 
1925 1977.12 
1926 1964.82 
1927 1960.89 
1928 1965.09 
1929 1968.85 
1930 1964.31 
1931 1978.19 
1932 1974.44 
1933 1970.94 
1934 1977.35 
1935 1978.79 
1936 1976.73 
1937 1956.68 
1938 1964.70 
1939 1933.88 
1940 1972.50 
1941 1964.36 
1942 1975.82 
1943 1976.03 
1944 1947.10 
1945 1977.99 
1946 1954.18 
1947 1965.23 
1948 1978.49 
1949 1975.91 
1950 1969.48 
1951 1950.15 
1952 1979.00 
1953 1975.37 
1954 1970.28 
1955 1970.76 
1956 1977.45 
1957 1974.87 
1958 1967.26 
1959 1977.93 
1960 1958.71 
1961 1976.31 
1962 1970.80 
1963 1976.85 
1964 1944.89 
1965 1964.03 
1966 1957.59 
1967 1956.23 
1968 1969.12 
1969 1964.73 
1970 1969.72 
1971 1948.62 
1972 1980.56 
1973 1966.76 
1974 1972.49 
1975 1974.21 
1976 1958.57 
1977 1970.26 
1978 1972.36 
1979 1967.41 
1980 1968.56 
1981 1956.81 
1982 1960.46 
1983 1975.38 
1984 1958.83 
1985 1940.94 
1986 1975.89 
1987 1979.85 
1988 1962.69 
1989 1950.71 
1990 1971.76 
1991 1932.57 
1992 1965.70 
1993 1960.07 
1994 1971.55 
1995 1977.42 
1996 1962.60 
1997 1967.63 
1998 1960.12 
1999 1923.06 
2000 1955.16 
2001 1978.98 
2002 1976.03 
2003 1972.35 
2004 1896.07 
2005 1976.41 
2006 1950.95 
2007 1971.11 
2008 1955.97 
2009 1969.56 
2010 1960.44 
2011 1977.06 
2012 1972.02 
2013 1956.09 
2014 1952.29 
2015 1980.46 
2016 1950.59 
2017 1978.01 
2018 1959.32 
2019 1973.06 
2020 1970.88 
2021 1955.90 
2022 1976.80 
2023 1965.18 
2024 1970.20 
2025 1951.00 
2026 1959.12 
2027 1973.02 
2028 1959.40 
2029 1967.13 
2030 1957.56 
2031 1958.76 
2032 1959.11 
2033 1971.75 
2034 1974.45 
2035 1974.47 
2036 1978.48 
2037 1974.64 
2038 1967.11 
2039 1938.08 
2040 1950.24 
2041 1958.96 
2042 1943.53 
2043 1979.54 
2044 1974.79 
2045 1976.38 
2046 1979.89 
2047 1968.32 
2048 1978.46 
2049 1956.89 
2050 1975.80 
2051 1939.81 
2052 1970.62 
2053 1969.82 
2054 1975.02 
2055 1959.03 
2056 1971.95 
2057 1954.59 
2058 1978.01 
2059 1955.08 
2060 1976.14 
2061 1967.05 
2062 1966.16 
2063 1959.65 
2064 1972.72 
2065 1953.93 
2066 1955.98 
2067 1978.11 
2068 1977.81 
2069 1954.49 
2070 1970.15 
2071 1952.55 
2072 1934.60 
2073 1979.85 
2074 1974.10 
2075 1956.22 
2076 1962.27 
2077 1972.00 
2078 1952.22 
2079 1979.34 
2080 1949.00 
2081 1956.69 
2082 1927.41 
2083 1976.44 
2084 1971.27 
2085 1973.39 
2086 1938.40 
2087 1934.10 
2088 1964.80 
2089 1954.56 
2090 1952.15 
2091 1980.82 
2092 1977.46 
2093 1956.66 
2094 1967.88 
2095 1961.56 
2096 1975.51 
2097 1978.55 
2098 1971.11 
2099 1958.97 
2100 1970.72 
2101 1972.76 
2102 1962.50 
2103 1979.01 
2104 1977.02 
2105 1969.84 
2106 1960.28 
2107 1964.71 
2108 1949.38 
2109 1955.88 
2110 1977.28 
2111 1979.72 
2112 1976.74 
2113 1957.13 
2114 1943.87 
2115 1956.42 
2116 1974.20 
2117 1958.51 
2118 1956.36 
2119 1977.23 
2120 1938.24 
2121 1974.84 
2122 1971.64 
2123 1957.61 
2124 1968.17 
2125 1974.57 
2126 1955.47 
2127 1957.19 
2128 1975.17 
2129 1959.88 
2130 1975.10 
2131 1961.64 
2132 1967.28 
2133 1975.36 
2134 1946.09 
2135 1970.61 
2136 1980.38 
2137 1979.94 
2138 1970.04 
2139 1962.37 
2140 1975.41 
2141 1970.11 
2142 1957.99 
2143 1931.41 
2144 1980.11 
2145 1973.26 
2146 1962.66 
2147 1956.16 
2148 1970.55 
2149 1955.96 
2150 1975.69 
2151 1969.97 
2152 1977.41 
2153 1976.94 
2154 1968.43 
2155 1973.03 
2156 1958.04 
2157 1969.77 
2158 1967.41 
2159 1971.41 
2160 1960.46 
2161 1957.69 
2162 1957.72 
2163 1968.38 
2164 1977.87 
2165 1977.35 
2166 1950.51 
2167 1973.65 
2168 1978.27 
2169 1959.40 
2170 1952.22 
2171 1975.84 
2172 1961.42 
2173 1953.50 
2174 1958.12 
2175 1967.87 
2176 1922.76 
2177 1955.63 
2178 1955.48 
2179 1958.84 
2180 1962.48 
2181 1975.46 
2182 1961.99 
2183 1971.23 
2184 1974.30 
2185 1961.83 
2186 1969.35 
2187 1939.09 
2188 1958.92 
2189 1971.53 
2190 1974.88 
2191 1979.18 
2192 1971.53 
2193 1977.21 
2194 1964.24 
2195 1971.65 
2196 1962.20 
2197 1956.52 
2198 1947.26 
2199 1974.37 
2200 1931.70 
2201 1956.16 
2202 1976.38 
2203 1965.07 
2204 1970.01 
2205 1952.60 
2206 1971.85 
2207 1971.61 
2208 1957.84 
2209 1971.83 
2210 1969.24 
2211 1981.43 
2212 1976.24 
2213 1960.32 
2214 1949.77 
2215 1964.64 
2216 1959.45 
2217 1967.56 
2218 1973.77 
2219 1979.14 
2220 1971.17 
2221 1975.94 
2222 1969.88 
2223 1971.80 
2224 1976.45 
2225 1974.54 
2226 1977.83 
2227 1961.82 
2228 1955.61 
2229 1973.14 
2230 1970.27 
2231 1959.46 
2232 1956.58 
2233 1948.97 
2234 1974.25 
2235 1964.31 
2236 1972.40 
2237 1946.81 
2238 1956.78 
2239 1942.03 
2240 1973.54 
2241 1974.26 
2242 1964.57 
2243 1959.31 
2244 1956.62 
2245 1976.22 
2246 1973.63 
2247 1964.36 
2248 1963.15 
2249 1961.78 
2250 1975.92 
2251 1953.32 
2252 1964.29 
2253 1957.47 
2254 1958.84 
2255 1966.55 
2256 1932.12 
2257 1957.84 
2258 1972.54 
2259 1972.16 
2260 1971.24 
2261 1965.92 
2262 1970.65 
2263 1975.34 
2264 1977.67 
2265 1974.30 
2266 1979.18 
2267 1970.76 
2268 1980.47 
2269 1953.23 
2270 1970.45 
2271 1978.49 
2272 1972.36 
2273 1922.67 
2274 1980.62 
2275 1959.22 
2276 1963.23 
2277 1964.19 
2278 1968.17 
2279 1897.91 
2280 1967.20 
2281 1978.87 
2282 1970.33 
2283 1966.44 
2284 1967.28 
2285 1975.61 
2286 1952.78 
2287 1955.29 
2288 1972.90 
2289 1971.72 
2290 1960.99 
2291 1966.13 
2292 1975.80 
2293 1976.47 
2294 1960.07 
2295 1954.47 
2296 1977.84 
2297 1977.10 
2298 1971.34 
2299 1963.32 
2300 1954.29 
2301 1975.22 
2302 1981.68 
2303 1962.67 
2304 1980.03 
2305 1971.23 
2306 1959.64 
2307 1952.07 
2308 1960.80 
2309 1958.53 
2310 1976.38 
2311 1974.40 
2312 1966.26 
2313 1962.01 
2314 1955.14 
2315 1966.06 
2316 1959.34 
2317 1960.51 
2318 1966.27 
2319 1955.10 
2320 1961.30 
2321 1973.55 
2322 1956.32 
2323 1958.03 
2324 1959.22 
2325 1929.62 
2326 1967.74 
2327 1967.54 
2328 1978.14 
2329 1956.02 
2330 1969.48 
2331 1979.18 
2332 1969.69 
2333 1962.68 
2334 1965.45 
2335 1953.87 
2336 1970.29 
2337 1922.70 
2338 1953.86 
2339 1964.09 
2340 1963.01 
2341 1944.51 
2342 1952.36 
2343 1955.16 
2344 1972.44 
2345 1959.16 
2346 1958.72 
2347 1959.68 
2348 1956.38 
2349 1968.71 
2350 1957.14 
2351 1948.46 
2352 1972.48 
2353 1954.73 
2354 1960.80 
2355 1976.16 
2356 1973.98 
2357 1978.45 
2358 1973.77 
2359 1974.05 
2360 1967.25 
2361 1957.57 
2362 1955.91 
2363 1977.83 
2364 1957.21 
2365 1969.24 
2366 1976.15 
2367 1958.06 
2368 1945.27 
2369 1979.40 
2370 1974.92 
2371 1971.84 
2372 1969.76 
2373 1937.26 
2374 1955.24 
2375 1969.57 
2376 1971.96 
2377 1976.28 
2378 1977.43 
2379 1967.96 
2380 1959.52 
2381 1976.09 
2382 1969.69 
2383 1959.21 
2384 1968.88 
2385 1973.93 
2386 1956.16 
