Seed 0:
0 -409.49 
1 -0.27 
2 -0.20 
3 -0.27 
4 -0.40 
5 -1.94 
6 -1.20 
7 0.58 
8 -1.23 
9 0.21 
10 -0.32 
11 2183.50 
12 2037.96 
13 2097.88 
14 2167.93 
15 2065.69 
16 2159.04 
17 2128.19 
18 2198.03 
19 2182.06 
20 2191.80 
21 2206.04 
22 2144.80 
23 2210.44 
24 2009.77 
25 2186.86 
26 2177.58 
27 2214.94 
28 2213.62 
29 2106.71 
30 2183.28 
31 2191.33 
32 2226.59 
33 2214.17 
34 2193.77 
35 2177.80 
36 2183.04 
37 2117.28 
38 2044.56 
39 2217.49 
40 2195.36 
41 1888.35 
42 2065.02 
43 2148.89 
44 2165.65 
45 2201.41 
46 2135.52 
47 2232.65 
48 2116.64 
49 2207.64 
50 2068.70 
51 2203.35 
52 2199.85 
53 2197.10 
54 2109.54 
55 2072.26 
56 2212.03 
57 2211.95 
58 2114.49 
59 2194.06 
60 2184.32 
61 2190.42 
62 2180.30 
63 2142.97 
64 2188.92 
65 2100.14 
66 2137.69 
67 2179.96 
68 2202.52 
69 2135.43 
70 2198.87 
71 2106.65 
72 2220.15 
73 2100.66 
74 2206.73 
75 2200.01 
76 2130.08 
77 2134.59 
78 2146.47 
79 2092.06 
80 2140.05 
81 2196.80 
82 2197.08 
83 2200.50 
84 2196.86 
85 2210.57 
86 2200.93 
87 2185.00 
88 2232.54 
89 2167.24 
90 2020.82 
91 2004.23 
92 2165.90 
93 2026.59 
94 2145.33 
95 2138.81 
96 2177.41 
97 2193.97 
98 2180.81 
99 2153.96 
100 2119.52 
101 2208.25 
102 2194.88 
103 2073.57 
104 2143.82 
105 2175.70 
106 2211.86 
107 2211.92 
108 2162.33 
109 2192.57 
110 2207.16 
111 2158.56 
112 2147.36 
113 2059.43 
114 2133.70 
115 2186.55 
116 2197.79 
117 2193.37 
118 2207.54 
119 2208.63 
120 2229.32 
121 2227.60 
122 2201.46 
123 2207.71 
124 2231.07 
125 2212.45 
126 2162.84 
127 2199.33 
128 2096.75 
129 2164.24 
130 2202.66 
131 2204.57 
132 2206.73 
133 2169.68 
134 2204.42 
135 2193.09 
136 2211.53 
137 2184.69 
138 2169.77 
139 2144.34 
140 2197.61 
141 2209.36 
142 2186.26 
143 2190.62 
144 2191.80 
145 2213.60 
146 2162.46 
147 2191.37 
148 2186.69 
149 2172.41 
150 2202.43 
151 2106.60 
152 2093.31 
153 2132.06 
154 2198.58 
155 2180.67 
156 2202.54 
157 2222.92 
158 2174.99 
159 2207.65 
160 2154.06 
161 2175.30 
162 2009.48 
163 2195.29 
164 2196.75 
165 2200.43 
166 2189.58 
167 2188.53 
168 2195.75 
169 2141.85 
170 2182.51 
171 2204.94 
172 2201.40 
173 2178.65 
174 2209.65 
175 2192.42 
176 2204.07 
177 2103.48 
178 2122.45 
179 2207.63 
180 2123.35 
181 2205.32 
182 2177.96 
183 2218.16 
184 2183.07 
185 2201.34 
186 2217.61 
187 2191.62 
188 2192.31 
189 2185.28 
190 2059.63 
191 2089.73 
192 2177.17 
193 2138.48 
194 2215.83 
195 2206.96 
196 2185.41 
197 2212.01 
198 2188.73 
199 2078.99 
200 2022.32 
201 2191.63 
202 2191.17 
203 2171.05 
204 2202.43 
205 1957.62 
206 2180.67 
207 2190.86 
208 2121.95 
209 2170.61 
210 2202.04 
211 2218.91 
212 2197.85 
213 2162.27 
214 2193.69 
215 2184.62 
216 2182.46 
217 2014.32 
218 2186.31 
219 2189.90 
220 2208.34 
221 2143.70 
222 2066.42 
223 2197.38 
224 2047.88 
225 2196.23 
226 2216.19 
227 2214.44 
228 2201.92 
229 2178.84 
230 2193.47 
231 2104.62 
232 2173.79 
233 2212.01 
234 2146.43 
235 2198.47 
236 2201.79 
237 2191.61 
238 2174.56 
239 2201.31 
240 2224.67 
241 2191.04 
242 2195.95 
243 2193.76 
244 2212.36 
245 2171.35 
246 2206.83 
247 2206.07 
248 2171.46 
249 2189.17 
250 2195.81 
251 2203.16 
252 2192.62 
253 2178.15 
254 2183.64 
255 2195.61 
256 2208.96 
257 2180.56 
258 2175.89 
259 2187.40 
260 2185.37 
261 1904.35 
262 2189.90 
263 2190.74 
264 2198.08 
265 2196.73 
266 2206.32 
267 2188.63 
268 2184.74 
269 2131.55 
270 2203.12 
271 2177.08 
272 2214.89 
273 2187.42 
274 2215.12 
275 2200.86 
276 2181.92 
277 2110.29 
278 2170.39 
279 2180.22 
280 2110.57 
281 2217.86 
282 2218.33 
283 2175.32 
284 2054.44 
285 2211.20 
286 2188.47 
287 2218.24 
288 2162.22 
289 2216.84 
290 2211.25 
291 2168.10 
292 2200.76 
293 2210.87 
294 2222.88 
295 2189.08 
296 2187.22 
297 2170.38 
298 2193.45 
299 2211.02 
300 2208.36 
301 2203.88 
302 2205.82 
303 2220.37 
304 2197.04 
305 2188.29 
306 2130.36 
307 2197.39 
308 2190.77 
309 2186.34 
310 2210.24 
311 2199.74 
312 2169.67 
313 2127.79 
314 2209.52 
315 2212.24 
316 2174.01 
317 2195.98 
318 2202.81 
319 2183.70 
320 2213.90 
321 2214.37 
322 2202.20 
323 2189.98 
324 2213.88 
325 2184.80 
326 2144.46 
327 2207.48 
328 2207.53 
329 2199.14 
330 2201.77 
331 2112.34 
332 2205.85 
333 2167.51 
334 2203.98 
335 2194.92 
336 2037.17 
337 2066.70 
338 2176.64 
339 2192.12 
340 2214.88 
341 2110.14 
342 2183.78 
343 2112.24 
344 2211.94 
345 2203.42 
346 2198.45 
347 2064.49 
348 2084.61 
349 2202.82 
350 2214.96 
351 2204.05 
352 2195.08 
353 2197.03 
354 2172.85 
355 2191.24 
356 2202.78 
357 2156.92 
358 2182.05 
359 2219.07 
360 2129.33 
361 2187.30 
362 2188.20 
363 2183.53 
364 2195.66 
365 2196.47 
366 2197.80 
367 2220.62 
368 2194.63 
369 2227.73 
370 1969.69 
371 2184.93 
372 2190.88 
373 2171.25 
374 2186.57 
375 2211.47 
376 2194.40 
377 2191.82 
378 2203.39 
379 2205.87 
380 2218.51 
381 2187.39 
382 2185.51 
383 2195.67 
384 2165.55 
385 2209.41 
386 2201.36 
387 2232.64 
388 2203.95 
389 2178.16 
390 2205.23 
391 2208.46 
392 2080.99 
393 2189.73 
394 2210.11 
395 2187.14 
396 2220.99 
397 2219.15 
398 2210.21 
399 2139.89 
400 2179.38 
401 2201.06 
402 2205.55 
403 2230.76 
404 2194.39 
405 2192.20 
406 2183.70 
407 2205.33 
408 2160.42 
409 2231.29 
410 2203.42 
411 2137.87 
412 2198.29 
413 2190.50 
414 2202.50 
415 2169.08 
416 2133.77 
417 2221.90 
418 2215.66 
419 1991.79 
420 2207.14 
421 2194.36 
422 2197.24 
423 2187.22 
424 2218.18 
425 2201.27 
426 2181.06 
427 2042.91 
428 2183.74 
429 2179.74 
430 2192.08 
431 2211.12 
432 2187.50 
433 2166.90 
434 2185.44 
435 2176.27 
436 2192.95 
437 2206.80 
438 2164.85 
439 2186.46 
440 2214.18 
441 2025.09 
442 2115.38 
443 2200.05 
444 2205.75 
445 2186.33 
446 2176.33 
447 2190.55 
448 2215.06 
449 2178.93 
450 2201.78 
451 2192.40 
452 2197.40 
453 2189.74 
454 2197.56 
455 2212.09 
456 2190.79 
457 2053.34 
458 2212.09 
459 2202.75 
460 2209.32 
461 2209.88 
462 2205.20 
463 2178.80 
464 2195.32 
465 2172.42 
466 2202.26 
467 2216.10 
468 2209.14 
469 2206.88 
470 2108.96 
471 2195.55 
472 2172.92 
473 2207.18 
474 2188.05 
475 2201.21 
476 2220.13 
477 2207.91 
478 2228.60 
479 2198.45 
480 2184.30 
481 2172.71 
482 2195.00 
483 2191.36 
484 2200.86 
485 2187.58 
486 2194.06 
487 2179.70 
488 2136.72 
489 2200.33 
490 2182.74 
491 2198.51 
492 2179.18 
493 2177.48 
494 2193.11 
495 2207.56 
496 2205.83 
497 2210.36 
498 2178.83 
499 2192.20 
500 2199.41 
501 2215.05 
502 2172.83 
503 2181.71 
504 2169.64 
505 2179.96 
506 2212.19 
507 2211.47 
508 2197.57 
509 2187.86 
510 2204.20 
511 2205.84 
512 2197.54 
513 2195.55 
514 2193.88 
515 2190.68 
516 2195.00 
517 2169.03 
518 2210.26 
519 2201.84 
520 2186.73 
521 2192.23 
522 2207.25 
523 2175.98 
524 2219.50 
525 2170.68 
526 2153.08 
527 2192.71 
528 2209.30 
529 2190.54 
530 2168.79 
531 2184.88 
532 2200.60 
533 2198.59 
534 2206.77 
535 2133.21 
536 2201.64 
537 2185.92 
538 2194.35 
539 2159.97 
540 2189.97 
541 2190.38 
542 2198.30 
543 2184.53 
544 2155.45 
545 2167.92 
546 2105.43 
547 2173.98 
548 2098.56 
549 2196.15 
550 2196.40 
551 2198.87 
552 2210.91 
553 2215.35 
554 2220.03 
555 2204.75 
556 2194.80 
557 2182.58 
558 2042.53 
559 2191.26 
560 2188.31 
561 2191.74 
562 2186.05 
563 2123.12 
564 2153.89 
565 2168.60 
566 2183.31 
567 2200.10 
568 2209.87 
569 2191.56 
570 2198.83 
571 2155.77 
572 2202.16 
573 2161.42 
574 2212.55 
575 2187.59 
576 2167.83 
577 2210.09 
578 2195.18 
579 2191.72 
580 2181.64 
581 2205.83 
582 2186.77 
583 2205.34 
584 2200.05 
585 2141.58 
586 2196.11 
587 2194.00 
588 2190.50 
589 2208.47 
590 2201.36 
591 2160.66 
592 2184.64 
593 2214.57 
594 2206.53 
595 2194.30 
596 2092.51 
597 2188.18 
598 2180.63 
599 2199.21 
600 2172.04 
601 2196.84 
602 2215.59 
603 2174.04 
604 2211.01 
605 2208.60 
606 2166.53 
607 2193.26 
608 2196.99 
609 2210.63 
610 2183.69 
611 2161.69 
612 2198.72 
613 2190.81 
614 2177.19 
615 2203.64 
616 2188.85 
617 2175.92 
618 2236.93 
619 2208.02 
620 2211.80 
621 2203.66 
622 2197.09 
623 2210.04 
624 2205.72 
625 2210.40 
626 2199.55 
627 2182.91 
628 2210.06 
629 2193.52 
630 2185.79 
631 2196.54 
632 2192.75 
633 2218.59 
634 2204.53 
635 2209.62 
636 2188.15 
637 2177.47 
638 2190.31 
639 2179.64 
640 2175.27 
641 2189.10 
642 2064.25 
643 2102.41 
644 2176.54 
645 2205.69 
646 2201.19 
647 2182.60 
648 2116.49 
649 2160.48 
650 2174.36 
651 2177.73 
652 2184.42 
653 2064.95 
654 2177.63 
655 2156.91 
656 2213.04 
657 2201.39 
658 2195.01 
659 2199.73 
660 2192.81 
661 2211.35 
662 2213.80 
663 2182.41 
664 2198.90 
665 2216.71 
666 2211.22 
667 2124.97 
668 2204.02 
669 2181.38 
670 2179.84 
671 2225.01 
672 2207.36 
673 2198.28 
674 2218.27 
675 2203.02 
676 2181.83 
677 2146.58 
678 2195.37 
679 2120.61 
680 2188.04 
681 2171.26 
682 2172.35 
683 2192.73 
684 2239.10 
685 2183.75 
686 2169.13 
687 2184.08 
688 2180.27 
689 2232.49 
690 2195.97 
691 2212.71 
692 2188.11 
693 2210.23 
694 2228.33 
695 2192.79 
696 2183.88 
697 2209.35 
698 2201.49 
699 2164.42 
700 2176.51 
701 2099.48 
702 2189.10 
703 2124.61 
704 2206.91 
705 2208.64 
706 2203.26 
707 2174.16 
708 2200.32 
709 2200.84 
710 2197.71 
711 2185.75 
712 2196.52 
713 2185.83 
714 2171.29 
715 2183.52 
716 2193.82 
717 2182.18 
718 2176.43 
719 2187.06 
720 2216.34 
721 2172.49 
722 2180.53 
723 2179.14 
724 2193.23 
725 2184.98 
726 2182.04 
727 2200.22 
728 2123.90 
729 2174.25 
730 2153.74 
731 2217.03 
732 2195.51 
733 2194.76 
734 2123.83 
735 2213.74 
736 2171.40 
737 2210.43 
738 2192.83 
739 2164.72 
740 2175.55 
741 2174.93 
742 2063.11 
743 2198.03 
744 2201.88 
745 2176.84 
746 2214.13 
747 2194.30 
748 2222.99 
749 2204.54 
750 2136.32 
751 2170.23 
752 2212.29 
753 2188.95 
754 2185.83 
755 2213.01 
756 2200.81 
757 2110.60 
758 2189.91 
759 2223.30 
760 2204.61 
761 2193.36 
762 2203.10 
763 2204.11 
764 2202.62 
765 2198.07 
766 2185.88 
767 2205.38 
768 2219.40 
769 2199.92 
770 2231.46 
771 2202.31 
772 2192.43 
773 2151.15 
774 2201.56 
775 2205.65 
776 2219.94 
777 2187.93 
778 2210.45 
779 2198.62 
780 2212.70 
781 2192.84 
782 2186.90 
783 2197.52 
784 2173.74 
785 2177.02 
786 2179.48 
787 2181.38 
788 2215.18 
789 2190.22 
790 2207.80 
791 2225.10 
792 2204.55 
793 2192.52 
794 2212.20 
795 2208.60 
796 2199.24 
797 2200.79 
798 2223.56 
799 2145.82 
800 2220.56 
801 2209.47 
802 2187.08 
803 2195.67 
804 2190.34 
805 2180.33 
806 2213.69 
807 2183.29 
808 2198.23 
809 2200.64 
810 2180.00 
811 2195.49 
812 2201.67 
813 2190.75 
814 2202.66 
815 2157.61 
816 2203.25 
817 2170.52 
818 2238.87 
819 2194.21 
820 2164.57 
821 2157.34 
822 2202.52 
823 2211.80 
824 2183.65 
825 2184.39 
826 2203.72 
827 2199.85 
828 2191.36 
829 2197.05 
830 2162.55 
831 2193.12 
832 2190.11 
833 2221.24 
834 2206.29 
835 2188.18 
836 2193.14 
837 2214.32 
838 2174.68 
839 2192.37 
840 2189.63 
841 2040.99 
842 2195.02 
843 2183.98 
844 2214.46 
845 2186.03 
846 2086.33 
847 2195.50 
848 2176.57 
849 2203.24 
850 2190.48 
851 2204.93 
852 2177.23 
853 2181.95 
854 2198.34 
855 2189.58 
856 2176.57 
857 2202.82 
858 2202.42 
859 2176.56 
860 2215.01 
861 2160.36 
862 2191.41 
863 2165.02 
864 2194.25 
865 2205.85 
866 2214.79 
867 2173.06 
868 2221.70 
869 2217.07 
870 2206.99 
871 2172.62 
872 2198.86 
873 2106.78 
874 2177.49 
875 2188.83 
876 2180.38 
877 2207.35 
878 2186.00 
879 2204.08 
880 2200.50 
881 2200.80 
882 2177.73 
883 2193.53 
884 2169.29 
885 2180.99 
886 2199.14 
887 2207.46 
888 2185.42 
889 2203.70 
890 2149.98 
891 2189.72 
892 2178.95 
893 2199.37 
894 2182.55 
895 2221.17 
896 2136.28 
897 2194.93 
898 2190.93 
899 2198.20 
900 2196.44 
901 2172.70 
902 2212.73 
903 2206.54 
904 2098.54 
905 2201.15 
906 2196.75 
907 2122.31 
908 2194.23 
909 2127.10 
910 2210.56 
911 2188.34 
912 2228.35 
913 2205.08 
914 2183.52 
915 2178.57 
916 2165.86 
917 2172.92 
918 2216.71 
919 2194.65 
920 2213.75 
921 2163.32 
922 2115.97 
923 2199.21 
924 2210.21 
925 2176.21 
926 2197.06 
927 2183.98 
928 2121.57 
929 2188.32 
930 2230.39 
931 2209.56 
932 2214.15 
933 2183.07 
934 2160.57 
935 2215.07 
936 2150.87 
937 2194.56 
938 2213.34 
939 2204.78 
940 2180.33 
941 2209.33 
942 2213.87 
943 2229.50 
944 2229.01 
945 2196.07 
946 2194.27 
947 2188.01 
948 2200.19 
949 2183.06 
950 2191.47 
951 2201.05 
952 2181.98 
953 2201.94 
954 2180.07 
955 2197.75 
956 2184.82 
957 2220.94 
958 2212.97 
959 2191.05 
960 2210.57 
961 2187.83 
962 2199.56 
963 2179.97 
964 2168.89 
965 2188.33 
966 2147.63 
967 2200.74 
968 2207.23 
969 2149.88 
970 2195.06 
971 2185.64 
972 2182.75 
973 2193.71 
974 2100.96 
975 2168.88 
976 2140.70 
977 2175.68 
978 2166.28 
979 2206.14 
980 2215.27 
981 2182.33 
982 2207.57 
983 2198.67 
984 2189.61 
985 2208.51 
986 2194.25 
987 2190.69 
988 2162.65 
989 2202.49 
990 2204.23 
991 2100.27 
992 2210.11 
993 2202.60 
994 2221.37 
995 2214.88 
996 2193.31 
997 2220.29 
998 2198.93 
999 2157.69 
1000 2215.66 
1001 2177.88 
1002 2204.49 
1003 2166.20 
1004 2203.15 
1005 2214.25 
1006 2196.71 
1007 2177.77 
1008 2210.74 
1009 2173.17 
1010 2231.68 
1011 2156.52 
1012 2006.79 
1013 2196.49 
1014 2157.61 
1015 2216.53 
1016 2163.69 
1017 2200.61 
1018 2207.67 
1019 2176.59 
1020 2221.03 
1021 2076.41 
1022 2209.10 
1023 2196.97 
1024 2181.20 
1025 2079.73 
1026 2151.44 
1027 2191.23 
1028 2200.48 
1029 2005.07 
1030 2181.06 
1031 2181.37 
1032 2106.40 
1033 2191.02 
1034 2198.78 
1035 2213.28 
1036 2184.31 
1037 2200.64 
1038 2191.28 
1039 2188.03 
1040 2193.00 
1041 2206.79 
1042 2192.86 
1043 2100.17 
1044 2177.95 
1045 2213.80 
1046 2182.80 
1047 2227.92 
1048 2199.37 
1049 2174.49 
1050 2177.18 
1051 2083.18 
1052 2198.58 
1053 2160.38 
1054 2211.22 
1055 2197.11 
1056 2212.52 
1057 2221.47 
1058 2229.84 
1059 2202.33 
1060 2211.98 
1061 2173.54 
1062 2206.59 
1063 2173.38 
1064 2198.07 
1065 2207.49 
1066 2195.79 
1067 2182.27 
1068 2203.11 
1069 2174.63 
1070 2194.56 
1071 2231.46 
1072 2215.67 
1073 2225.62 
1074 2209.59 
1075 2208.12 
1076 2222.57 
1077 2207.39 
1078 2207.63 
1079 2223.66 
1080 2190.77 
1081 2155.87 
1082 2205.95 
1083 2174.73 
1084 2186.71 
1085 2186.39 
1086 2208.60 
1087 2191.47 
1088 2197.42 
1089 2196.36 
1090 2186.78 
1091 2198.01 
1092 2171.14 
1093 2181.77 
1094 2187.10 
1095 2143.86 
1096 2200.40 
1097 2164.85 
1098 2186.96 
1099 2174.27 
1100 2232.19 
1101 2214.06 
1102 2197.03 
1103 2222.88 
1104 2215.86 
1105 2196.24 
1106 2183.73 
1107 2007.04 
1108 2194.21 
1109 2208.19 
1110 2213.33 
1111 2197.44 
1112 2172.18 
1113 2060.61 
1114 2186.35 
1115 2195.91 
1116 2182.95 
1117 2171.56 
1118 2197.31 
1119 2204.28 
1120 2180.51 
1121 2197.54 
1122 2191.81 
1123 2208.43 
1124 2174.06 
1125 2202.70 
1126 2211.59 
1127 2204.55 
1128 2195.65 
1129 2191.31 
1130 2173.97 
1131 2169.38 
1132 2234.56 
1133 2207.26 
1134 2203.37 
1135 2185.86 
1136 2105.81 
1137 2057.51 
1138 2182.00 
1139 2197.54 
1140 2222.91 
1141 2176.59 
1142 2019.87 
1143 2206.82 
1144 2200.75 
1145 2188.08 
1146 2190.31 
1147 2209.07 
1148 2181.95 
1149 2181.79 
1150 2178.19 
1151 2177.73 
1152 2184.29 
1153 2204.65 
1154 2182.98 
1155 2108.88 
1156 2176.50 
1157 2215.61 
1158 2190.39 
1159 2211.65 
1160 2137.02 
1161 2212.37 
1162 2159.16 
1163 2199.97 
1164 2210.92 
1165 2180.82 
1166 2189.25 
1167 2198.67 
1168 2204.38 
1169 2180.75 
1170 2176.05 
1171 2187.92 
1172 2195.72 
1173 2193.21 
1174 2222.00 
1175 2173.38 
1176 2211.98 
1177 2208.67 
1178 2204.80 
1179 2216.22 
1180 2184.69 
1181 2204.95 
1182 2199.58 
1183 2226.59 
1184 2186.01 
1185 2168.74 
1186 2198.92 
1187 2195.04 
1188 2204.34 
1189 2229.40 
1190 2152.04 
1191 2203.54 
1192 2198.73 
1193 2199.06 
1194 2206.18 
1195 2214.27 
1196 2179.09 
1197 2180.32 
1198 2184.98 
1199 2183.74 
1200 2167.24 
1201 2174.58 
1202 2193.27 
1203 2213.22 
1204 2170.45 
1205 2180.92 
1206 2222.05 
1207 2195.89 
1208 2158.72 
1209 2192.33 
1210 2207.67 
1211 2185.60 
1212 2112.80 
1213 2204.33 
1214 2155.06 
1215 2186.60 
1216 2203.21 
1217 2116.51 
1218 2188.64 
1219 2186.19 
1220 2200.08 
1221 2177.44 
1222 2176.40 
1223 2206.49 
1224 2215.45 
1225 2179.28 
1226 2196.86 
1227 2207.03 
1228 2209.08 
1229 2190.80 
1230 2223.98 
1231 2201.05 
1232 2187.73 
1233 2222.00 
1234 2212.04 
1235 2205.45 
1236 2202.89 
1237 2218.88 
1238 2207.05 
1239 2186.22 
1240 2209.45 
1241 2198.39 
1242 2183.96 
1243 2178.00 
1244 2195.95 
1245 2191.22 
1246 2172.06 
1247 2215.40 
1248 2207.89 
1249 2206.83 
1250 2204.28 
1251 2194.08 
1252 2171.46 
1253 2205.74 
1254 2225.45 
1255 2197.29 
1256 2101.37 
1257 2196.82 
1258 2206.65 
1259 2185.68 
1260 2199.16 
1261 2197.59 
1262 2188.25 
1263 2216.08 
1264 2220.11 
1265 2143.02 
1266 2190.23 
1267 2204.31 
1268 2202.61 
1269 2213.98 
1270 2198.19 
1271 2219.49 
1272 2236.32 
1273 2190.83 
1274 2228.56 
1275 2193.72 
1276 2186.47 
1277 2224.33 
1278 2185.60 
1279 2193.32 
1280 2208.36 
1281 2191.82 
1282 2213.56 
1283 2152.15 
1284 2202.89 
1285 2228.77 
1286 2174.11 
1287 2213.31 
1288 2180.67 
1289 2198.56 
1290 2123.96 
1291 2190.48 
1292 2202.46 
1293 2169.18 
1294 2197.59 
1295 2210.27 
1296 2174.48 
1297 2154.64 
1298 2189.01 
1299 2212.30 
1300 2185.01 
1301 2191.09 
1302 2170.35 
1303 2177.66 
1304 2203.71 
1305 2199.98 
1306 2198.20 
1307 2200.95 
1308 2165.11 
1309 2197.72 
1310 2202.71 
1311 2188.30 
1312 2193.13 
1313 2101.23 
1314 2197.53 
1315 2192.90 
1316 2151.13 
1317 2208.17 
1318 2198.03 
1319 2197.67 
1320 2142.66 
1321 2221.17 
1322 2219.46 
1323 2182.34 
1324 2193.55 
1325 2171.07 
1326 2224.36 
1327 2195.99 
1328 2180.38 
1329 2178.25 
1330 2171.34 
1331 2118.97 
1332 2201.93 
1333 2211.62 
1334 2209.46 
1335 2205.95 
1336 2192.15 
1337 2193.67 
1338 2181.65 
1339 2144.76 
1340 2093.86 
1341 2051.07 
1342 2194.73 
1343 2201.75 
1344 2114.88 
1345 2175.94 
1346 2161.42 
1347 2165.27 
1348 2233.17 
1349 2208.07 
1350 2205.43 
1351 2073.02 
1352 2179.95 
1353 2187.02 
1354 2181.45 
1355 2192.58 
1356 2181.68 
1357 2190.92 
1358 2205.17 
1359 2191.09 
1360 2200.76 
1361 2181.78 
1362 2195.40 
1363 2213.44 
1364 2197.24 
1365 2211.21 
1366 2186.83 
1367 2173.87 
1368 2205.85 
1369 2198.21 
1370 2210.20 
1371 2139.38 
1372 2216.70 
1373 2170.53 
1374 2169.53 
1375 2187.50 
1376 2106.42 
1377 2199.11 
1378 2223.65 
1379 2189.78 
1380 2173.01 
1381 2197.06 
1382 2173.92 
1383 2007.40 
1384 2165.08 
1385 2211.15 
1386 2229.73 
1387 2202.37 
1388 2176.36 
1389 2166.99 
1390 2200.45 
1391 2181.88 
1392 2200.82 
1393 2173.90 
1394 2210.71 
1395 2151.23 
1396 2195.58 
1397 2130.91 
1398 2202.97 
1399 2185.95 
1400 2177.75 
1401 2187.41 
1402 2185.87 
1403 2188.51 
1404 2199.64 
1405 2195.51 
1406 2232.43 
1407 2200.15 
1408 2188.06 
1409 2198.54 
1410 2196.43 
1411 2171.46 
1412 2179.51 
1413 2212.46 
1414 2190.78 
1415 2209.93 
1416 2203.82 
1417 2185.04 
1418 2134.21 
1419 2207.67 
1420 2206.60 
1421 2194.78 
1422 2204.07 
1423 2192.91 
1424 2198.05 
1425 2176.98 
1426 2212.50 
1427 2182.79 
1428 2203.40 
1429 2235.60 
1430 2204.74 
1431 2202.63 
1432 2211.15 
1433 2196.14 
1434 2189.28 
1435 2172.57 
1436 2219.93 
1437 2180.43 
1438 2193.34 
1439 2034.66 
1440 2202.65 
1441 2200.66 
1442 2187.23 
1443 2178.26 
1444 2189.22 
1445 2200.62 
1446 2186.41 
1447 2207.67 
1448 2185.37 
1449 2177.42 
1450 2190.56 
1451 2183.71 
1452 2207.37 
1453 2189.90 
1454 2211.26 
1455 2163.27 
1456 2190.88 
1457 2192.14 
1458 2200.13 
1459 2194.34 
1460 2227.09 
1461 2166.36 
1462 2173.91 
1463 2197.10 
1464 2176.69 
1465 2126.40 
1466 2195.31 
1467 2203.32 
1468 2183.12 
1469 2180.23 
1470 2208.00 
1471 2180.40 
1472 2195.77 
1473 2156.62 
1474 2187.39 
1475 2082.98 
1476 2212.17 
1477 2201.90 
1478 2196.53 
1479 2154.84 
1480 2129.06 
1481 2213.84 
1482 2126.58 
1483 2200.90 
1484 2181.12 
1485 2188.59 
1486 2173.81 
1487 2200.66 
1488 2214.77 
1489 2188.03 
1490 2157.71 
1491 2218.96 
1492 2076.74 
1493 2201.77 
1494 2213.20 
1495 2211.52 
1496 2182.99 
1497 2206.16 
1498 2198.50 
1499 2176.19 
1500 2190.86 
1501 2200.42 
1502 2185.67 
1503 2204.20 
1504 2120.61 
1505 2157.10 
1506 2214.77 
1507 2081.53 
1508 2180.81 
1509 2198.63 
1510 2115.87 
1511 2207.12 
1512 2191.93 
1513 2213.67 
1514 2185.13 
1515 2198.74 
1516 2204.85 
1517 2195.77 
1518 2186.97 
1519 2191.53 
1520 2203.38 
1521 2208.29 
1522 2151.97 
1523 2208.57 
1524 2188.09 
1525 2209.04 
1526 2177.18 
1527 2187.53 
1528 2190.52 
1529 2199.09 
1530 2202.60 
1531 2233.96 
1532 2193.68 
1533 2198.22 
1534 2192.13 
1535 2204.75 
1536 2202.89 
1537 2185.00 
1538 2202.19 
1539 2173.26 
1540 2207.01 
1541 2212.35 
1542 2181.35 
1543 2208.03 
1544 2196.45 
1545 2137.94 
1546 2199.44 
1547 2116.85 
1548 2197.44 
1549 2197.32 
1550 2196.79 
1551 2206.54 
1552 2188.08 
1553 2169.79 
1554 2188.15 
1555 2167.01 
1556 2209.90 
1557 2114.76 
1558 2222.80 
1559 2172.03 
1560 2083.19 
1561 2188.32 
1562 2198.26 
1563 2218.89 
1564 2200.09 
1565 2188.12 
1566 2197.92 
1567 2183.48 
1568 2214.85 
1569 2185.69 
1570 2177.01 
1571 2186.30 
1572 2164.60 
1573 2186.00 
1574 2212.60 
1575 2143.16 
1576 2203.14 
1577 2188.66 
1578 2220.33 
1579 2209.71 
1580 2185.84 
1581 2175.79 
1582 2199.25 
1583 2201.07 
1584 2211.48 
1585 2170.46 
1586 2197.26 
1587 2205.92 
1588 2205.27 
1589 2195.10 
1590 2185.06 
1591 2195.33 
1592 2190.96 
1593 2184.69 
1594 2211.11 
1595 2179.30 
1596 2202.97 
1597 2184.47 
1598 2181.95 
1599 2202.98 
1600 2208.58 
1601 2192.58 
1602 2169.58 
1603 2193.85 
1604 2198.53 
1605 2223.84 
1606 2208.47 
1607 2197.29 
1608 2193.42 
1609 2154.29 
1610 2197.26 
1611 2174.24 
1612 2207.87 
1613 2213.86 
1614 2196.16 
1615 2204.92 
1616 1977.30 
1617 2192.48 
1618 2189.86 
1619 2201.62 
1620 2199.49 
1621 2169.49 
1622 2179.11 
1623 2180.71 
1624 2118.81 
1625 2202.43 
1626 2161.20 
1627 2178.12 
1628 2113.74 
1629 2181.67 
1630 2175.69 
1631 2188.31 
1632 2210.82 
1633 2150.11 
1634 2240.87 
1635 2161.18 
1636 2187.92 
1637 2169.79 
1638 2146.41 
1639 2197.32 
1640 2210.81 
1641 2167.37 
1642 2182.59 
1643 2218.77 
1644 2211.19 
1645 2189.23 
1646 2141.17 
1647 2177.37 
1648 2201.77 
1649 2197.32 
1650 2205.70 
1651 2205.26 
1652 2172.79 
1653 2207.72 
1654 2175.04 
1655 2197.83 
1656 2193.57 
1657 2188.68 
1658 2204.77 
1659 2190.91 
1660 2172.10 
1661 2198.21 
1662 2219.27 
1663 2024.12 
1664 2186.62 
1665 2182.35 
1666 2200.60 
1667 2203.18 
1668 2200.44 
1669 2182.71 
1670 2214.81 
1671 2210.57 
1672 2204.68 
1673 2206.98 
1674 1967.03 
1675 2173.51 
1676 2185.86 
1677 2199.54 
1678 2215.08 
1679 2206.56 
1680 2193.66 
1681 2218.89 
1682 2185.85 
1683 2194.86 
1684 2198.33 
1685 2190.17 
1686 2192.38 
1687 2171.28 
1688 2194.77 
1689 2179.12 
1690 2117.70 
1691 2206.27 
1692 2233.17 
1693 2217.27 
1694 2173.44 
1695 2198.85 
1696 2202.62 
1697 2211.20 
1698 2208.77 
1699 2198.91 
1700 2206.32 
1701 2195.57 
1702 2173.38 
1703 2227.97 
1704 2181.29 
1705 2177.35 
1706 2213.33 
1707 2208.15 
1708 2188.64 
1709 2217.73 
1710 2197.23 
1711 2190.84 
1712 2192.76 
1713 2188.80 
1714 2195.82 
1715 2192.45 
1716 2181.71 
1717 2194.42 
1718 2185.76 
1719 2196.76 
1720 2199.15 
1721 2184.22 
1722 2171.74 
1723 2212.18 
1724 2173.50 
1725 2210.49 
1726 2157.33 
1727 2210.30 
1728 2197.12 
1729 2202.92 
1730 2210.13 
1731 2177.90 
1732 2187.73 
1733 2198.82 
1734 2162.01 
1735 2200.00 
1736 2118.41 
1737 2188.41 
1738 2195.32 
1739 2184.26 
1740 2194.14 
1741 2224.01 
1742 2181.34 
1743 2198.16 
1744 2194.92 
1745 2206.59 
1746 2205.01 
1747 2192.47 
1748 2210.86 
1749 2136.57 
1750 2207.73 
1751 2196.33 
1752 2200.23 
1753 2220.29 
1754 2225.73 
1755 2196.66 
1756 2206.98 
1757 2183.21 
1758 2108.84 
1759 2195.05 
1760 2195.08 
1761 2209.04 
1762 2198.42 
1763 2210.19 
1764 2168.52 
1765 2211.67 
1766 2191.26 
1767 2187.03 
1768 2191.19 
1769 2211.32 
1770 2192.61 
1771 2118.17 
1772 2208.07 
1773 2165.72 
1774 2186.42 
1775 2209.67 
1776 2173.37 
1777 2197.73 
1778 2191.92 
1779 2193.32 
1780 2189.09 
1781 2218.80 
1782 2179.58 
1783 2196.91 
1784 2192.83 
1785 2180.68 
1786 2234.02 
1787 2209.37 
1788 2190.76 
1789 2166.41 
1790 2171.82 
1791 2180.03 
1792 2222.38 
1793 2171.49 
1794 2212.10 
1795 2214.23 
1796 2194.80 
1797 2150.90 
1798 2243.36 
1799 2161.23 
1800 2132.44 
1801 2196.08 
1802 2205.97 
1803 2192.10 
1804 2207.11 
1805 2123.19 
1806 2183.64 
1807 2200.12 
1808 2187.08 
1809 2167.56 
1810 2201.71 
1811 2198.75 
1812 2186.58 
1813 2184.27 
1814 2189.54 
1815 2161.84 
1816 2202.02 
1817 2181.54 
1818 2195.79 
1819 2103.60 
1820 2206.86 
1821 2187.13 
1822 2206.53 
1823 2154.66 
1824 2192.63 
1825 2192.80 
1826 2195.35 
1827 2208.13 
1828 2210.56 
1829 2196.63 
1830 2193.11 
1831 2227.43 
1832 2200.24 
1833 2188.77 
1834 2204.17 
1835 2182.27 
1836 2209.32 
1837 2198.18 
1838 2206.32 
1839 2194.16 
1840 2198.65 
1841 2195.54 
1842 2209.91 
1843 2208.37 
1844 2202.29 
1845 2185.47 
1846 2189.22 
1847 2185.80 
1848 2237.91 
1849 2208.18 
1850 2190.87 
1851 2213.81 
1852 2197.04 
1853 2180.14 
1854 2204.01 
1855 2197.15 
1856 2195.57 
1857 2199.20 
1858 2206.17 
1859 2195.74 
1860 2187.25 
1861 2076.66 
1862 2204.50 
1863 2083.87 
1864 2203.26 
1865 2181.07 
1866 2178.85 
1867 2192.58 
1868 2095.26 
1869 2103.04 
1870 2194.72 
1871 2221.54 
1872 2200.35 
1873 2107.20 
1874 2191.67 
1875 2118.06 
1876 2199.85 
1877 2174.32 
1878 2098.76 
1879 2200.10 
1880 2154.57 
1881 2187.94 
1882 2183.08 
1883 2195.79 
1884 2194.32 
1885 2210.14 
1886 2188.35 
1887 2168.42 
1888 2206.40 
1889 2194.01 
1890 2209.02 
1891 2196.36 
1892 2190.45 
1893 2198.79 
1894 2182.05 
1895 2182.98 
1896 2201.05 
1897 2192.66 
1898 2196.63 
1899 2192.04 
1900 2196.80 
1901 2178.66 
1902 2206.90 
1903 2218.46 
1904 2191.46 
1905 2186.50 
1906 2198.78 
1907 2195.99 
1908 2192.26 
1909 2131.00 
1910 2213.17 
1911 2174.04 
1912 2195.67 
1913 2196.80 
1914 2213.02 
1915 2193.99 
1916 2204.06 
1917 2190.29 
1918 2187.86 
1919 2168.74 
1920 2183.13 
1921 2191.48 
1922 2198.64 
1923 2173.17 
1924 2184.79 
1925 2176.89 
1926 2197.07 
1927 2205.43 
1928 2195.86 
1929 2167.24 
1930 2162.20 
1931 2218.80 
1932 2200.30 
1933 2204.84 
1934 2172.71 
1935 2207.04 
1936 2201.07 
1937 2214.02 
1938 2210.16 
1939 2204.99 
1940 2168.92 
1941 2208.38 
1942 2200.80 
1943 2184.55 
1944 2195.29 
1945 2196.17 
1946 2209.77 
1947 2202.10 
1948 2193.28 
1949 2178.47 
1950 2214.54 
1951 2186.39 
1952 2060.85 
1953 2202.94 
1954 2222.34 
1955 2191.84 
1956 2203.64 
1957 2217.65 
1958 2209.36 
1959 2230.51 
1960 2172.50 
1961 2204.86 
1962 2156.76 
1963 2180.68 
1964 2141.88 
1965 2186.70 
1966 2230.87 
1967 2212.64 
1968 2188.77 
1969 2200.01 
1970 2178.30 
1971 2170.49 
1972 2188.45 
1973 2187.29 
1974 2194.14 
1975 2195.28 
1976 2210.55 
1977 2218.36 
1978 2219.82 
1979 2201.12 
1980 2193.65 
1981 2193.86 
1982 2175.54 
1983 2108.54 
1984 2216.93 
1985 2135.03 
1986 2181.57 
1987 2201.13 
1988 2193.16 
1989 2153.09 
1990 2207.11 
1991 2170.75 
1992 2188.38 
1993 2114.59 
1994 2180.22 
1995 2191.93 
1996 2209.50 
1997 2187.03 
1998 2189.79 
1999 2206.76 
2000 2191.08 
2001 2184.54 
2002 2185.92 
2003 2208.57 
2004 2186.31 
2005 2209.17 
2006 2194.14 
2007 2193.86 
2008 2202.32 
2009 2219.05 
2010 2210.78 
2011 2214.95 
2012 2188.39 
2013 2191.81 
2014 2184.22 
2015 2150.55 
2016 2184.64 
2017 2160.39 
2018 2199.00 
2019 2203.48 
2020 2179.87 
2021 2200.91 
2022 2190.18 
2023 2212.62 
2024 2181.10 
2025 2215.78 
2026 2178.84 
2027 2202.02 
2028 2188.36 
2029 2156.25 
2030 2187.02 
2031 2228.31 
2032 2211.30 
2033 2186.72 
2034 2202.71 
2035 2187.68 
2036 2198.97 
2037 2171.19 
2038 2166.99 
2039 2195.90 
2040 2184.93 
2041 2198.50 
2042 2222.22 
2043 2193.03 
2044 2198.90 
2045 2028.69 
2046 2175.13 
2047 2207.80 
2048 2174.78 
2049 2199.17 
2050 2169.41 
2051 2174.78 
2052 2192.12 
2053 2198.49 
2054 2217.58 
2055 2194.79 
2056 2207.13 
2057 2184.76 
2058 2181.38 
2059 2172.92 
2060 2215.10 
2061 2191.20 
2062 2214.95 
2063 2195.54 
2064 2197.49 
2065 2226.31 
2066 2204.89 
2067 2140.14 
2068 2215.03 
2069 2188.41 
2070 2202.71 
2071 2149.73 
2072 2201.71 
2073 2168.32 
2074 2191.58 
2075 2216.19 
2076 2196.53 
2077 2139.15 
2078 2188.52 
2079 2207.63 
2080 2180.75 
2081 2197.64 
2082 2200.84 
2083 1994.16 
2084 2203.15 
2085 2139.91 
2086 2207.77 
2087 2191.05 
2088 2182.47 
2089 2203.00 
2090 2198.94 
2091 2174.09 
2092 2146.63 
2093 2202.28 
2094 2173.92 
2095 2197.28 
2096 2195.30 
2097 2210.27 
2098 2200.04 
2099 2167.18 
2100 2202.96 
2101 2192.88 
2102 2178.05 
2103 2105.44 
2104 2136.36 
2105 2198.14 
2106 2196.69 
2107 2154.71 
2108 2063.70 
2109 2206.98 
2110 2187.78 
2111 2128.47 
2112 2200.17 
2113 2205.24 
2114 2200.06 
2115 2155.83 
2116 2209.09 
2117 2191.15 
2118 2176.61 
2119 2196.50 
2120 2180.63 
2121 2179.44 
2122 2172.99 
2123 2169.58 
2124 2207.34 
2125 2202.00 
2126 2194.65 
2127 2218.75 
2128 2211.87 
2129 2196.68 
2130 2200.37 
2131 2196.16 
2132 2194.94 
2133 2209.87 
2134 2184.62 
2135 2196.24 
2136 2195.31 
2137 2192.83 
2138 2176.06 
2139 2183.21 
2140 2220.75 
2141 2198.21 
2142 2181.74 
2143 2129.17 
2144 2192.11 
2145 2203.04 
2146 2228.89 
2147 2206.30 
2148 2202.35 
2149 2206.23 
2150 2223.43 
2151 2185.26 
2152 1969.31 
2153 2218.92 
2154 2197.37 
2155 2200.97 
2156 2202.55 
2157 2198.57 
2158 2212.90 
2159 2204.04 
2160 2213.50 
2161 2190.56 
2162 2186.10 
2163 2187.38 
2164 2200.07 
2165 2199.01 
2166 2203.60 
2167 2177.88 
2168 2208.62 
2169 2215.22 
2170 2201.85 
2171 2099.59 
2172 2200.94 
2173 2204.07 
2174 2203.82 
2175 2211.96 
2176 2163.01 
2177 2197.58 
2178 2019.21 
2179 2186.78 
2180 2184.38 
2181 2171.23 
2182 2184.45 
2183 2143.77 
2184 2145.32 
2185 2218.09 
2186 2188.89 
2187 2188.59 
2188 2192.02 
2189 2185.55 
2190 2179.05 
2191 2203.05 
2192 2210.17 
2193 2213.50 
2194 2189.95 
2195 2220.73 
2196 2200.90 
2197 2104.29 
2198 2201.61 
2199 2197.35 
2200 2213.26 
2201 2081.51 
2202 2193.11 
2203 2198.98 
2204 2092.60 
2205 2189.64 
2206 2223.21 
2207 2203.13 
2208 2074.79 
2209 2180.78 
2210 2217.00 
2211 2170.85 
2212 2194.92 
2213 2197.24 
2214 2167.97 
2215 2108.90 
2216 2193.05 
2217 2219.35 
2218 2211.22 
2219 2196.96 
2220 2175.25 
2221 2196.96 
2222 2202.32 
2223 2034.72 
2224 2133.66 
2225 2130.79 
2226 2185.98 
2227 2178.74 
2228 2217.05 
2229 2201.18 
2230 2196.02 
2231 2178.17 
2232 2201.14 
2233 2203.54 
2234 2178.81 
2235 2200.77 
2236 2236.98 
2237 2199.92 
2238 2202.90 
2239 2204.09 
2240 2179.22 
2241 2187.40 
2242 2208.99 
2243 2190.33 
2244 2204.34 
2245 2126.80 
2246 2183.81 
2247 2186.99 
2248 2198.43 
2249 2215.17 
2250 2201.64 
2251 2167.34 
2252 2185.97 
2253 2190.40 
2254 2198.76 
2255 2191.61 
2256 2218.72 
2257 2188.79 
2258 2196.09 
2259 2196.32 
2260 2186.60 
2261 2196.22 
2262 2135.46 
2263 2205.25 
2264 2206.28 
2265 2184.27 
2266 2206.74 
2267 2198.73 
2268 2207.46 
2269 2220.04 
2270 2170.07 
2271 2177.24 
2272 2202.06 
2273 2179.91 
2274 2201.02 
2275 2211.05 
2276 2212.75 
2277 2168.75 
2278 2186.50 
2279 2213.65 
2280 2189.22 
2281 2211.15 
2282 2198.09 
2283 2211.77 
2284 2188.64 
2285 2212.61 
2286 2201.90 
2287 2200.70 
2288 2194.49 
2289 2190.81 
2290 2055.70 
2291 2077.78 
2292 2209.20 
2293 2230.99 
2294 2141.46 
2295 2194.76 
2296 2193.80 
2297 2001.68 
2298 2202.10 
2299 2197.47 
2300 2199.95 
2301 2179.27 
2302 2206.89 
2303 2206.53 
2304 2182.59 
2305 2169.24 
2306 2205.73 
2307 2212.16 
2308 2188.73 
2309 2189.33 
2310 2207.46 
2311 2215.96 
2312 2222.05 
2313 2214.55 
2314 2178.91 
2315 2172.48 
2316 2181.77 
2317 2203.96 
2318 2193.93 
2319 2184.63 
2320 2193.98 
2321 2182.31 
2322 2211.01 
2323 2151.05 
2324 2197.57 
2325 2187.61 
2326 2197.48 
2327 2190.39 
2328 2209.13 
2329 2215.64 
2330 2214.42 
2331 2198.21 
2332 2163.07 
2333 2168.67 
2334 2218.75 
2335 2185.09 
2336 2200.05 
2337 2192.07 
2338 2213.99 
2339 2192.06 
2340 2092.80 
2341 2181.91 
2342 2202.12 
2343 2208.77 
2344 2217.61 
2345 2213.34 
2346 2192.27 
2347 2203.52 
2348 2177.14 
2349 2187.95 
2350 2194.84 
2351 2187.26 
2352 2192.23 
2353 2200.95 
2354 2215.47 
2355 2216.07 
2356 2217.18 
2357 2192.18 
2358 2212.33 
2359 2196.23 
2360 2195.81 
2361 2216.57 
2362 2177.83 
2363 2169.33 
2364 2205.08 
2365 2181.78 
2366 2188.17 
2367 2200.99 
2368 2193.56 
2369 2179.85 
2370 2191.85 
2371 2180.46 
2372 2198.03 
2373 2211.48 
2374 2217.07 
2375 2212.65 
2376 2205.64 
2377 2143.13 
2378 2202.39 
2379 2191.67 
2380 2219.19 
2381 2184.20 
2382 2163.80 
2383 2187.67 
2384 2205.70 
2385 2176.36 
2386 2187.33 
2387 2202.85 
2388 2229.01 
2389 2230.54 
2390 2224.87 
2391 2201.19 
2392 2200.54 
2393 2173.22 
2394 2188.10 
2395 2180.32 
2396 2201.52 
2397 2154.46 
2398 2189.57 
0 2197.73 
1 2178.79 
2 2197.89 
3 2114.00 
4 2208.62 
5 1883.93 
6 2094.04 
7 2206.22 
8 2201.53 
9 2197.54 
10 2190.48 
11 2183.01 
12 2196.85 
13 2196.64 
14 2184.85 
15 2182.03 
16 2178.27 
17 2194.36 
18 2173.36 
19 2196.48 
20 2196.44 
21 2194.60 
22 2192.05 
23 2109.92 
24 2035.77 
25 2206.11 
26 2188.79 
27 2162.97 
28 2192.16 
29 2213.70 
30 2200.20 
31 2218.85 
32 2204.95 
33 2184.83 
34 2190.62 
35 2230.34 
36 2200.76 
37 2203.85 
38 2204.13 
39 2217.67 
40 2133.64 
41 2209.30 
42 2228.68 
43 2183.59 
44 2209.02 
45 2183.41 
46 2199.52 
47 2216.77 
48 2195.37 
49 2190.48 
50 2073.31 
51 2163.47 
52 2193.35 
53 2135.47 
54 2193.24 
55 2171.90 
56 2202.58 
57 2183.20 
58 2230.61 
59 2195.59 
60 2232.58 
61 2194.15 
62 2184.02 
63 2202.76 
64 2177.37 
65 2174.99 
66 2185.34 
67 2214.34 
68 2210.28 
69 2213.16 
70 2207.95 
71 2191.85 
72 2182.44 
73 2184.08 
74 2181.36 
75 2069.25 
76 2191.95 
77 2196.04 
78 2223.80 
79 2188.16 
80 2202.03 
81 2184.70 
82 2198.61 
83 2188.35 
84 2203.76 
85 2201.80 
86 2201.99 
87 2208.01 
88 2205.73 
89 2220.15 
90 2204.31 
91 2176.76 
92 2201.88 
93 2190.76 
94 2168.95 
95 2194.00 
96 2074.59 
97 2181.29 
98 2195.68 
99 2184.61 
100 2209.64 
101 2207.63 
102 2208.85 
103 2213.35 
104 2212.25 
105 2197.97 
106 2171.36 
107 2195.84 
108 2205.29 
109 2127.47 
110 2188.17 
111 2193.31 
112 2221.85 
113 2128.92 
114 2193.64 
115 2216.71 
116 2224.82 
117 2201.89 
118 2194.15 
119 2192.71 
120 2085.99 
121 2193.19 
122 2194.12 
123 2208.93 
124 2205.45 
125 2186.64 
126 2208.22 
127 2191.04 
128 2181.41 
129 2187.39 
130 2167.31 
131 2211.92 
132 2214.82 
133 2173.10 
134 2176.93 
135 2203.80 
136 2186.02 
137 2204.70 
138 2194.65 
139 2159.77 
140 2128.12 
141 2200.77 
142 2164.29 
143 2189.81 
144 2200.18 
145 2183.18 
146 2205.06 
147 2188.37 
148 2192.33 
149 2181.82 
150 2107.61 
151 2221.30 
152 2203.49 
153 2176.34 
154 2214.67 
155 2175.19 
156 2165.40 
157 2140.10 
158 2199.88 
159 2198.19 
160 2211.28 
161 2205.00 
162 2180.09 
163 2112.11 
164 2174.78 
165 2199.55 
166 2182.88 
167 2181.81 
168 2136.10 
169 2182.01 
170 2214.34 
171 2171.62 
172 2181.72 
173 2174.13 
174 2187.01 
175 2186.75 
176 2104.45 
177 2213.94 
178 2196.66 
179 2180.08 
180 2194.12 
181 2183.96 
182 2208.36 
183 2198.77 
184 2178.36 
185 2190.45 
186 2194.60 
187 2197.50 
188 2202.90 
189 2155.29 
190 2190.70 
191 2191.03 
192 2203.86 
193 2197.85 
194 2165.45 
195 2188.18 
196 2211.97 
197 2218.10 
198 2222.92 
199 2214.55 
200 2199.82 
201 2201.21 
202 2171.22 
203 2117.74 
204 2217.89 
205 2187.13 
206 2205.36 
207 2180.36 
208 2185.47 
209 2201.31 
210 2206.49 
211 2191.18 
212 2103.05 
213 2174.52 
214 2179.13 
215 2188.63 
216 2190.87 
217 2219.33 
218 2199.27 
219 2195.99 
220 2199.23 
221 2206.31 
222 2180.00 
223 2172.98 
224 2170.49 
225 2179.74 
226 2187.45 
227 2209.13 
228 2170.94 
229 2199.22 
230 2194.36 
231 2224.04 
232 2197.19 
233 2224.94 
234 2204.79 
235 2200.29 
236 2195.59 
237 2190.37 
238 2198.75 
239 2196.48 
240 2180.87 
241 2190.79 
242 2175.60 
243 2213.46 
244 2208.95 
245 2228.65 
246 2206.28 
247 2208.73 
248 2181.68 
249 2189.47 
250 2226.04 
251 2181.81 
252 2106.82 
253 2207.26 
254 2220.19 
255 2158.09 
256 2207.06 
257 2200.67 
258 2200.90 
259 2060.71 
260 2104.48 
261 2199.57 
262 2202.49 
263 2201.94 
264 2198.07 
265 2219.61 
266 2172.03 
267 2185.23 
268 2176.91 
269 2197.02 
270 2181.18 
271 2215.43 
272 2179.01 
273 2198.53 
274 2201.87 
275 2201.11 
276 2176.55 
277 2137.12 
278 2204.33 
279 2202.04 
280 2224.36 
281 2185.73 
282 2211.34 
283 2200.44 
284 2185.15 
285 2175.83 
286 2212.26 
287 2221.09 
288 2187.21 
289 2204.18 
290 2157.64 
291 2171.23 
292 2202.57 
293 2198.82 
294 2184.11 
295 2214.53 
296 2157.00 
297 2189.71 
298 2190.63 
299 2182.30 
300 2185.48 
301 2185.39 
302 2192.23 
303 2164.09 
304 2208.59 
305 2095.76 
306 2176.49 
307 2176.83 
308 2194.93 
309 2196.45 
310 2193.73 
311 2190.77 
312 2201.01 
313 2177.02 
314 2207.25 
315 2180.18 
316 2209.51 
317 2216.80 
318 2196.51 
319 2216.53 
320 2119.81 
321 2180.46 
322 2106.97 
323 2184.34 
324 2187.95 
325 2196.20 
326 2184.93 
327 2164.06 
328 2190.80 
329 2190.17 
330 2185.22 
331 2171.92 
332 2170.08 
333 2164.21 
334 2212.32 
335 2200.35 
336 2162.60 
337 2217.08 
338 2188.35 
339 2161.75 
340 2196.82 
341 2179.32 
342 2208.94 
343 2219.88 
344 2195.17 
345 2205.86 
346 2195.69 
347 2174.60 
348 2161.39 
349 2186.97 
350 2191.20 
351 2209.22 
352 2053.11 
353 2206.09 
354 2201.39 
355 2206.33 
356 2203.58 
357 2211.80 
358 2200.09 
359 2175.99 
360 2110.74 
361 2187.38 
362 2229.52 
363 2206.68 
364 2194.99 
365 2172.85 
366 2220.46 
367 2205.86 
368 2172.64 
369 2175.52 
370 2201.15 
371 2131.71 
372 2147.52 
373 2199.58 
374 2179.50 
375 2192.79 
376 2182.77 
377 2204.44 
378 2210.16 
379 2195.24 
380 2160.91 
381 2195.46 
382 2203.53 
383 2188.93 
384 2193.67 
385 2206.41 
386 2201.41 
387 2192.43 
388 2199.90 
389 2189.47 
390 2174.81 
391 2152.25 
392 2170.35 
393 2153.06 
394 2229.03 
395 2200.91 
396 2195.51 
397 2214.65 
398 2037.10 
399 2205.32 
400 2192.72 
401 2206.55 
402 2165.06 
403 2206.68 
404 2202.33 
405 2226.50 
406 2212.31 
407 2224.37 
408 2174.77 
409 2179.68 
410 2202.06 
411 2048.61 
412 2186.76 
413 2192.21 
414 2162.67 
415 2192.36 
416 2207.31 
417 2182.62 
418 2193.39 
419 2204.49 
420 2177.10 
421 2180.54 
422 2187.60 
423 2212.00 
424 2206.91 
425 2183.73 
426 2158.43 
427 2181.15 
428 2156.15 
429 2194.40 
430 2117.84 
431 2199.90 
432 2208.29 
433 2184.49 
434 2187.26 
435 2197.42 
436 2189.74 
437 2196.86 
438 2200.89 
439 2173.52 
440 2192.02 
441 2185.63 
442 2202.43 
443 2209.20 
444 2041.25 
445 2209.65 
446 2186.87 
447 2207.53 
448 2195.00 
449 2183.85 
450 2219.83 
451 2200.76 
452 2193.10 
453 2195.98 
454 2188.42 
455 2185.19 
456 2217.01 
457 2096.11 
458 2194.29 
459 2200.87 
460 2191.37 
461 2184.86 
462 2206.27 
463 2197.79 
464 2198.63 
465 2193.89 
466 2198.01 
467 2182.28 
468 2213.04 
469 2186.67 
470 2185.62 
471 2197.46 
472 2170.83 
473 2177.64 
474 2192.12 
475 2176.86 
476 2234.97 
477 2207.66 
478 2190.25 
479 2206.96 
480 2213.72 
481 2198.09 
482 2195.67 
483 2192.54 
484 2209.83 
485 2179.57 
486 2177.59 
487 2198.46 
488 2182.81 
489 2195.17 
490 2188.68 
491 2181.99 
492 2180.06 
493 2173.51 
494 2188.06 
495 2211.00 
496 2182.71 
497 2186.61 
498 2192.69 
499 2186.50 
500 2208.79 
501 2185.27 
502 2198.49 
503 2186.84 
504 2204.04 
505 2184.62 
506 2184.50 
507 2176.86 
508 2202.52 
509 2208.43 
510 2202.67 
511 2179.87 
512 2195.43 
513 2191.89 
514 2205.51 
515 2190.18 
516 2186.68 
517 2178.58 
518 2211.20 
519 2218.43 
520 2220.84 
521 2206.25 
522 2167.55 
523 2189.79 
524 2205.88 
525 2179.01 
526 2195.50 
527 2207.68 
528 2179.46 
529 2170.20 
530 2056.26 
531 2199.53 
532 2199.00 
533 2184.18 
534 2204.21 
535 2170.19 
536 2183.99 
537 2177.87 
538 2197.56 
539 2223.84 
540 2184.39 
541 2143.82 
542 2211.42 
543 2206.74 
544 2162.13 
545 2191.75 
546 2207.73 
547 2198.85 
548 2174.24 
549 2200.55 
550 2206.50 
551 2179.83 
552 2199.33 
553 2190.86 
554 2207.40 
555 2193.06 
556 2194.70 
557 2197.12 
558 2195.74 
559 2188.99 
560 2140.39 
561 2172.56 
562 2206.90 
563 2183.19 
564 2186.00 
565 2183.95 
566 2183.82 
567 2184.19 
568 2203.50 
569 2220.77 
570 2186.08 
571 2189.97 
572 2180.80 
573 2188.20 
574 2177.92 
575 2195.74 
576 2167.05 
577 2155.19 
578 2212.55 
579 2234.18 
580 2190.00 
581 2200.38 
582 2220.20 
583 2191.81 
584 2197.63 
585 1936.01 
586 2187.94 
587 2147.50 
588 2209.02 
589 2186.60 
590 2179.73 
591 2185.32 
592 2199.88 
593 2193.35 
594 2211.99 
595 2213.19 
596 2040.72 
597 2193.99 
598 2175.02 
599 2216.50 
600 2184.46 
601 2184.60 
602 2208.97 
603 2178.20 
604 2194.22 
605 2192.29 
606 2216.67 
607 2168.39 
608 2163.30 
609 2188.68 
610 2199.16 
611 2205.58 
612 2182.43 
613 2206.82 
614 2181.62 
615 2226.42 
616 2180.66 
617 2202.50 
618 2149.04 
619 2186.49 
620 2199.82 
621 2204.50 
622 2209.83 
623 2204.73 
624 2216.08 
625 2200.75 
626 2204.53 
627 2196.93 
628 2185.70 
629 2145.29 
630 2198.94 
631 2176.27 
632 2148.42 
633 2154.39 
634 2193.17 
635 2180.86 
636 2195.02 
637 2192.44 
638 2195.53 
639 2205.65 
640 2193.73 
641 2215.36 
642 2196.32 
643 2209.55 
644 2202.11 
645 2052.63 
646 2195.99 
647 2200.08 
648 2193.33 
649 2200.18 
650 2217.67 
651 2173.27 
652 2192.56 
653 2174.75 
654 2175.47 
655 2220.92 
656 2199.92 
657 2222.79 
658 2190.54 
659 2073.49 
660 2217.10 
661 2208.19 
662 2209.88 
663 2211.58 
664 2151.89 
665 2212.42 
666 2239.58 
667 2199.76 
668 2194.64 
669 2188.49 
670 2188.16 
671 2173.79 
672 2207.11 
673 2190.40 
674 2191.00 
675 2183.41 
676 2169.11 
677 2201.05 
678 2196.20 
679 2208.57 
680 2191.61 
681 2182.69 
682 2159.43 
683 2189.23 
684 2193.64 
685 2169.31 
686 2180.63 
687 2217.45 
688 2192.09 
689 2211.12 
690 2203.18 
691 2196.56 
692 2198.04 
693 2203.66 
694 2177.98 
695 2188.98 
696 2166.18 
697 2195.54 
698 2187.13 
699 2201.98 
700 2184.61 
701 2151.97 
702 2197.94 
703 2189.71 
704 2182.64 
705 2199.51 
706 2193.04 
707 2212.07 
708 2160.50 
709 2209.40 
710 2187.52 
711 2119.93 
712 2125.12 
713 2175.97 
714 2052.02 
715 2192.53 
716 2203.26 
717 2179.73 
718 2196.30 
719 2198.26 
720 2214.29 
721 2204.89 
722 2195.78 
723 2202.93 
724 2112.94 
725 2200.38 
726 2198.97 
727 2142.50 
728 2189.15 
729 2175.45 
730 2210.28 
731 2186.77 
732 2076.11 
733 2167.42 
734 2188.50 
735 2178.19 
736 2199.61 
737 2190.32 
738 2196.73 
739 2174.47 
740 2202.51 
741 2191.97 
742 2198.60 
743 2193.42 
744 2185.79 
745 2213.47 
746 2180.49 
747 2200.70 
748 2205.46 
749 2186.11 
750 2202.70 
751 2197.76 
752 2185.30 
753 2157.08 
754 2186.62 
755 2104.23 
756 2180.96 
757 2214.12 
758 2175.34 
759 2170.40 
760 2138.87 
761 2194.80 
762 2189.91 
763 2194.59 
764 2197.98 
765 2183.43 
766 2210.84 
767 2109.95 
768 2217.88 
769 2196.81 
770 2192.97 
771 2230.77 
772 2166.72 
773 2180.16 
774 2171.65 
775 2169.04 
776 2169.89 
777 2197.71 
778 2187.03 
779 2098.31 
780 2183.16 
781 2201.18 
782 2200.19 
783 2170.90 
784 2192.68 
785 2198.64 
786 2194.70 
787 2206.71 
788 2187.01 
789 2172.64 
790 2197.96 
791 2200.59 
792 2185.81 
793 2184.30 
794 2207.38 
795 2194.83 
796 2218.51 
797 2203.32 
798 2189.71 
799 2160.06 
800 2199.47 
801 2187.83 
802 2173.08 
803 2189.63 
804 2226.82 
805 2187.88 
806 2199.01 
807 2176.87 
808 2207.35 
809 2175.97 
810 2184.03 
811 2192.89 
812 2208.58 
813 2170.83 
814 2202.18 
815 2194.05 
816 2174.31 
817 2053.74 
818 2198.50 
819 2204.21 
820 2198.90 
821 2199.12 
822 2176.19 
823 2186.53 
824 2205.68 
825 2213.30 
826 2212.77 
827 2186.75 
828 2166.87 
829 2203.65 
830 2188.20 
831 2210.18 
832 2181.09 
833 2185.38 
834 2208.85 
835 2209.46 
836 2179.53 
837 2190.21 
838 2198.09 
839 2192.44 
840 2177.43 
841 2200.41 
842 2177.44 
843 2133.53 
844 2209.38 
845 2199.51 
846 2155.93 
847 2205.82 
848 2204.28 
849 2184.99 
850 2201.06 
851 2193.48 
852 2184.76 
853 2220.76 
854 2197.49 
855 2190.94 
856 2185.01 
857 2188.76 
858 2186.57 
859 2164.75 
860 2191.42 
861 2197.90 
862 2192.99 
863 2189.10 
864 2198.63 
865 2193.78 
866 2214.40 
867 2223.36 
868 2171.93 
869 2200.87 
870 2026.87 
871 2173.24 
872 2187.34 
873 2200.94 
874 2208.41 
875 2196.17 
876 2187.19 
877 2169.33 
878 2205.46 
879 2201.25 
880 2178.12 
881 2218.53 
882 2172.55 
883 2184.32 
884 2199.68 
885 2215.44 
886 2189.64 
887 2190.69 
888 2161.54 
889 2184.53 
890 2211.19 
891 2224.18 
892 2137.79 
893 2204.08 
894 2093.75 
895 2185.16 
896 2193.54 
897 2192.50 
898 2202.76 
899 2184.00 
900 2192.37 
901 2171.56 
902 2194.30 
903 2188.16 
904 2192.07 
905 2227.14 
906 2182.00 
907 2185.81 
908 2203.19 
909 2194.63 
910 2190.67 
911 2196.21 
912 2185.87 
913 2203.07 
914 2208.47 
915 2165.96 
916 2182.84 
917 2185.02 
918 2077.85 
919 2169.64 
920 2173.39 
921 2107.60 
922 2208.80 
923 2207.08 
924 2201.81 
925 2198.12 
926 2217.91 
927 2193.92 
928 2208.25 
929 2177.91 
930 2208.25 
931 2172.03 
932 2178.73 
933 2189.82 
934 2212.06 
935 2066.02 
936 2201.69 
937 2188.56 
938 2198.79 
939 2200.75 
940 2212.33 
941 2176.10 
942 2211.78 
943 2202.19 
944 2224.81 
945 2182.42 
946 2208.34 
947 2209.52 
948 2182.31 
949 2205.94 
950 2208.82 
951 2169.55 
952 2202.03 
953 2199.48 
954 2085.98 
955 2192.69 
956 2198.63 
957 2191.30 
958 2175.39 
959 2180.94 
960 2205.49 
961 2186.62 
962 2202.68 
963 2223.95 
964 2190.95 
965 2172.19 
966 2205.54 
967 2199.76 
968 2184.43 
969 2110.53 
970 2187.90 
971 2204.01 
972 2207.66 
973 2173.63 
974 2184.97 
975 2189.18 
976 2193.78 
977 2209.00 
978 2206.53 
979 2211.61 
980 2164.10 
981 2161.96 
982 2205.25 
983 2171.80 
984 2174.99 
985 2199.47 
986 2211.88 
987 2214.13 
988 2206.32 
989 2171.67 
990 2164.95 
991 2191.16 
992 2208.48 
993 2190.22 
994 2203.45 
995 2203.89 
996 2168.50 
997 2184.49 
998 2185.87 
999 2180.21 
1000 2229.46 
1001 2170.50 
1002 2185.19 
1003 2176.52 
1004 2176.64 
1005 2209.04 
1006 2184.96 
1007 2187.35 
1008 2183.31 
1009 2186.32 
1010 2199.10 
1011 2219.47 
1012 2197.56 
1013 2160.82 
1014 2188.56 
1015 2197.91 
1016 2206.68 
1017 2193.76 
1018 2191.79 
1019 2183.58 
1020 2205.31 
1021 2191.85 
1022 2193.05 
1023 2169.81 
1024 2198.90 
1025 2210.97 
1026 2202.51 
1027 2187.44 
1028 2215.55 
1029 2213.14 
1030 2203.22 
1031 2179.43 
1032 2190.13 
1033 2196.80 
1034 2135.86 
1035 2202.33 
1036 2209.67 
1037 2196.14 
1038 2218.24 
1039 2197.12 
1040 2225.07 
1041 2170.04 
1042 2140.36 
1043 2196.52 
1044 2132.09 
1045 2194.62 
1046 2199.26 
1047 2211.58 
1048 2182.86 
1049 2194.16 
1050 2192.06 
1051 2204.72 
1052 2175.53 
1053 2195.64 
1054 2106.16 
1055 2199.71 
1056 2202.98 
1057 2096.50 
1058 2228.32 
1059 2185.03 
1060 2218.17 
1061 2207.28 
1062 2214.45 
1063 2170.19 
1064 2188.71 
1065 2176.07 
1066 2183.82 
1067 2198.52 
1068 2111.61 
1069 2206.97 
1070 2236.21 
1071 2212.30 
1072 2195.22 
1073 2165.86 
1074 2180.53 
1075 2180.11 
1076 2232.90 
1077 2100.86 
1078 2199.83 
1079 2196.24 
1080 2183.19 
1081 2203.18 
1082 2172.17 
1083 2203.56 
0 2185.94 
1 2204.01 
2 2199.93 
3 2203.44 
4 2171.48 
5 2212.83 
6 2201.64 
7 2176.90 
8 2195.58 
9 2199.09 
10 2168.04 
11 2209.16 
12 2192.82 
13 2216.84 
14 2199.36 
15 2173.37 
16 2196.64 
17 2187.30 
18 2192.55 
19 2203.65 
20 2196.34 
21 2177.65 
22 2223.97 
23 2160.62 
24 2165.66 
25 2193.27 
26 2187.30 
27 2202.36 
28 2194.69 
29 2202.35 
30 2187.08 
31 2190.27 
32 2175.60 
33 2224.15 
34 2152.73 
35 2201.58 
36 2197.14 
37 2199.48 
38 2210.92 
39 2209.91 
40 2172.57 
41 2199.15 
42 2189.48 
43 2207.87 
44 2201.40 
45 2201.10 
46 2190.11 
47 2197.48 
48 2200.28 
49 2092.78 
50 2173.48 
51 2201.19 
52 2196.61 
53 2212.58 
54 2200.04 
55 2198.90 
56 2199.55 
57 2186.21 
58 2194.07 
59 2190.58 
60 2193.31 
61 2182.48 
62 2178.11 
63 2155.77 
64 2185.91 
65 2213.99 
66 2223.21 
67 2213.25 
68 2204.49 
69 2208.53 
70 2202.16 
71 2188.23 
72 2202.89 
73 2203.23 
74 2218.76 
75 2193.03 
76 2183.15 
77 2203.19 
78 2193.27 
79 2187.03 
80 2203.77 
81 2180.02 
82 2189.99 
83 2178.41 
84 2197.97 
85 2192.92 
86 2172.21 
87 2182.24 
88 2202.55 
89 2218.84 
90 2228.06 
91 2189.28 
92 2119.50 
93 2075.56 
94 2193.30 
95 2159.91 
96 2195.37 
97 2203.96 
98 2115.30 
99 2151.89 
100 2221.26 
101 2178.15 
102 2074.97 
103 2206.01 
104 2186.88 
105 2181.14 
106 2195.20 
107 2207.30 
108 2198.18 
109 2189.88 
110 2209.07 
111 2189.46 
112 2198.83 
113 2177.71 
114 2181.04 
115 2171.48 
116 2191.56 
117 2200.16 
118 2182.87 
119 2194.09 
120 2236.62 
121 2204.05 
122 2191.69 
123 2212.14 
124 2183.13 
125 2203.50 
126 2195.18 
127 2215.10 
128 2171.11 
129 2198.44 
130 2201.30 
131 2206.26 
132 2208.18 
133 2182.38 
134 2208.38 
135 2211.08 
136 2217.95 
137 2065.31 
138 2210.80 
139 2204.33 
140 2205.45 
141 2176.03 
142 2195.86 
143 2187.24 
144 2192.53 
145 2198.33 
146 2204.13 
147 2129.13 
148 2178.54 
149 2213.22 
150 2198.20 
151 2160.44 
152 2192.24 
153 2086.02 
154 2214.22 
155 2210.52 
156 2125.09 
157 2208.14 
158 2201.22 
159 2218.13 
160 2203.56 
161 2192.73 
162 2204.23 
163 2188.03 
164 2189.84 
165 2195.01 
166 2194.96 
167 2216.37 
168 2190.69 
169 2130.30 
170 2204.00 
171 2099.06 
172 2200.63 
173 2194.39 
174 2067.36 
175 2214.63 
176 2190.71 
177 2220.62 
178 2182.13 
179 2173.31 
180 2186.20 
181 2174.70 
182 2138.04 
183 2195.61 
184 2180.40 
185 2192.52 
186 2181.95 
187 2220.91 
188 2203.95 
189 2191.83 
190 2206.73 
191 2186.90 
192 2145.02 
193 2192.02 
194 2155.12 
195 2198.01 
196 2221.61 
197 2207.16 
198 2213.23 
199 2205.25 
200 2204.17 
201 2181.01 
202 2201.21 
203 2185.96 
204 2196.09 
205 2179.52 
206 2175.10 
207 2207.37 
208 2204.90 
209 2218.88 
210 2199.06 
211 2182.95 
212 2205.12 
213 2165.70 
214 2206.81 
215 2208.20 
216 2174.61 
217 2182.32 
218 2179.80 
219 2206.21 
220 2184.23 
221 2180.17 
222 2222.09 
223 2208.30 
224 2186.87 
225 2158.14 
226 2201.05 
227 2201.41 
228 2217.91 
229 2193.67 
230 2229.29 
231 2189.75 
232 2194.54 
233 2208.50 
234 2191.46 
235 2201.07 
236 2195.53 
237 2191.23 
238 2208.88 
239 2204.36 
240 2204.91 
241 2190.63 
242 2194.45 
243 2185.71 
244 2197.43 
245 2187.99 
246 2221.40 
247 2205.36 
248 2201.61 
249 2195.26 
250 2208.87 
251 2195.75 
252 2172.23 
253 2186.78 
254 2121.09 
255 2211.09 
256 2201.79 
257 2217.57 
258 2201.86 
259 2241.29 
260 2200.03 
261 2177.04 
262 2198.39 
263 2196.71 
264 2207.13 
265 2198.34 
266 2187.23 
267 2172.44 
268 2218.73 
269 2192.63 
270 2210.80 
271 2206.99 
272 2211.26 
273 2177.18 
274 2211.83 
275 2160.84 
276 2167.30 
277 2181.35 
278 2194.89 
279 2193.99 
280 2175.21 
281 2177.40 
282 2198.67 
283 2116.92 
284 2181.21 
285 2205.69 
286 2217.35 
287 2231.92 
288 2207.53 
289 2201.78 
290 2144.98 
291 2195.09 
292 2210.62 
293 2224.86 
294 2176.44 
295 2193.49 
296 2187.21 
297 2201.26 
298 2196.65 
299 2208.41 
300 2200.15 
301 2181.54 
302 2198.78 
303 2206.98 
304 2204.24 
305 2202.77 
306 2191.99 
307 2190.99 
308 2201.72 
309 2221.15 
310 2168.09 
311 2222.86 
312 2221.03 
313 2183.78 
314 2182.69 
315 2133.06 
316 2194.75 
317 2179.77 
318 2199.53 
319 2191.07 
320 2197.43 
321 2194.08 
322 2182.56 
323 2201.23 
324 2219.60 
325 2210.09 
326 2212.54 
327 2228.00 
328 2219.97 
329 2169.06 
330 2178.35 
331 2206.20 
332 2205.09 
333 2189.80 
334 2197.74 
335 2211.65 
336 2207.20 
337 2186.43 
338 2192.62 
339 2185.62 
340 2165.18 
341 2195.09 
342 2116.68 
343 2196.43 
344 2176.24 
345 2171.93 
346 2217.31 
347 2205.43 
348 2187.03 
349 2201.03 
350 2076.74 
351 2185.47 
352 2175.00 
353 2066.49 
354 2193.35 
355 2222.08 
356 2197.20 
357 2200.93 
358 2188.74 
359 2200.22 
360 2189.66 
361 2170.39 
362 2175.15 
363 2177.00 
364 2215.52 
365 2134.49 
366 2189.84 
367 2162.56 
368 2202.29 
369 2194.59 
370 2132.05 
371 2193.28 
372 2192.10 
373 2192.84 
374 2199.22 
375 2212.45 
376 2194.20 
377 2196.72 
378 2180.29 
379 2170.46 
380 2195.01 
381 2201.27 
382 2215.02 
383 2185.16 
384 2195.75 
385 2173.85 
386 2187.28 
387 2203.89 
388 2177.33 
389 2221.83 
390 2194.04 
391 2210.39 
392 2196.28 
393 2191.25 
394 2196.62 
395 2130.04 
396 2173.54 
397 2218.05 
398 2179.48 
399 2199.98 
400 2161.94 
401 2086.92 
402 2211.21 
403 2139.74 
404 2202.39 
405 2204.19 
406 2151.21 
407 2188.38 
408 2210.99 
409 2176.89 
410 2170.90 
411 2185.42 
412 2186.42 
413 2195.57 
414 2191.76 
415 2218.13 
416 2210.22 
417 2209.96 
418 2137.72 
419 2206.38 
420 2203.70 
421 2135.16 
422 2222.42 
423 2211.89 
424 2194.03 
425 2198.01 
426 2151.53 
427 2120.45 
428 2196.07 
429 2188.42 
430 2142.81 
431 2205.44 
432 2214.25 
433 2211.66 
434 2177.32 
435 2173.55 
436 2168.70 
437 2215.65 
438 2199.70 
439 2201.65 
440 2202.38 
441 2190.31 
442 2185.88 
443 2198.28 
444 2214.63 
445 2189.23 
446 2171.99 
447 2219.22 
448 2189.17 
449 2195.34 
450 2115.75 
451 2215.69 
452 2194.08 
453 2208.80 
454 2205.81 
455 2228.08 
456 2210.04 
457 2223.07 
458 2197.66 
459 2205.28 
460 2201.64 
461 2210.24 
462 2200.71 
463 2192.66 
464 2158.23 
465 2194.07 
466 2170.37 
467 2191.74 
468 2189.75 
469 2193.07 
470 2197.72 
471 2188.16 
472 2211.53 
473 2210.88 
474 2193.06 
475 2192.09 
476 2209.08 
477 2205.54 
478 2185.14 
479 2203.38 
480 2185.51 
481 2198.39 
482 2179.06 
483 2219.34 
484 2197.84 
485 2204.20 
486 2186.85 
487 2180.49 
488 2198.80 
489 2193.21 
490 2203.30 
491 2193.17 
492 2212.64 
493 2171.53 
494 2191.43 
495 2177.69 
496 2184.01 
497 2192.45 
498 2175.82 
499 2207.41 
500 2192.27 
501 2185.30 
502 2197.83 
503 2198.35 
504 2195.17 
505 2181.90 
506 2206.00 
507 2166.62 
508 2205.88 
509 2197.06 
510 2178.78 
511 2167.43 
512 2170.21 
513 2191.99 
514 2207.54 
515 2208.38 
516 2177.63 
517 2207.05 
518 2199.81 
519 2179.38 
520 2196.48 
521 2192.51 
522 2201.83 
523 2204.14 
524 2182.49 
525 2226.95 
526 2163.36 
527 2180.59 
528 2190.63 
529 2217.09 
530 2128.35 
531 2172.30 
532 2187.73 
533 2188.71 
534 2221.15 
535 2188.12 
536 2197.82 
537 2185.12 
538 2184.75 
539 2207.41 
540 2208.92 
541 2205.29 
542 2211.95 
543 2172.83 
544 2200.72 
545 2172.21 
546 2192.80 
547 2200.19 
548 2213.96 
549 2199.21 
550 2210.85 
551 2200.32 
552 2201.05 
553 2224.07 
554 2200.82 
555 2205.20 
556 2209.88 
557 2171.28 
558 2185.46 
559 2209.40 
560 2190.33 
561 2206.76 
562 2218.35 
563 2197.24 
564 2188.57 
565 2194.11 
566 2193.10 
567 2203.22 
568 2183.44 
569 2195.58 
570 2196.01 
571 2184.69 
572 2192.84 
573 2206.83 
574 2227.11 
575 2040.33 
576 2188.59 
577 2182.60 
578 2183.94 
579 2132.39 
580 2205.85 
581 2187.21 
582 2207.07 
583 2159.34 
584 2205.26 
585 2202.36 
586 2200.83 
587 2195.26 
588 2190.79 
589 2194.74 
590 2018.30 
591 2187.55 
592 2182.37 
593 2142.84 
594 2204.79 
595 2201.08 
596 2209.11 
597 2190.28 
598 2197.68 
599 2184.68 
600 2187.60 
601 2174.52 
602 2189.28 
603 2179.57 
604 2190.46 
605 2184.45 
606 2132.20 
607 2244.68 
608 2174.04 
609 2222.08 
610 2212.78 
611 2189.97 
612 2181.23 
613 2193.82 
614 2192.83 
615 2209.29 
616 2176.29 
617 2200.43 
618 2196.62 
619 2213.34 
620 2194.04 
621 2228.56 
622 2190.71 
623 2199.99 
624 2194.87 
625 2197.69 
626 2164.45 
627 2204.28 
628 2207.77 
629 2187.68 
630 2207.79 
631 2202.05 
632 2171.29 
633 2077.57 
634 2060.69 
635 2183.64 
636 2205.59 
637 2151.17 
638 2205.62 
639 2189.04 
640 2174.42 
641 2179.55 
642 2197.35 
643 2162.51 
644 2191.15 
645 2204.74 
646 2206.33 
647 2219.02 
648 2213.11 
649 2191.49 
650 2119.67 
651 2165.64 
652 2192.93 
653 2219.59 
654 2204.84 
655 2182.45 
656 2199.23 
657 2205.66 
658 2207.70 
659 2192.86 
660 2192.56 
661 2145.74 
662 2200.09 
663 2195.93 
664 2192.97 
665 2174.44 
666 2173.63 
667 2207.74 
668 2176.50 
669 2223.05 
670 2203.85 
671 2202.69 
672 2192.14 
673 2188.37 
674 2190.02 
675 2204.04 
676 2187.42 
677 2195.45 
678 2207.39 
679 2129.24 
680 2177.01 
681 2194.06 
682 2186.86 
683 2195.51 
684 2193.83 
685 2211.16 
686 2180.69 
687 2195.36 
688 2185.69 
689 2208.11 
690 2186.20 
691 2225.34 
692 2191.83 
693 2208.19 
694 2201.53 
695 2186.19 
696 2210.77 
697 2189.47 
698 2176.45 
699 2202.15 
700 2201.05 
701 2190.90 
702 2169.13 
703 2203.59 
704 2211.38 
705 2206.27 
706 2118.46 
707 2181.96 
708 2170.89 
709 2193.77 
710 2116.67 
711 2205.79 
712 2157.05 
713 2217.07 
714 2208.04 
715 2208.71 
716 2197.42 
717 2212.86 
718 2173.07 
719 2185.05 
720 2214.26 
721 2047.16 
722 2073.54 
723 2191.60 
724 2197.58 
725 2198.96 
726 2225.21 
727 2193.30 
728 2187.64 
729 2179.73 
730 2188.46 
731 2177.57 
732 2188.35 
733 2197.26 
734 2178.91 
735 2211.71 
736 2206.65 
737 2178.93 
738 2168.83 
739 2178.81 
740 2188.53 
741 2190.47 
742 2194.34 
743 2214.29 
744 2086.58 
745 2209.36 
746 2193.67 
747 2183.59 
748 2203.15 
749 2203.83 
750 2190.67 
751 2187.20 
752 2203.19 
753 2130.50 
754 2197.00 
755 2184.93 
756 2216.43 
757 2198.60 
758 2210.24 
759 2196.10 
760 2207.60 
761 2177.48 
762 2193.04 
763 2178.98 
764 2196.33 
765 2195.98 
766 2204.27 
767 2188.71 
768 2215.84 
769 2179.15 
770 2197.21 
771 2204.02 
772 2209.81 
773 2130.24 
774 2179.30 
775 2089.55 
776 2206.92 
777 2165.31 
778 2190.18 
779 2173.74 
780 2211.69 
781 2202.97 
782 2195.65 
783 2188.84 
784 2179.97 
785 2187.89 
786 2224.13 
787 2199.01 
788 2210.89 
789 2191.44 
790 2189.59 
791 2217.59 
792 2180.41 
793 2204.15 
794 2182.07 
795 2209.57 
796 2190.47 
797 2188.10 
798 2195.16 
799 2198.52 
800 2172.00 
801 2190.94 
802 2205.33 
803 2199.16 
804 2194.57 
805 2148.64 
806 2200.88 
807 2201.22 
808 2199.82 
809 2099.66 
810 2196.57 
811 2204.34 
812 2187.99 
813 2204.09 
814 2207.15 
815 2161.81 
816 2190.64 
817 2210.17 
818 2193.40 
819 2182.18 
820 2183.67 
821 2210.46 
822 2199.14 
823 2187.84 
824 2205.33 
825 2200.19 
826 2198.96 
827 2211.78 
828 2195.17 
829 2198.82 
830 2195.47 
831 2213.87 
832 2170.68 
833 2170.77 
834 2197.35 
835 2147.17 
836 2196.29 
837 2072.48 
838 2188.51 
839 2182.48 
840 2144.63 
841 2184.53 
842 2170.09 
843 2218.26 
844 2182.43 
845 2194.65 
846 2228.76 
847 2200.86 
848 2207.97 
849 2201.41 
850 2208.69 
851 2217.65 
852 2194.94 
853 2208.94 
854 2201.58 
855 2207.17 
856 2180.66 
857 2204.57 
858 2202.97 
859 2209.60 
860 2189.95 
861 2206.86 
862 2220.42 
863 2201.46 
864 2114.96 
865 2203.58 
866 2179.25 
867 2177.07 
868 2181.14 
869 2092.92 
870 2182.31 
871 2197.15 
872 2204.47 
873 2202.03 
874 2170.39 
875 2162.39 
876 2194.84 
877 2197.98 
878 2193.75 
879 2193.62 
880 2187.08 
881 2207.33 
882 2197.04 
883 2198.17 
884 2201.72 
885 2214.73 
886 2198.68 
887 2202.66 
888 2184.82 
889 2183.27 
890 2195.59 
891 2202.10 
892 2192.39 
893 2213.19 
894 2185.74 
895 2203.61 
896 2178.65 
897 2179.21 
898 2189.30 
899 2207.64 
900 2172.67 
901 2189.83 
902 2232.87 
903 2199.78 
904 2196.94 
905 2176.09 
906 2197.12 
907 2144.39 
908 2192.19 
909 2188.23 
910 2194.79 
911 2202.52 
912 2192.24 
913 2183.18 
914 2204.08 
915 2214.91 
916 2206.27 
917 2206.43 
918 2182.63 
919 2207.33 
920 2173.59 
921 2177.82 
922 2208.54 
923 2202.00 
924 2190.56 
925 2209.33 
926 2204.03 
927 2207.74 
928 2205.92 
929 2197.29 
930 2185.94 
931 2212.83 
932 2195.67 
933 2183.23 
934 2223.07 
935 2187.10 
936 2132.56 
937 2190.19 
938 2221.87 
939 2208.77 
940 2179.68 
941 2205.16 
942 2128.93 
943 2224.67 
944 2170.10 
945 2214.40 
946 2177.78 
947 2161.54 
948 2173.65 
949 2201.30 
950 2203.63 
951 2162.56 
952 2190.90 
953 2178.67 
954 2179.77 
955 2159.42 
956 2189.92 
957 2059.15 
958 2204.10 
959 2154.26 
960 2205.79 
961 2157.22 
962 2204.34 
963 2174.35 
964 2196.97 
965 2211.29 
966 2191.63 
967 2183.65 
968 2195.91 
969 2194.11 
970 2207.87 
971 2241.38 
972 2183.47 
973 2189.60 
974 2206.46 
975 2179.98 
976 2201.73 
977 2186.40 
978 2188.61 
979 2193.62 
980 2160.45 
981 2216.52 
982 2235.26 
983 2225.17 
984 2208.58 
985 2194.20 
986 2210.25 
987 2202.50 
988 2163.63 
989 2201.91 
990 2206.77 
991 2219.18 
992 2196.26 
993 2181.57 
994 2186.99 
995 2203.89 
996 2199.23 
997 2184.24 
998 2163.38 
999 2172.14 
1000 2183.36 
1001 2190.82 
1002 2196.03 
1003 2185.86 
1004 2172.06 
1005 2166.17 
1006 2208.94 
1007 2225.99 
1008 2190.31 
1009 2190.49 
1010 2191.99 
1011 2199.13 
1012 2195.14 
1013 2182.46 
1014 2187.28 
1015 2191.27 
1016 2201.67 
1017 2183.90 
1018 2175.81 
1019 2201.92 
1020 2198.10 
1021 2204.59 
1022 2183.76 
1023 2166.55 
1024 2190.69 
1025 2170.56 
1026 2001.86 
1027 2176.42 
1028 2216.84 
1029 2173.75 
1030 2183.63 
1031 2132.10 
1032 2183.55 
1033 2198.58 
1034 2125.11 
1035 2188.40 
1036 2204.65 
1037 2201.71 
1038 2197.08 
1039 2209.97 
1040 2181.65 
1041 2179.84 
1042 2172.57 
1043 2202.58 
1044 2203.82 
1045 2157.39 
1046 2168.38 
1047 2198.72 
1048 2179.75 
1049 2216.08 
1050 2164.67 
1051 2139.04 
1052 2126.02 
1053 2182.11 
1054 2180.34 
1055 2206.60 
1056 2206.78 
1057 2114.09 
1058 2201.05 
1059 2186.43 
1060 2177.35 
1061 2185.56 
1062 2193.86 
1063 2211.13 
1064 2219.36 
1065 2197.09 
1066 2182.34 
1067 2204.97 
1068 2168.22 
1069 2189.34 
1070 2165.82 
1071 2103.50 
1072 2205.01 
1073 2146.94 
1074 2211.77 
1075 2194.01 
1076 2195.47 
1077 2196.13 
1078 2179.68 
1079 2189.40 
1080 2205.86 
1081 2190.77 
1082 2203.24 
1083 2158.62 
1084 2169.11 
1085 2179.36 
1086 2187.05 
1087 2084.82 
1088 2186.41 
1089 2196.35 
1090 2179.19 
1091 2194.28 
1092 2205.30 
1093 1908.42 
1094 2157.78 
1095 2182.07 
1096 2200.53 
1097 2194.37 
1098 2169.65 
1099 2200.11 
1100 2225.42 
1101 2210.20 
1102 2193.62 
1103 2181.61 
1104 2197.90 
1105 2217.23 
1106 2221.37 
1107 2199.89 
1108 2206.26 
1109 2194.30 
1110 2187.86 
1111 2186.52 
1112 2197.52 
1113 2215.84 
1114 2200.84 
1115 2210.98 
1116 2197.63 
1117 2187.85 
1118 2172.15 
1119 2103.62 
1120 2182.15 
1121 2195.26 
1122 2225.77 
1123 2138.82 
1124 2187.64 
1125 2205.92 
1126 2194.47 
1127 2200.75 
1128 2187.01 
1129 2224.14 
1130 2193.83 
1131 2191.80 
1132 2191.96 
1133 2199.40 
1134 2143.51 
1135 2186.64 
1136 2223.67 
1137 2100.55 
1138 2204.26 
1139 2200.60 
1140 2214.56 
1141 2186.79 
1142 2189.13 
1143 2208.36 
1144 2192.67 
1145 2213.96 
1146 2202.16 
1147 2141.35 
1148 2083.68 
1149 2198.46 
1150 2204.62 
1151 2168.76 
1152 2201.09 
1153 2189.51 
1154 2172.04 
1155 2188.63 
1156 2102.59 
1157 2193.08 
1158 2208.15 
1159 2214.82 
1160 2186.20 
1161 2193.96 
1162 2198.57 
1163 2134.54 
1164 2193.08 
1165 2205.12 
1166 2186.52 
1167 2207.68 
1168 2233.16 
1169 2193.04 
1170 2210.48 
1171 2184.19 
1172 2210.43 
1173 2203.38 
1174 2180.18 
1175 2221.15 
1176 2151.39 
1177 2211.04 
1178 2178.96 
1179 2219.99 
1180 2192.12 
1181 2205.36 
1182 2211.41 
1183 2204.47 
1184 2177.79 
1185 2182.17 
1186 2191.94 
1187 2179.33 
1188 2151.81 
1189 2166.30 
1190 2204.76 
1191 2214.40 
1192 2121.75 
1193 2209.03 
1194 2184.35 
1195 2200.15 
1196 2188.58 
1197 2186.38 
1198 2198.85 
1199 2194.16 
1200 2203.94 
1201 2204.10 
1202 2198.84 
1203 2189.76 
1204 2195.22 
1205 2231.68 
1206 2168.85 
1207 2174.35 
1208 2230.28 
1209 2205.37 
1210 2188.11 
1211 2164.89 
1212 2206.85 
1213 2111.53 
1214 2185.86 
1215 2194.52 
1216 2227.46 
1217 2206.80 
1218 2208.87 
1219 2194.88 
1220 2102.67 
1221 2199.06 
1222 2225.70 
1223 2215.92 
1224 2196.17 
1225 2220.35 
1226 2195.96 
1227 2178.48 
1228 2208.16 
1229 2178.88 
1230 2192.23 
1231 2091.28 
1232 2183.81 
1233 2204.91 
1234 2206.96 
1235 2194.95 
1236 1944.78 
1237 2214.48 
1238 2189.16 
1239 2194.27 
1240 2229.34 
1241 2189.57 
1242 2200.00 
1243 2188.28 
1244 2172.22 
1245 2194.85 
1246 2211.93 
1247 2194.85 
1248 2176.69 
1249 2215.83 
1250 2184.99 
1251 2161.39 
1252 2053.11 
1253 2183.82 
1254 2189.60 
1255 2187.22 
1256 2199.16 
1257 2217.77 
1258 2193.42 
1259 2168.11 
1260 2174.53 
1261 2186.31 
1262 2200.24 
1263 2195.18 
1264 2196.35 
1265 2185.54 
1266 2201.56 
1267 2157.34 
1268 2186.49 
1269 2163.67 
1270 2188.30 
1271 2085.97 
1272 2104.06 
1273 2188.56 
1274 2184.59 
1275 2217.87 
1276 2180.14 
1277 2217.62 
1278 2208.60 
1279 2179.16 
1280 2197.81 
1281 2210.62 
1282 2216.67 
1283 2203.53 
1284 2174.44 
1285 2191.46 
1286 2198.70 
1287 2180.15 
1288 2161.17 
1289 2216.03 
1290 2214.15 
1291 2091.72 
1292 2199.87 
1293 2121.52 
1294 2199.79 
1295 2164.23 
1296 2217.98 
1297 2192.37 
1298 2197.45 
1299 2193.42 
1300 2204.68 
1301 2191.15 
1302 2174.67 
1303 2199.52 
1304 2189.72 
1305 2198.30 
1306 2180.11 
1307 2200.81 
1308 2191.37 
1309 2169.50 
1310 2175.38 
1311 2182.61 
1312 2195.51 
1313 2200.46 
1314 2211.58 
1315 2208.01 
1316 2179.67 
1317 2221.04 
1318 2215.35 
1319 2195.18 
1320 2218.52 
1321 2200.81 
1322 2180.17 
1323 2173.65 
1324 2205.44 
1325 2209.76 
1326 2200.38 
1327 2208.16 
1328 2202.13 
1329 2206.67 
1330 2198.20 
1331 2155.17 
1332 2169.91 
1333 2172.77 
1334 2193.07 
1335 2190.17 
1336 2167.87 
1337 2185.69 
1338 2195.94 
1339 2114.83 
1340 2178.49 
1341 2174.94 
1342 2213.95 
1343 2190.77 
1344 2199.32 
1345 2226.01 
1346 2181.75 
1347 2187.68 
1348 2156.33 
1349 2144.09 
1350 2195.63 
1351 2205.43 
1352 2190.19 
1353 2218.51 
1354 2175.66 
1355 2195.23 
1356 2176.52 
1357 2202.01 
1358 2187.77 
1359 2151.21 
1360 2198.18 
1361 2182.50 
1362 2217.65 
1363 2196.45 
1364 2032.65 
1365 2195.64 
1366 2201.18 
1367 2208.06 
1368 2194.62 
1369 2165.28 
1370 2197.21 
1371 2205.87 
1372 2185.77 
1373 2171.23 
1374 2202.18 
1375 2133.01 
1376 2185.04 
1377 2196.53 
1378 2193.69 
1379 2218.88 
1380 2189.73 
1381 2178.96 
1382 2209.83 
1383 2204.84 
1384 2212.16 
1385 2202.51 
1386 2183.85 
1387 2215.15 
1388 2187.29 
1389 2142.74 
1390 2179.24 
1391 2188.27 
1392 2134.42 
1393 2204.83 
1394 2211.64 
1395 2194.65 
1396 2164.64 
1397 2201.01 
1398 2192.57 
1399 2212.11 
1400 2199.41 
1401 2173.72 
1402 2201.65 
1403 2185.55 
1404 2214.50 
1405 2209.35 
1406 2217.66 
1407 2193.67 
1408 2199.26 
1409 2213.06 
1410 2163.71 
1411 2175.97 
1412 2204.77 
1413 2190.57 
1414 2186.37 
1415 2211.65 
1416 2220.10 
1417 2182.27 
1418 2178.25 
1419 2189.58 
1420 2195.06 
1421 2193.91 
1422 2189.64 
1423 2193.02 
1424 2193.05 
1425 2188.20 
1426 2182.59 
1427 2178.44 
1428 2202.20 
1429 2202.45 
1430 2177.39 
1431 2181.10 
1432 2197.96 
1433 2200.03 
1434 2187.97 
1435 2219.54 
1436 2174.53 
1437 2191.61 
1438 2207.99 
1439 2208.50 
1440 2196.19 
1441 2160.34 
1442 2205.29 
1443 2206.45 
1444 2200.46 
1445 2185.29 
1446 2196.95 
1447 2188.91 
1448 2173.35 
1449 2198.80 
1450 2192.96 
1451 2221.37 
1452 2207.85 
1453 2179.78 
1454 2205.90 
1455 2192.54 
1456 2198.30 
1457 2179.91 
1458 2179.96 
1459 2173.53 
1460 2186.16 
1461 2203.33 
1462 2183.55 
1463 2189.87 
1464 2086.09 
1465 2122.58 
1466 2164.13 
1467 2156.80 
1468 2205.23 
1469 2217.41 
1470 2203.04 
1471 2214.83 
1472 2217.74 
1473 2191.30 
1474 2209.04 
1475 2197.25 
1476 2207.88 
1477 2168.36 
1478 2196.49 
1479 2177.86 
1480 2174.05 
1481 2216.78 
1482 2192.37 
1483 2194.90 
1484 2220.58 
1485 2077.71 
1486 2124.52 
1487 2172.25 
1488 2185.94 
1489 2230.66 
1490 2177.19 
1491 2197.35 
1492 2186.97 
1493 2196.47 
1494 2187.57 
1495 2210.72 
1496 2183.25 
1497 2187.84 
1498 2179.77 
1499 2190.32 
1500 2205.33 
1501 2189.22 
1502 2192.30 
1503 2204.61 
1504 2124.39 
1505 2169.14 
1506 2201.44 
1507 2204.68 
1508 2174.90 
1509 2221.37 
1510 2204.68 
1511 2131.65 
1512 2202.84 
1513 2201.60 
1514 2214.64 
1515 2188.80 
1516 2227.26 
1517 2192.41 
1518 2204.28 
1519 2195.50 
1520 2180.66 
1521 2181.61 
1522 2205.64 
1523 2180.43 
1524 2204.27 
1525 2209.83 
1526 2199.98 
1527 2198.76 
1528 2163.34 
1529 2015.80 
1530 2165.91 
1531 2193.22 
1532 2220.54 
1533 2173.42 
1534 2185.14 
1535 2227.41 
1536 2210.68 
1537 2185.87 
1538 2194.81 
1539 2213.93 
1540 2182.85 
1541 2193.96 
1542 2184.04 
1543 2208.18 
1544 2187.74 
1545 2164.85 
1546 2216.25 
1547 2121.15 
1548 2167.10 
1549 2193.84 
1550 2149.19 
1551 2212.87 
1552 2170.23 
1553 2193.52 
1554 2186.32 
1555 2206.47 
1556 2184.38 
1557 2208.81 
1558 2193.98 
1559 2189.17 
1560 2226.36 
1561 2216.48 
1562 2186.70 
1563 2090.56 
1564 2229.66 
1565 2206.54 
1566 2206.38 
1567 2204.26 
1568 2203.00 
1569 2197.12 
1570 2212.81 
1571 2131.37 
1572 2174.27 
1573 2201.83 
1574 2190.12 
1575 2193.82 
1576 2194.95 
1577 2097.44 
1578 2202.92 
1579 2200.32 
1580 2190.18 
1581 2241.46 
1582 2200.53 
1583 2218.75 
1584 2189.86 
1585 2192.18 
1586 2209.32 
1587 2198.57 
1588 2182.76 
1589 2191.94 
1590 2077.48 
1591 2188.70 
1592 2168.51 
1593 2235.13 
1594 2167.88 
1595 2117.40 
1596 2196.87 
1597 2191.73 
1598 2185.14 
1599 2197.58 
1600 2191.84 
1601 2214.69 
1602 2174.89 
1603 2196.82 
1604 2205.56 
1605 2160.90 
1606 2200.68 
1607 2212.05 
1608 2197.07 
1609 2231.90 
1610 2211.83 
1611 2206.10 
1612 2203.57 
1613 2201.74 
1614 2191.57 
1615 2208.87 
1616 2190.37 
1617 2178.48 
1618 2199.35 
1619 2204.60 
1620 2195.86 
1621 2161.39 
1622 2185.49 
1623 2200.15 
1624 2180.79 
1625 2157.61 
1626 2221.07 
1627 2205.46 
1628 2116.96 
1629 2187.51 
1630 2210.62 
1631 2209.37 
1632 2187.39 
1633 2180.57 
1634 2180.41 
1635 2188.22 
1636 2221.68 
1637 2193.82 
1638 2169.41 
1639 2176.73 
1640 2223.45 
1641 2203.73 
1642 2177.70 
1643 2175.61 
1644 2189.19 
1645 2206.68 
1646 2195.94 
1647 2197.93 
1648 2197.44 
1649 2204.85 
1650 2179.66 
1651 2201.69 
1652 2206.47 
1653 2203.49 
1654 2225.70 
1655 2197.17 
1656 2196.56 
1657 2210.91 
1658 2190.45 
1659 2238.93 
1660 2207.43 
1661 2179.92 
1662 2179.80 
1663 2180.54 
1664 2176.51 
1665 2183.53 
1666 2193.07 
1667 2103.93 
1668 2202.75 
1669 2211.83 
1670 2206.98 
1671 2214.14 
1672 2234.80 
1673 2205.50 
1674 2204.20 
1675 2170.42 
1676 2200.58 
1677 2183.54 
1678 2197.51 
1679 2200.98 
1680 2184.69 
1681 2201.00 
1682 2221.23 
1683 2203.49 
1684 2207.83 
1685 2180.01 
1686 2203.84 
1687 2206.42 
1688 2201.80 
1689 2208.68 
1690 2179.42 
1691 2206.80 
1692 2196.69 
1693 2193.00 
1694 2074.98 
1695 2166.90 
1696 2201.48 
1697 2221.84 
1698 2194.03 
1699 2195.73 
1700 2182.27 
1701 2142.71 
1702 2188.27 
1703 2178.12 
1704 2194.30 
1705 2199.71 
1706 2187.31 
1707 2188.61 
1708 2169.98 
1709 2178.27 
1710 2168.78 
1711 2208.55 
1712 2210.21 
1713 2197.58 
1714 2201.29 
1715 2211.15 
1716 2202.90 
1717 2185.85 
1718 2161.59 
1719 2183.27 
1720 2190.31 
1721 2192.97 
1722 2204.34 
1723 2194.89 
1724 2195.95 
1725 2197.13 
1726 2165.88 
1727 2196.43 
1728 2238.29 
1729 2215.92 
1730 2202.68 
1731 2200.85 
1732 2231.76 
1733 2212.03 
1734 2182.10 
1735 2226.73 
1736 2202.93 
1737 2139.59 
1738 2160.42 
1739 2181.05 
1740 2214.17 
1741 2196.42 
1742 2199.53 
1743 2191.37 
1744 2178.10 
1745 2195.28 
1746 2224.07 
1747 2205.86 
1748 2212.55 
1749 2177.94 
1750 2188.24 
1751 2206.71 
1752 2197.67 
1753 2182.72 
1754 2209.78 
1755 2213.87 
1756 2203.26 
1757 2194.51 
1758 2180.51 
1759 2211.39 
1760 2190.48 
1761 2199.63 
1762 2183.18 
1763 2179.04 
1764 2193.65 
1765 2202.87 
1766 2196.03 
1767 2191.53 
1768 2217.09 
1769 2169.26 
1770 2208.72 
1771 2207.07 
1772 2206.39 
1773 2194.70 
1774 2206.02 
1775 2175.47 
1776 2213.65 
1777 2174.21 
1778 2214.06 
1779 2178.64 
1780 2193.65 
1781 2208.06 
1782 2204.46 
1783 2182.33 
1784 2216.49 
1785 2177.25 
1786 2209.17 
1787 2210.50 
1788 2185.91 
1789 2225.89 
1790 2214.22 
1791 2186.48 
1792 2197.43 
1793 2216.28 
1794 2199.95 
1795 2183.91 
1796 2148.38 
1797 2200.53 
1798 2174.73 
1799 2196.79 
1800 2227.12 
1801 2202.26 
1802 2192.46 
1803 2192.23 
1804 2206.03 
1805 2175.34 
1806 2208.19 
1807 2205.81 
1808 2185.18 
1809 2213.07 
1810 2152.58 
1811 2201.89 
1812 2205.80 
1813 2182.78 
1814 2197.42 
1815 2205.46 
1816 2182.01 
1817 2217.83 
1818 2200.45 
1819 2201.32 
1820 2193.44 
1821 2185.52 
1822 2214.31 
1823 2195.95 
1824 2207.51 
1825 2182.47 
1826 2160.25 
1827 2189.56 
1828 2206.01 
1829 2182.36 
1830 2210.08 
1831 2210.74 
1832 2199.04 
1833 2205.92 
1834 2214.02 
1835 2198.79 
1836 2225.27 
1837 2184.71 
1838 2182.28 
1839 2216.80 
1840 2201.57 
1841 2191.38 
1842 2182.16 
1843 2194.82 
1844 2168.02 
1845 2187.01 
1846 2208.50 
1847 2205.55 
1848 2205.13 
1849 2211.74 
1850 2207.91 
1851 2143.50 
1852 2187.33 
1853 2168.52 
1854 2182.72 
1855 2189.89 
1856 2189.77 
1857 2182.79 
1858 2181.20 
1859 2197.03 
1860 2221.97 
1861 2204.53 
1862 2197.03 
1863 2208.09 
1864 2202.16 
1865 2198.13 
1866 2180.23 
1867 2191.80 
1868 2178.54 
1869 2195.30 
1870 2201.57 
1871 2214.28 
1872 2227.10 
1873 2184.10 
1874 2174.15 
1875 2176.28 
1876 2185.07 
1877 2202.62 
1878 2189.11 
1879 2206.33 
1880 2222.54 
1881 2198.92 
1882 2183.05 
1883 2201.29 
1884 2194.51 
1885 2194.73 
1886 2161.63 
1887 2186.04 
1888 2210.80 
1889 2200.69 
1890 2188.75 
1891 2185.72 
1892 2220.48 
1893 2206.49 
1894 2194.60 
1895 2210.06 
1896 2193.17 
1897 2196.79 
1898 2197.04 
1899 2205.57 
1900 2196.87 
1901 2178.20 
1902 2204.03 
1903 2197.74 
1904 2201.49 
1905 2204.71 
1906 2192.21 
1907 2207.74 
1908 2185.56 
1909 2170.83 
1910 2174.84 
1911 2210.64 
1912 2198.09 
1913 2144.55 
1914 2193.42 
1915 2196.70 
1916 2206.74 
1917 2202.28 
1918 2116.71 
1919 2170.91 
1920 2194.44 
1921 2197.63 
1922 2213.56 
1923 2183.10 
1924 2198.95 
1925 2190.47 
1926 2181.13 
1927 2208.35 
1928 2218.84 
1929 2186.08 
1930 2196.75 
1931 2200.01 
1932 2199.41 
1933 2204.20 
1934 2208.33 
1935 2194.81 
1936 2177.77 
1937 2219.09 
1938 2206.07 
1939 2216.94 
1940 2196.48 
1941 2163.20 
1942 2201.46 
1943 2191.50 
1944 2188.86 
1945 2196.04 
1946 2227.49 
1947 2192.02 
1948 2223.43 
1949 2181.57 
1950 2223.17 
1951 2188.59 
1952 2163.81 
1953 2205.96 
1954 2202.20 
1955 2188.11 
1956 2198.86 
1957 2209.85 
1958 2205.45 
1959 2206.27 
1960 2201.45 
1961 2195.58 
1962 2211.40 
1963 2185.22 
1964 2207.46 
1965 2199.44 
1966 2203.00 
1967 2210.80 
1968 2172.16 
1969 2208.18 
1970 2198.40 
1971 2138.20 
1972 2160.92 
1973 2215.55 
1974 2192.00 
1975 2184.23 
1976 2089.92 
1977 2192.32 
1978 2218.63 
1979 2202.49 
1980 2192.00 
1981 2058.13 
1982 2200.36 
1983 2190.71 
1984 2187.45 
1985 2194.44 
1986 2209.55 
1987 2186.24 
1988 2169.26 
1989 2222.34 
1990 2153.52 
1991 2208.25 
1992 2190.14 
1993 2203.59 
1994 2191.81 
1995 2184.24 
1996 2181.84 
1997 2127.72 
1998 2205.15 
1999 2209.93 
2000 2197.09 
2001 2139.78 
2002 2177.20 
2003 2199.20 
2004 2178.40 
2005 2188.95 
2006 2202.61 
2007 2196.22 
2008 2169.55 
2009 2154.84 
2010 2198.04 
2011 2215.22 
2012 2206.59 
2013 2217.57 
2014 2195.76 
2015 2209.06 
2016 2169.92 
2017 2169.44 
2018 2178.69 
2019 2209.45 
2020 2195.62 
2021 2211.91 
2022 2217.81 
2023 2195.59 
2024 2194.71 
2025 2192.58 
2026 2199.69 
2027 2168.30 
2028 2200.51 
2029 2211.89 
2030 2201.52 
2031 2156.06 
2032 2164.73 
2033 2172.48 
2034 2219.04 
2035 2107.75 
2036 2223.00 
2037 2197.35 
2038 2209.56 
2039 2123.35 
2040 2216.42 
2041 2193.02 
2042 2179.89 
2043 2184.14 
2044 2126.27 
2045 2211.73 
2046 2160.00 
2047 2202.96 
2048 2188.20 
2049 2177.83 
2050 2178.86 
2051 2208.60 
2052 2206.12 
2053 2178.11 
2054 2196.29 
2055 2176.71 
2056 2207.77 
2057 2210.24 
2058 2192.91 
2059 2182.05 
2060 2175.19 
2061 2195.23 
2062 2186.17 
2063 2195.45 
2064 2180.60 
2065 2143.42 
2066 2207.07 
2067 2171.39 
2068 2201.52 
2069 2171.53 
2070 2190.64 
2071 2197.58 
2072 2184.02 
2073 2177.53 
2074 2191.24 
2075 2178.57 
2076 1936.84 
2077 2172.81 
2078 2119.42 
2079 2187.93 
2080 2186.97 
2081 2202.04 
2082 2196.48 
2083 2188.86 
2084 2200.93 
2085 2202.63 
2086 2196.32 
2087 2183.10 
2088 2201.26 
2089 2182.53 
2090 2142.94 
2091 2199.49 
2092 2226.00 
2093 2206.45 
2094 2209.15 
2095 2202.16 
2096 2196.44 
2097 2011.26 
2098 2190.15 
2099 2092.53 
2100 2102.13 
2101 2188.45 
2102 2188.42 
2103 2211.14 
2104 2211.14 
2105 2219.22 
2106 2216.30 
2107 2156.42 
2108 2213.50 
2109 2218.33 
2110 2209.70 
2111 2208.43 
2112 2181.81 
2113 2193.16 
2114 2209.89 
2115 2199.97 
2116 2201.77 
2117 2212.44 
2118 2214.61 
2119 2168.32 
2120 2197.93 
2121 2192.37 
2122 2183.51 
2123 2184.32 
2124 2216.30 
2125 2187.10 
2126 2162.85 
2127 2194.89 
2128 2203.30 
2129 2178.51 
2130 2194.12 
2131 2197.45 
2132 2206.16 
2133 2103.93 
2134 2199.45 
2135 2209.61 
2136 2194.46 
2137 2208.16 
2138 2175.64 
2139 2198.77 
2140 2201.71 
2141 2182.41 
2142 2175.32 
2143 2224.66 
2144 2208.85 
2145 2189.55 
2146 2202.89 
2147 2175.94 
2148 2183.41 
2149 2164.28 
2150 2199.40 
2151 2204.33 
2152 2183.90 
2153 2179.89 
2154 2190.17 
2155 2202.09 
2156 2207.04 
2157 2148.81 
2158 2160.82 
2159 2218.89 
2160 2184.04 
2161 2169.68 
2162 2200.45 
2163 2218.20 
2164 2195.00 
2165 2198.73 
2166 2209.07 
2167 2198.84 
2168 2203.51 
2169 2185.08 
2170 2210.66 
2171 2188.13 
2172 2222.78 
2173 2212.01 
2174 2152.57 
2175 2202.82 
2176 2189.73 
2177 2219.54 
2178 2185.58 
2179 2226.45 
2180 2202.13 
2181 2187.16 
2182 2186.92 
2183 2193.18 
2184 2203.49 
2185 2200.68 
2186 2202.46 
2187 2171.00 
2188 2188.39 
2189 2208.84 
2190 2188.70 
2191 2205.68 
2192 2184.66 
2193 2210.12 
2194 2176.89 
2195 2187.50 
2196 2212.52 
2197 2209.55 
2198 2194.13 
2199 2211.08 
2200 2203.33 
2201 2190.11 
2202 2190.05 
2203 2195.66 
2204 2214.79 
2205 2179.68 
2206 2216.99 
2207 2204.66 
2208 2188.75 
2209 2216.61 
2210 2193.09 
2211 2209.56 
2212 2185.22 
2213 2175.43 
2214 2182.61 
2215 2196.09 
2216 2175.12 
2217 2190.04 
2218 2194.65 
2219 2198.10 
2220 2199.15 
2221 2176.62 
2222 2211.94 
2223 2185.80 
2224 2218.34 
2225 2186.40 
2226 2190.62 
2227 2176.66 
2228 2210.45 
2229 2205.73 
2230 2194.98 
2231 2196.86 
2232 2030.73 
2233 2179.24 
2234 2214.03 
2235 2194.16 
2236 2180.82 
2237 2053.06 
2238 2181.18 
2239 2093.29 
2240 2182.65 
2241 2213.70 
2242 2204.62 
2243 2202.85 
2244 2199.78 
2245 2210.35 
2246 2213.40 
2247 2193.18 
2248 2149.35 
2249 2147.87 
2250 2200.72 
2251 2129.69 
2252 2201.71 
2253 2200.51 
2254 2206.16 
2255 2172.09 
2256 2198.75 
2257 2195.36 
2258 2187.16 
2259 2179.11 
2260 2192.16 
2261 2202.17 
2262 2194.38 
2263 2208.60 
2264 2163.01 
2265 2183.44 
2266 2198.86 
2267 2111.48 
2268 2227.07 
2269 2200.76 
2270 2100.71 
2271 2188.41 
2272 2196.39 
2273 2165.91 
2274 2178.38 
2275 2191.60 
2276 2190.79 
2277 2192.13 
2278 2133.70 
2279 2187.02 
2280 2190.81 
2281 2204.78 
2282 2213.20 
2283 2113.47 
2284 2188.41 
2285 2202.02 
2286 2227.97 
2287 2222.32 
2288 2210.86 
2289 2155.01 
2290 2173.69 
2291 2190.41 
2292 2172.00 
2293 2178.09 
2294 2218.35 
2295 2197.92 
2296 2171.83 
2297 2210.90 
2298 2173.46 
2299 2214.45 
2300 2196.44 
2301 2185.04 
2302 2183.89 
2303 2217.60 
2304 2195.99 
2305 2180.28 
2306 2177.99 
2307 2208.08 
2308 2199.06 
2309 2203.06 
2310 2192.49 
2311 2200.92 
2312 2191.80 
2313 2194.68 
2314 2217.75 
2315 2211.17 
2316 2194.25 
2317 2175.05 
2318 2203.89 
2319 2176.21 
2320 2193.78 
2321 2161.54 
2322 2134.17 
2323 2215.31 
2324 2201.32 
2325 2207.65 
2326 2194.61 
2327 2184.38 
2328 2201.22 
2329 2197.53 
2330 2056.12 
2331 2193.07 
2332 2214.63 
2333 2201.96 
2334 2217.21 
2335 2119.53 
2336 2103.31 
2337 2211.59 
2338 2162.48 
2339 2173.64 
2340 2203.43 
2341 2207.02 
2342 2181.89 
2343 2192.81 
2344 2214.48 
2345 2209.55 
2346 2187.96 
2347 2195.76 
2348 2201.51 
2349 2215.32 
2350 2055.03 
2351 2186.50 
2352 2233.03 
2353 2195.74 
2354 2141.90 
2355 2199.60 
2356 2183.63 
2357 2208.57 
2358 2166.38 
2359 2174.20 
2360 2207.89 
2361 2159.39 
2362 2230.01 
2363 2168.09 
2364 2210.67 
2365 2077.62 
2366 2200.39 
2367 2043.99 
2368 2167.21 
2369 2205.03 
2370 2208.53 
2371 2182.81 
2372 2194.14 
2373 2174.55 
2374 2189.81 
2375 2197.23 
2376 2214.56 
2377 2196.42 
2378 2189.70 
2379 2192.92 
2380 2028.03 
2381 2228.51 
2382 2198.62 
2383 2193.87 
2384 2166.23 
2385 2190.89 
2386 2189.92 
2387 2212.26 
2388 2201.10 
2389 2198.67 
2390 2196.45 
2391 2184.11 
2392 2233.29 
2393 2192.35 
2394 2192.35 
2395 2195.50 
2396 2192.47 
2397 2217.33 
