Seed 7:
0 -500.00 
1 -500.00 
2 -500.00 
3 -94.00 
4 -171.00 
5 -76.00 
6 -75.00 
7 -82.00 
8 -91.00 
9 -91.00 
10 -106.00 
11 -65.00 
12 -74.00 
13 -89.00 
14 -66.00 
15 -84.00 
16 -64.00 
17 -65.00 
18 -74.00 
19 -93.00 
20 -66.00 
21 -67.00 
22 -90.00 
23 -73.00 
24 -117.00 
25 -99.00 
26 -89.00 
27 -68.00 
28 -79.00 
29 -82.00 
30 -72.00 
31 -81.00 
32 -82.00 
33 -63.00 
34 -71.00 
35 -72.00 
36 -81.00 
37 -118.00 
38 -78.00 
39 -71.00 
40 -66.00 
41 -64.00 
42 -84.00 
43 -72.00 
44 -92.00 
45 -86.00 
46 -77.00 
47 -91.00 
48 -73.00 
49 -94.00 
50 -92.00 
51 -78.00 
52 -74.00 
53 -90.00 
54 -190.00 
55 -85.00 
56 -90.00 
57 -71.00 
58 -64.00 
59 -66.00 
60 -91.00 
61 -71.00 
62 -71.00 
63 -77.00 
64 -212.00 
65 -75.00 
66 -86.00 
67 -98.00 
68 -73.00 
69 -65.00 
70 -71.00 
71 -73.00 
72 -78.00 
73 -74.00 
74 -83.00 
75 -70.00 
76 -74.00 
77 -72.00 
78 -78.00 
79 -141.00 
80 -89.00 
81 -72.00 
82 -66.00 
83 -73.00 
84 -77.00 
85 -64.00 
86 -74.00 
87 -79.00 
88 -72.00 
89 -71.00 
90 -74.00 
91 -75.00 
92 -91.00 
93 -64.00 
94 -89.00 
95 -79.00 
96 -94.00 
97 -65.00 
98 -98.00 
99 -81.00 
100 -86.00 
101 -73.00 
102 -64.00 
103 -98.00 
104 -91.00 
105 -87.00 
106 -89.00 
107 -88.00 
108 -74.00 
109 -121.00 
110 -73.00 
111 -97.00 
112 -86.00 
113 -72.00 
114 -73.00 
115 -85.00 
116 -71.00 
117 -91.00 
118 -65.00 
119 -79.00 
120 -83.00 
121 -71.00 
122 -106.00 
123 -237.00 
124 -71.00 
125 -87.00 
126 -80.00 
127 -71.00 
128 -82.00 
129 -89.00 
130 -73.00 
131 -79.00 
132 -71.00 
133 -80.00 
134 -66.00 
135 -73.00 
136 -77.00 
137 -79.00 
138 -90.00 
139 -80.00 
140 -70.00 
141 -89.00 
142 -72.00 
143 -79.00 
144 -90.00 
145 -153.00 
146 -72.00 
147 -73.00 
148 -195.00 
149 -91.00 
150 -64.00 
151 -82.00 
152 -63.00 
153 -80.00 
154 -91.00 
155 -83.00 
156 -86.00 
157 -72.00 
158 -83.00 
159 -78.00 
160 -64.00 
161 -102.00 
162 -80.00 
163 -65.00 
164 -78.00 
165 -180.00 
166 -139.00 
167 -77.00 
168 -77.00 
169 -77.00 
170 -78.00 
171 -79.00 
172 -77.00 
173 -78.00 
174 -95.00 
175 -78.00 
176 -85.00 
177 -72.00 
178 -72.00 
179 -130.00 
180 -86.00 
181 -79.00 
182 -87.00 
183 -91.00 
184 -72.00 
185 -73.00 
186 -81.00 
187 -79.00 
188 -78.00 
189 -97.00 
190 -75.00 
191 -72.00 
192 -100.00 
193 -80.00 
194 -93.00 
195 -83.00 
196 -95.00 
197 -78.00 
198 -85.00 
199 -85.00 
200 -78.00 
201 -112.00 
202 -78.00 
203 -85.00 
204 -77.00 
205 -73.00 
206 -73.00 
207 -73.00 
208 -89.00 
209 -203.00 
210 -73.00 
211 -77.00 
212 -80.00 
213 -78.00 
214 -87.00 
215 -78.00 
216 -85.00 
217 -79.00 
218 -90.00 
219 -127.00 
220 -78.00 
221 -84.00 
222 -78.00 
223 -97.00 
224 -77.00 
225 -71.00 
226 -79.00 
227 -86.00 
228 -77.00 
229 -80.00 
230 -78.00 
231 -88.00 
232 -79.00 
233 -100.00 
234 -65.00 
235 -82.00 
236 -72.00 
237 -73.00 
238 -90.00 
239 -79.00 
240 -79.00 
241 -78.00 
242 -95.00 
243 -80.00 
244 -73.00 
245 -105.00 
246 -80.00 
247 -78.00 
248 -72.00 
249 -81.00 
250 -72.00 
251 -90.00 
252 -81.00 
253 -79.00 
254 -82.00 
255 -79.00 
256 -82.00 
257 -178.00 
258 -86.00 
259 -78.00 
260 -91.00 
261 -71.00 
262 -87.00 
263 -81.00 
264 -80.00 
265 -77.00 
266 -72.00 
267 -81.00 
268 -105.00 
269 -88.00 
270 -84.00 
271 -80.00 
272 -72.00 
273 -78.00 
274 -80.00 
275 -97.00 
276 -72.00 
277 -71.00 
278 -208.00 
279 -84.00 
280 -104.00 
281 -71.00 
282 -80.00 
283 -71.00 
284 -85.00 
285 -93.00 
286 -86.00 
287 -117.00 
288 -78.00 
289 -152.00 
290 -66.00 
291 -63.00 
292 -88.00 
293 -91.00 
294 -78.00 
295 -97.00 
296 -92.00 
297 -80.00 
298 -85.00 
299 -78.00 
300 -88.00 
301 -85.00 
302 -72.00 
303 -79.00 
304 -78.00 
305 -124.00 
306 -72.00 
307 -66.00 
308 -78.00 
309 -79.00 
310 -87.00 
311 -94.00 
312 -87.00 
313 -84.00 
314 -65.00 
315 -88.00 
316 -72.00 
317 -89.00 
318 -78.00 
319 -77.00 
320 -82.00 
321 -79.00 
322 -77.00 
323 -77.00 
324 -176.00 
325 -88.00 
326 -114.00 
327 -97.00 
328 -91.00 
329 -72.00 
330 -88.00 
331 -106.00 
332 -86.00 
333 -84.00 
334 -72.00 
335 -80.00 
336 -65.00 
337 -66.00 
338 -75.00 
339 -75.00 
340 -92.00 
341 -74.00 
342 -65.00 
343 -86.00 
344 -82.00 
345 -79.00 
346 -74.00 
347 -83.00 
348 -72.00 
349 -75.00 
350 -83.00 
351 -79.00 
352 -78.00 
353 -85.00 
354 -197.00 
355 -93.00 
356 -72.00 
357 -81.00 
358 -192.00 
359 -73.00 
360 -78.00 
361 -89.00 
362 -100.00 
363 -83.00 
364 -89.00 
365 -92.00 
366 -78.00 
367 -70.00 
368 -79.00 
369 -64.00 
370 -80.00 
371 -78.00 
372 -72.00 
373 -72.00 
374 -78.00 
375 -90.00 
376 -80.00 
377 -89.00 
378 -90.00 
379 -73.00 
380 -89.00 
381 -64.00 
382 -73.00 
383 -93.00 
384 -72.00 
385 -82.00 
386 -78.00 
387 -86.00 
388 -77.00 
389 -73.00 
390 -75.00 
391 -72.00 
392 -81.00 
393 -78.00 
394 -84.00 
395 -83.00 
396 -73.00 
397 -97.00 
398 -92.00 
399 -72.00 
400 -73.00 
401 -74.00 
402 -64.00 
403 -65.00 
404 -74.00 
405 -89.00 
406 -71.00 
407 -85.00 
408 -78.00 
409 -91.00 
410 -94.00 
411 -64.00 
412 -118.00 
413 -86.00 
414 -82.00 
415 -72.00 
416 -73.00 
417 -76.00 
418 -90.00 
419 -73.00 
420 -74.00 
421 -83.00 
422 -73.00 
423 -73.00 
424 -80.00 
425 -73.00 
426 -72.00 
427 -72.00 
428 -76.00 
429 -65.00 
430 -80.00 
431 -82.00 
432 -65.00 
433 -73.00 
434 -73.00 
435 -73.00 
436 -75.00 
437 -77.00 
438 -74.00 
439 -72.00 
440 -83.00 
441 -110.00 
442 -90.00 
443 -81.00 
444 -82.00 
445 -79.00 
446 -145.00 
447 -78.00 
448 -65.00 
449 -86.00 
450 -78.00 
451 -89.00 
452 -70.00 
453 -65.00 
454 -95.00 
455 -86.00 
456 -86.00 
457 -74.00 
458 -64.00 
459 -64.00 
460 -73.00 
461 -79.00 
462 -72.00 
463 -74.00 
464 -64.00 
465 -72.00 
466 -75.00 
467 -72.00 
468 -131.00 
469 -73.00 
470 -79.00 
471 -80.00 
472 -72.00 
473 -82.00 
474 -74.00 
475 -88.00 
476 -86.00 
477 -87.00 
478 -79.00 
479 -77.00 
480 -93.00 
481 -81.00 
482 -94.00 
483 -73.00 
484 -94.00 
485 -72.00 
486 -64.00 
487 -94.00 
488 -82.00 
489 -99.00 
490 -72.00 
491 -73.00 
492 -77.00 
493 -85.00 
494 -73.00 
495 -80.00 
496 -89.00 
497 -72.00 
498 -71.00 
499 -83.00 
500 -72.00 
