Seed 0:
0 -602.07 
1 -894.84 
2 -601.94 
3 -348.68 
4 -372.93 
5 -290.47 
6 -3.52 
7 758.60 
8 0.36 
9 0.26 
10 964.25 
11 1583.65 
12 1596.06 
13 1526.03 
14 1613.98 
15 1594.42 
16 1595.82 
17 1591.49 
18 1685.41 
19 1663.39 
20 1569.55 
21 1548.33 
22 1605.77 
23 1586.73 
24 1605.85 
25 1580.08 
26 1641.55 
27 1694.99 
28 1662.43 
29 1666.11 
30 1670.45 
31 1698.29 
32 1670.32 
33 1698.17 
34 1711.99 
35 1718.49 
36 1690.67 
37 1709.75 
38 1675.05 
39 1634.82 
40 1720.55 
41 1737.60 
42 1701.51 
43 1702.20 
44 1749.39 
45 1742.26 
46 1723.42 
47 1729.98 
48 1740.30 
49 1718.63 
50 1662.46 
51 1739.90 
52 1774.57 
53 1743.50 
54 1685.90 
55 1726.36 
56 1721.22 
57 1735.20 
58 1707.55 
59 1718.99 
60 1735.69 
61 1686.35 
62 1713.88 
63 1724.29 
64 1715.86 
65 1729.16 
66 1812.50 
67 1780.48 
68 1775.89 
69 1700.98 
70 1750.93 
71 1768.66 
72 1714.91 
73 1738.93 
74 1747.56 
75 1749.47 
76 1712.41 
77 1711.67 
78 1705.12 
79 1671.61 
80 1710.34 
81 1779.52 
82 1782.16 
83 1733.48 
84 1772.57 
85 1738.32 
86 1740.51 
87 1724.00 
88 1769.31 
89 1763.35 
90 1742.87 
91 1663.28 
92 1747.57 
93 1715.68 
94 1717.91 
95 1687.62 
96 1729.61 
97 1750.02 
98 1733.78 
99 1745.23 
100 1756.15 
101 1736.84 
102 1662.72 
103 1732.35 
104 1721.56 
105 1753.33 
106 1758.46 
107 1640.82 
108 1744.08 
109 1730.07 
110 1747.06 
111 1700.55 
112 1771.63 
113 1712.26 
114 1759.87 
115 1773.12 
116 1704.98 
117 1760.05 
118 1743.50 
119 1754.03 
120 1735.20 
121 1746.79 
122 1710.42 
123 1742.76 
124 1706.97 
125 1760.25 
126 1727.97 
127 1702.49 
128 1718.34 
129 1649.55 
130 1800.98 
131 1775.84 
132 1735.22 
133 1708.48 
134 1690.82 
135 1754.62 
136 1729.31 
137 1724.27 
138 1692.59 
139 1730.61 
140 1636.82 
141 1737.97 
142 1791.63 
143 1786.21 
144 1653.29 
145 1749.18 
146 1695.86 
147 1738.70 
148 1700.51 
149 1748.86 
150 1737.87 
151 1739.75 
152 1731.17 
153 1720.19 
154 1740.13 
155 1747.05 
156 1741.31 
157 1747.09 
158 1781.06 
159 1750.02 
160 1768.66 
161 1727.36 
162 1715.33 
163 1714.25 
164 1744.55 
165 1732.29 
166 1733.88 
167 1755.28 
168 1787.95 
169 1714.63 
170 1791.59 
171 1742.26 
172 1679.73 
173 1800.54 
174 1729.97 
175 1723.45 
176 1768.14 
177 1664.65 
178 1719.14 
179 1744.85 
180 1736.90 
181 1764.61 
182 1716.01 
183 1764.86 
184 1740.79 
185 1755.83 
186 1705.66 
187 1758.70 
188 1757.00 
189 1735.89 
190 1718.15 
191 1725.99 
192 1728.66 
193 1771.64 
194 1747.75 
195 1707.84 
196 1763.42 
197 1784.09 
198 1712.10 
199 1775.17 
200 1698.61 
201 1740.35 
202 1678.13 
203 1710.21 
204 1756.05 
205 1704.03 
206 1744.99 
207 1729.64 
208 1729.06 
209 1715.98 
210 1657.32 
211 1689.98 
212 1693.71 
213 1730.54 
214 1765.98 
215 1679.45 
216 1691.13 
217 1663.64 
218 1760.26 
219 1763.88 
220 1749.66 
221 1777.59 
222 1789.77 
223 1690.56 
224 1719.51 
225 1724.85 
226 1773.63 
227 1705.15 
228 1752.12 
229 1659.63 
230 1708.74 
231 1712.31 
232 1693.22 
233 1739.33 
234 1754.65 
235 1731.39 
236 1750.53 
237 1752.04 
238 1673.48 
239 1737.25 
240 1721.64 
241 1720.54 
242 1750.93 
243 1665.74 
244 1708.01 
245 1739.54 
246 1696.77 
247 1742.37 
248 1736.42 
249 1721.46 
250 1725.75 
251 1744.72 
252 1715.27 
253 1716.66 
254 1691.47 
255 1750.29 
256 1759.52 
257 1707.92 
258 1787.27 
259 1737.01 
260 1681.78 
261 1703.51 
262 1702.05 
263 1803.85 
264 1727.31 
265 1756.56 
266 1727.39 
267 1716.57 
268 1755.77 
269 1745.98 
270 1722.60 
271 1752.81 
272 1691.84 
273 1779.20 
274 1694.89 
275 1774.99 
276 1728.18 
277 1743.93 
278 1705.44 
279 1693.91 
280 1798.90 
281 1725.62 
282 1835.21 
283 1763.52 
284 1684.45 
285 1759.65 
286 1760.72 
287 1716.94 
288 1684.90 
289 1684.58 
290 1731.79 
291 1756.20 
292 1704.18 
293 1764.89 
294 1731.71 
295 1748.79 
296 1796.65 
297 1769.76 
298 1667.11 
299 1703.40 
300 1763.76 
301 1724.16 
302 1811.52 
303 1782.40 
304 1749.87 
305 1732.35 
306 1779.63 
307 1734.66 
308 1753.01 
309 1731.54 
310 1767.72 
311 1810.50 
312 1738.32 
313 1734.37 
314 1726.38 
315 1780.11 
316 1763.55 
317 1787.60 
318 1788.65 
319 1692.87 
320 1764.65 
321 1723.25 
322 1737.85 
323 1714.49 
324 1714.50 
325 1760.28 
326 1717.19 
327 1703.03 
328 1739.62 
329 1821.22 
330 1735.68 
331 1668.65 
332 1725.47 
333 1767.44 
334 1718.83 
335 1759.99 
336 1731.14 
337 1768.27 
338 1692.99 
339 1710.41 
340 1712.93 
341 1757.88 
342 1719.35 
343 1750.90 
344 1703.96 
345 1686.08 
346 1758.87 
347 1791.54 
348 1698.08 
349 1712.24 
350 1753.00 
351 1753.48 
352 1762.39 
353 1739.63 
354 1740.22 
355 1722.48 
356 1747.11 
357 1670.47 
358 1673.23 
359 1689.26 
360 1670.73 
361 1703.55 
362 1685.39 
363 1743.80 
364 1713.58 
365 1758.22 
366 1741.25 
367 1747.10 
368 1763.86 
369 1672.55 
370 1745.39 
371 1786.72 
372 1702.41 
373 1737.43 
374 1740.35 
375 1694.78 
376 1712.09 
377 1798.34 
378 1748.02 
379 1710.77 
380 1765.97 
381 1697.45 
382 1789.69 
383 1696.85 
384 1719.13 
385 1792.01 
386 1706.59 
387 1739.37 
388 1789.27 
389 1756.68 
390 1749.48 
391 1801.47 
392 1698.36 
393 1710.66 
394 1759.70 
395 1701.66 
396 1725.46 
397 1744.19 
398 1718.73 
399 1710.18 
400 1710.18 
401 1763.82 
402 1695.32 
403 1728.49 
404 1785.53 
405 1723.08 
406 1769.33 
407 1767.99 
408 1756.10 
409 1661.99 
410 1771.01 
411 1696.46 
412 1701.33 
413 1689.44 
414 1705.20 
415 1733.68 
416 1722.23 
417 1758.51 
418 1727.24 
419 1787.30 
420 1666.04 
421 1735.77 
422 1700.61 
423 1813.99 
424 1718.75 
425 1725.58 
426 1698.28 
427 1681.38 
428 1709.78 
429 1774.42 
430 1772.28 
431 1713.09 
432 1762.95 
433 1721.41 
434 1732.31 
435 1773.45 
436 1666.38 
437 1743.19 
438 1738.60 
439 1660.23 
440 1666.46 
441 1794.77 
442 1736.59 
443 1703.02 
444 1739.28 
445 1723.64 
446 1705.64 
447 1715.91 
448 1766.04 
449 1752.22 
450 1705.25 
451 1679.50 
452 1776.73 
453 1777.14 
454 1679.04 
455 1753.26 
456 1732.83 
457 1784.64 
458 1764.39 
459 1779.67 
460 1724.10 
461 1765.35 
462 1673.24 
463 1754.37 
464 1745.19 
465 1721.17 
466 1733.24 
467 1717.58 
468 1748.53 
469 1668.61 
470 1703.74 
471 1729.09 
472 1704.32 
473 1730.35 
474 1763.32 
475 1739.13 
476 1715.72 
477 1778.63 
478 1722.76 
479 1710.70 
480 1744.33 
481 1736.17 
482 1749.99 
483 1767.95 
484 1786.28 
485 1734.32 
486 1759.26 
487 1741.37 
488 1713.17 
489 1767.72 
490 1706.18 
491 1742.86 
492 1744.33 
493 1736.42 
494 1740.71 
495 1762.06 
496 1744.30 
497 1720.30 
498 1726.61 
499 1699.78 
500 1758.16 
501 1684.74 
502 1741.90 
503 1748.37 
504 1712.57 
505 1709.53 
506 1688.99 
507 1737.24 
508 1714.42 
509 1738.11 
510 1748.31 
511 1730.38 
512 1709.52 
513 1771.16 
514 1713.64 
515 1748.52 
516 1757.10 
517 1705.03 
518 1776.10 
519 1717.61 
520 1774.05 
521 1660.88 
522 1747.33 
523 1804.38 
524 1707.29 
525 1687.68 
526 1736.62 
527 1672.88 
528 1734.76 
529 1672.27 
530 1701.26 
531 1722.70 
532 1765.88 
533 1708.77 
534 1749.14 
535 1687.82 
536 1722.40 
537 1704.59 
538 1771.90 
539 1730.65 
540 1736.83 
541 1767.13 
542 1689.02 
543 1775.38 
544 1742.80 
545 1737.68 
546 1709.31 
547 1746.74 
548 1760.95 
549 1690.85 
550 1763.35 
551 1691.36 
552 1753.13 
553 1716.81 
554 1742.18 
555 1769.16 
556 1722.81 
557 1684.22 
558 1742.82 
559 1687.85 
560 1708.30 
561 1745.00 
562 1742.80 
563 1722.30 
564 1676.06 
565 1718.85 
566 1682.84 
567 1739.17 
568 1735.76 
569 1736.88 
570 1742.83 
571 1743.25 
572 1680.13 
573 1693.66 
574 1704.22 
575 1760.67 
576 1686.17 
577 1724.78 
578 1732.53 
579 1679.61 
580 1724.71 
581 1736.17 
582 1734.36 
583 1738.37 
584 1717.35 
585 1764.98 
586 1760.68 
587 1696.80 
588 1746.64 
589 1792.53 
590 1781.97 
591 1695.95 
592 1692.96 
593 1763.29 
594 1775.25 
595 1711.94 
596 1700.42 
597 1703.69 
598 1705.35 
599 1687.63 
600 1736.23 
601 1724.55 
602 1729.27 
603 1745.25 
604 1787.21 
605 1735.84 
606 1775.01 
607 1750.10 
608 1709.11 
609 1721.90 
610 1789.31 
611 1741.98 
612 1723.64 
613 1703.49 
614 1713.16 
615 1718.51 
616 1754.54 
617 1744.37 
618 1727.23 
619 1748.39 
620 1776.63 
621 1799.70 
622 1763.18 
623 1699.85 
624 1709.28 
625 1737.66 
626 1681.44 
627 1720.06 
628 1706.64 
629 1782.88 
630 1741.24 
631 1758.85 
632 1730.93 
633 1720.98 
634 1690.36 
635 1717.06 
636 1767.95 
637 1675.56 
638 1750.25 
639 1716.28 
640 1662.67 
641 1734.61 
642 1759.97 
643 1707.99 
644 1686.07 
645 1703.47 
646 1750.14 
647 1729.28 
648 1798.94 
649 1727.42 
650 1788.67 
651 1690.50 
652 1698.45 
653 1749.03 
654 1743.68 
655 1766.20 
656 1744.66 
657 1773.57 
658 1776.13 
659 1710.03 
660 1780.01 
661 1693.86 
662 1799.43 
663 1723.68 
664 1700.18 
665 1763.36 
666 1770.48 
667 1708.23 
668 1702.29 
669 1761.61 
670 1716.82 
671 1794.69 
672 1696.53 
673 1725.01 
674 1741.16 
675 1691.06 
676 1754.20 
677 1744.36 
678 1671.02 
679 1696.19 
680 1723.69 
681 1727.84 
682 1755.08 
683 1735.56 
684 1770.59 
685 1715.40 
686 1715.94 
687 1693.06 
688 1737.16 
689 1755.33 
690 1756.61 
691 1710.26 
692 1737.60 
693 1704.71 
694 1756.78 
695 1767.12 
696 1719.92 
697 1759.30 
698 1777.49 
699 1745.83 
700 1741.64 
701 1699.43 
702 1778.16 
703 1773.70 
704 1751.17 
705 1769.98 
706 1705.25 
707 1739.96 
708 1708.72 
709 1761.32 
710 1776.89 
711 1750.58 
712 1736.46 
713 1706.77 
714 1707.40 
715 1722.67 
716 1725.64 
717 1735.04 
718 1757.62 
719 1677.47 
720 1712.07 
721 1722.42 
722 1737.59 
723 1766.66 
724 1757.48 
725 1751.81 
726 1733.08 
727 1799.63 
728 1690.57 
729 1749.01 
730 1681.37 
731 1710.95 
732 1685.62 
733 1745.62 
734 1769.40 
735 1724.30 
736 1727.27 
737 1717.77 
738 1735.55 
739 1731.79 
740 1749.37 
741 1743.60 
742 1739.85 
743 1741.06 
744 1725.25 
745 1720.38 
746 1720.72 
747 1742.31 
748 1734.50 
749 1703.50 
750 1751.08 
751 1785.01 
752 1714.05 
753 1762.21 
754 1714.84 
755 1725.65 
756 1776.88 
757 1766.79 
758 1772.68 
759 1729.99 
760 1723.48 
761 1728.60 
762 1734.91 
763 1726.13 
764 1728.53 
765 1792.72 
766 1754.84 
767 1758.41 
768 1725.31 
769 1787.59 
770 1739.32 
771 1720.66 
772 1677.21 
773 1719.33 
774 1706.53 
775 1735.63 
776 1762.91 
777 1769.36 
778 1753.44 
779 1732.97 
780 1701.20 
781 1683.29 
782 1713.92 
783 1787.87 
784 1784.88 
785 1728.22 
786 1734.28 
787 1712.08 
788 1723.48 
789 1763.00 
790 1713.35 
791 1749.36 
792 1722.86 
793 1756.77 
794 1726.42 
795 1688.14 
796 1699.38 
797 1752.61 
798 1713.97 
799 1772.53 
800 1688.42 
801 1687.32 
802 1740.90 
803 1769.03 
804 1708.56 
805 1709.18 
806 1746.05 
807 1797.78 
808 1755.52 
809 1712.16 
810 1750.31 
811 1709.65 
812 1786.16 
813 1727.68 
814 1708.62 
815 1714.63 
816 1775.00 
817 1743.94 
818 1714.00 
819 1724.24 
820 1750.29 
821 1667.53 
822 1738.07 
823 1727.74 
824 1743.19 
825 1726.22 
826 1765.93 
827 1733.94 
828 1733.79 
829 1737.89 
830 1750.70 
831 1747.03 
832 1768.53 
833 1758.41 
834 1762.85 
835 1737.69 
836 1718.46 
837 1726.40 
838 1735.57 
839 1688.35 
840 1744.02 
841 1716.43 
842 1719.08 
843 1717.43 
844 1758.73 
845 1738.17 
846 1765.60 
847 1698.80 
848 1760.78 
849 1729.08 
850 1771.47 
851 1755.33 
852 1728.22 
853 1743.59 
854 1752.18 
855 1701.34 
856 1686.59 
857 1763.78 
858 1697.96 
859 1762.19 
860 1765.40 
861 1733.72 
862 1732.61 
863 1722.65 
864 1751.52 
865 1754.04 
866 1750.09 
867 1757.34 
868 1749.23 
869 1711.99 
870 1698.45 
871 1768.47 
872 1728.06 
873 1774.13 
874 1701.81 
875 1722.09 
876 1721.76 
877 1695.87 
878 1793.64 
879 1713.09 
880 1735.06 
881 1743.58 
882 1702.75 
883 1758.83 
884 1776.63 
885 1741.81 
886 1676.61 
887 1719.99 
888 1666.50 
889 1700.63 
890 1723.20 
891 1720.25 
892 1715.76 
893 1721.85 
894 1719.02 
895 1745.65 
896 1776.79 
897 1727.61 
898 1766.45 
899 1751.87 
900 1717.73 
901 1719.68 
902 1742.90 
903 1727.52 
904 1747.68 
905 1744.58 
906 1739.73 
907 1727.64 
908 1776.11 
909 1710.62 
910 1737.11 
911 1692.30 
912 1761.18 
913 1700.39 
914 1713.53 
915 1738.74 
916 1742.22 
917 1712.87 
918 1729.54 
919 1733.34 
920 1749.78 
921 1724.37 
922 1762.31 
923 1685.97 
924 1742.37 
925 1753.45 
926 1742.06 
927 1787.53 
928 1735.23 
929 1749.94 
930 1727.64 
931 1762.90 
932 1723.04 
933 1727.74 
934 1778.78 
935 1735.47 
936 1729.06 
937 1738.34 
938 1742.39 
939 1747.90 
940 1648.42 
941 1748.46 
942 1696.70 
943 1718.76 
944 1766.06 
945 1689.79 
946 1821.47 
947 1709.15 
948 1722.15 
949 1723.89 
950 1734.38 
951 1740.24 
952 1708.93 
953 1696.97 
954 1736.71 
955 1720.88 
956 1767.09 
957 1732.22 
958 1704.93 
959 1736.86 
960 1702.75 
961 1708.40 
962 1727.30 
963 1745.17 
964 1762.99 
965 1747.17 
966 1770.61 
967 1736.52 
968 1732.52 
969 1743.54 
970 1744.60 
971 1729.66 
972 1737.19 
973 1759.92 
974 1773.02 
975 1709.56 
976 1724.54 
977 1751.16 
978 1751.02 
979 1790.60 
980 1729.14 
981 1721.20 
982 1732.61 
983 1763.17 
984 1729.99 
985 1753.40 
986 1769.68 
987 1696.65 
988 1731.20 
989 1701.44 
990 1800.25 
991 1731.68 
992 1719.14 
993 1663.97 
994 1740.06 
995 1689.75 
996 1772.71 
997 1702.71 
998 1752.85 
999 1729.60 
1000 1736.47 
1001 1700.99 
1002 1765.06 
1003 1709.04 
1004 1786.20 
1005 1765.50 
1006 1717.97 
1007 1710.24 
1008 1745.31 
1009 1778.49 
1010 1722.47 
1011 1711.52 
1012 1685.38 
1013 1774.81 
1014 1688.24 
1015 1715.38 
1016 1698.65 
1017 1706.65 
1018 1722.25 
1019 1715.99 
1020 1712.99 
1021 1684.60 
1022 1737.58 
1023 1724.04 
1024 1686.61 
1025 1775.35 
1026 1706.96 
1027 1719.25 
1028 1749.10 
1029 1757.06 
1030 1766.42 
1031 1713.07 
1032 1767.13 
1033 1695.86 
1034 1724.08 
1035 1697.66 
1036 1745.36 
1037 1775.08 
1038 1744.08 
1039 1777.43 
1040 1790.04 
1041 1723.38 
1042 1720.14 
1043 1713.48 
1044 1713.79 
1045 1666.50 
1046 1759.09 
1047 1744.55 
1048 1815.46 
1049 1708.38 
1050 1733.33 
1051 1749.08 
1052 1709.12 
1053 1692.69 
1054 1697.53 
1055 1732.96 
1056 1722.59 
1057 1700.94 
1058 1733.76 
1059 1719.81 
1060 1731.38 
1061 1656.17 
1062 1719.62 
1063 1756.93 
1064 1705.52 
1065 1764.32 
1066 1742.98 
1067 1735.93 
1068 1758.98 
1069 1733.43 
1070 1713.23 
1071 1729.27 
1072 1738.12 
1073 1733.82 
1074 1729.15 
1075 1751.58 
1076 1748.11 
1077 1732.65 
1078 1780.57 
1079 1759.22 
1080 1654.05 
1081 1743.30 
1082 1767.76 
1083 1754.49 
1084 1655.44 
1085 1722.17 
1086 1733.65 
1087 1757.47 
1088 1692.21 
1089 1720.67 
1090 1675.08 
1091 1735.13 
1092 1794.41 
1093 1712.03 
1094 1720.48 
1095 1750.38 
1096 1741.90 
1097 1748.54 
1098 1739.10 
1099 1788.31 
1100 1757.01 
1101 1728.08 
1102 1714.35 
1103 1743.68 
1104 1768.96 
1105 1740.22 
1106 1728.45 
1107 1662.87 
1108 1720.08 
1109 1775.10 
1110 1751.75 
1111 1740.57 
1112 1751.13 
1113 1713.61 
1114 1708.40 
1115 1752.16 
1116 1718.16 
1117 1750.55 
1118 1706.93 
1119 1772.50 
1120 1756.60 
1121 1725.70 
1122 1723.38 
1123 1783.22 
1124 1677.16 
1125 1696.46 
1126 1772.38 
1127 1728.50 
1128 1731.28 
1129 1691.58 
1130 1750.33 
1131 1702.57 
1132 1755.49 
1133 1721.43 
1134 1745.75 
1135 1757.85 
1136 1658.20 
1137 1754.54 
1138 1656.99 
1139 1713.55 
1140 1696.17 
1141 1733.63 
1142 1771.59 
1143 1725.45 
1144 1663.89 
1145 1744.63 
1146 1769.71 
1147 1710.58 
1148 1779.50 
1149 1741.26 
1150 1714.00 
1151 1746.88 
1152 1698.14 
1153 1728.29 
1154 1765.63 
1155 1679.67 
1156 1719.27 
1157 1725.24 
1158 1761.48 
1159 1701.85 
1160 1780.14 
1161 1782.36 
1162 1749.85 
1163 1709.99 
1164 1660.38 
1165 1716.91 
1166 1746.37 
1167 1759.65 
1168 1754.59 
1169 1733.49 
1170 1712.97 
1171 1751.49 
1172 1778.44 
1173 1795.82 
1174 1704.79 
1175 1691.05 
1176 1775.16 
1177 1720.65 
1178 1738.34 
1179 1738.06 
1180 1758.83 
1181 1741.63 
1182 1740.89 
1183 1638.56 
1184 1742.54 
1185 1670.82 
1186 1725.16 
1187 1701.19 
1188 1733.32 
1189 1721.94 
1190 1696.29 
1191 1710.84 
1192 1720.95 
1193 1749.06 
1194 1692.71 
1195 1731.74 
1196 1750.96 
1197 1734.52 
1198 1768.22 
1199 1721.00 
1200 1692.06 
1201 1720.04 
1202 1754.05 
1203 1730.30 
1204 1720.29 
1205 1729.49 
1206 1738.79 
1207 1762.81 
1208 1794.86 
1209 1741.09 
1210 1750.87 
1211 1678.74 
1212 1714.01 
1213 1749.90 
1214 1750.45 
1215 1665.84 
1216 1710.08 
1217 1756.79 
1218 1779.33 
1219 1746.71 
1220 1741.27 
1221 1756.86 
1222 1767.96 
1223 1746.74 
1224 1758.88 
1225 1802.88 
1226 1712.58 
1227 1703.92 
1228 1733.71 
1229 1710.24 
1230 1751.60 
1231 1734.05 
1232 1767.15 
1233 1719.68 
1234 1714.92 
1235 1793.00 
1236 1684.36 
1237 1703.63 
1238 1695.89 
1239 1757.61 
1240 1711.22 
1241 1741.13 
1242 1743.78 
1243 1667.47 
1244 1701.10 
1245 1735.75 
1246 1675.21 
1247 1706.98 
1248 1783.20 
1249 1697.14 
1250 1792.51 
1251 1776.53 
1252 1781.27 
1253 1770.78 
1254 1729.47 
1255 1690.31 
1256 1690.70 
1257 1718.43 
1258 1735.95 
1259 1772.15 
1260 1669.87 
1261 1745.14 
1262 1743.46 
1263 1708.61 
1264 1759.00 
1265 1690.81 
1266 1705.11 
1267 1728.41 
1268 1726.52 
1269 1797.30 
1270 1715.62 
1271 1744.05 
1272 1754.37 
1273 1743.44 
1274 1739.42 
1275 1704.12 
1276 1703.02 
1277 1769.48 
1278 1793.23 
1279 1747.30 
1280 1727.53 
1281 1740.05 
1282 1699.90 
1283 1739.91 
1284 1716.42 
1285 1765.23 
1286 1750.45 
1287 1711.11 
1288 1690.06 
1289 1736.93 
1290 1771.18 
1291 1746.16 
1292 1768.12 
1293 1757.33 
1294 1727.90 
1295 1754.56 
1296 1754.12 
1297 1737.60 
1298 1730.83 
1299 1766.95 
1300 1683.12 
1301 1716.23 
1302 1767.53 
1303 1779.79 
1304 1739.22 
1305 1734.51 
1306 1775.65 
1307 1757.03 
1308 1710.58 
1309 1737.57 
1310 1740.82 
1311 1795.83 
1312 1726.52 
1313 1735.05 
1314 1726.89 
1315 1678.87 
1316 1707.34 
1317 1736.78 
1318 1748.23 
1319 1691.78 
1320 1708.95 
1321 1756.07 
1322 1768.58 
1323 1709.02 
1324 1688.36 
1325 1779.52 
1326 1716.12 
1327 1717.60 
1328 1761.59 
1329 1759.62 
1330 1742.32 
1331 1711.65 
1332 1721.41 
1333 1663.56 
1334 1713.43 
1335 1802.31 
1336 1721.53 
1337 1682.34 
1338 1716.31 
1339 1747.04 
1340 1722.20 
1341 1744.62 
1342 1716.14 
1343 1740.49 
1344 1788.57 
1345 1765.69 
1346 1738.40 
1347 1710.26 
1348 1751.95 
1349 1746.89 
1350 1763.86 
1351 1727.36 
1352 1762.82 
1353 1707.71 
1354 1714.70 
1355 1754.41 
1356 1714.40 
1357 1760.56 
1358 1783.68 
1359 1764.98 
1360 1781.76 
1361 1681.10 
1362 1728.43 
1363 1707.19 
1364 1767.97 
1365 1771.05 
1366 1763.56 
1367 1698.76 
1368 1786.16 
1369 1777.92 
1370 1722.40 
1371 1786.24 
1372 1795.66 
1373 1715.85 
1374 1803.03 
1375 1728.88 
1376 1710.36 
1377 1791.09 
1378 1693.45 
1379 1731.12 
1380 1736.68 
1381 1762.28 
1382 1712.52 
1383 1693.86 
1384 1758.79 
1385 1677.09 
1386 1765.36 
1387 1738.60 
1388 1670.43 
1389 1670.34 
1390 1746.59 
1391 1693.80 
1392 1756.48 
1393 1758.50 
1394 1705.34 
1395 1783.73 
1396 1720.92 
1397 1742.10 
1398 1680.68 
1399 1710.70 
1400 1692.17 
1401 1803.43 
1402 1753.56 
1403 1747.86 
1404 1756.86 
1405 1739.42 
1406 1699.34 
1407 1764.17 
1408 1724.73 
1409 1641.59 
1410 1748.49 
1411 1696.98 
1412 1734.06 
1413 1778.24 
1414 1736.55 
1415 1741.45 
1416 1736.98 
1417 1707.99 
1418 1704.79 
1419 1771.12 
1420 1658.95 
1421 1747.61 
1422 1694.81 
1423 1744.89 
1424 1729.15 
1425 1782.04 
1426 1713.95 
1427 1704.41 
1428 1785.61 
1429 1693.75 
1430 1755.38 
1431 1765.65 
1432 1720.65 
1433 1770.67 
1434 1782.01 
1435 1762.12 
1436 1725.89 
1437 1773.34 
1438 1693.56 
1439 1749.04 
1440 1690.32 
1441 1757.41 
1442 1747.44 
1443 1777.43 
1444 1733.04 
1445 1767.78 
1446 1767.67 
1447 1805.68 
1448 1637.00 
1449 1725.58 
1450 1706.73 
1451 1786.91 
1452 1738.33 
1453 1757.84 
1454 1711.07 
1455 1760.99 
1456 1770.90 
1457 1692.87 
1458 1664.00 
1459 1754.84 
1460 1729.57 
1461 1735.29 
1462 1742.27 
1463 1736.57 
1464 1718.12 
1465 1749.26 
1466 1747.78 
1467 1737.48 
1468 1748.12 
1469 1741.68 
1470 1747.26 
1471 1703.76 
1472 1762.56 
1473 1728.85 
1474 1742.47 
1475 1718.40 
1476 1726.56 
1477 1738.51 
1478 1784.25 
1479 1717.32 
1480 1734.38 
1481 1699.81 
1482 1791.55 
1483 1762.38 
1484 1798.10 
1485 1726.11 
1486 1758.44 
1487 1733.24 
1488 1734.25 
1489 1758.77 
1490 1746.75 
1491 1687.42 
1492 1773.14 
1493 1768.34 
1494 1747.17 
1495 1745.78 
1496 1755.74 
1497 1747.80 
1498 1735.72 
1499 1724.72 
1500 1744.59 
1501 1742.91 
1502 1754.84 
1503 1724.83 
1504 1716.91 
1505 1763.86 
1506 1715.60 
1507 1782.24 
1508 1718.51 
1509 1766.10 
1510 1744.96 
1511 1746.79 
1512 1781.96 
1513 1710.11 
1514 1781.64 
1515 1761.61 
1516 1743.35 
1517 1774.21 
1518 1732.02 
1519 1713.99 
1520 1681.50 
1521 1677.86 
1522 1703.03 
1523 1745.68 
1524 1735.86 
1525 1718.82 
1526 1716.24 
1527 1761.93 
1528 1737.43 
1529 1739.20 
1530 1677.32 
1531 1720.74 
1532 1743.63 
1533 1717.93 
1534 1749.08 
1535 1722.62 
1536 1728.32 
1537 1739.65 
1538 1718.58 
1539 1753.07 
1540 1755.41 
1541 1734.61 
1542 1795.73 
1543 1746.22 
1544 1733.87 
1545 1738.88 
1546 1733.24 
1547 1694.16 
1548 1705.86 
1549 1734.51 
1550 1755.89 
1551 1735.01 
1552 1760.47 
1553 1726.50 
1554 1757.94 
1555 1707.76 
1556 1727.65 
1557 1745.35 
1558 1730.47 
1559 1749.10 
1560 1769.36 
1561 1710.17 
1562 1661.78 
1563 1742.82 
1564 1695.42 
1565 1752.51 
1566 1751.38 
1567 1810.79 
1568 1719.04 
1569 1726.40 
1570 1739.04 
1571 1737.50 
1572 1714.34 
1573 1792.19 
1574 1785.19 
1575 1708.43 
1576 1743.00 
1577 1739.85 
1578 1756.90 
1579 1760.30 
1580 1721.47 
1581 1692.58 
1582 1737.71 
1583 1788.41 
1584 1770.50 
1585 1731.12 
1586 1716.81 
1587 1735.55 
1588 1744.28 
1589 1710.50 
1590 1724.41 
1591 1739.91 
1592 1786.59 
1593 1755.24 
1594 1757.19 
1595 1766.10 
1596 1787.34 
1597 1750.55 
1598 1696.05 
1599 1752.13 
1600 1814.54 
1601 1707.54 
1602 1705.63 
1603 1712.33 
1604 1756.75 
1605 1727.69 
1606 1774.54 
1607 1741.33 
1608 1748.96 
1609 1735.20 
1610 1773.16 
1611 1738.85 
1612 1730.99 
1613 1721.57 
1614 1747.33 
1615 1728.39 
1616 1765.09 
1617 1714.59 
1618 1751.07 
1619 1751.90 
1620 1783.15 
1621 1749.82 
1622 1795.46 
1623 1718.89 
1624 1740.79 
1625 1764.79 
1626 1761.84 
1627 1729.79 
1628 1684.66 
1629 1782.42 
1630 1729.18 
1631 1758.58 
1632 1740.23 
1633 1704.85 
1634 1696.66 
1635 1686.40 
1636 1725.98 
1637 1682.41 
1638 1723.14 
1639 1773.30 
1640 1706.66 
1641 1710.43 
1642 1748.81 
1643 1708.94 
1644 1758.79 
1645 1751.63 
1646 1752.07 
1647 1759.70 
1648 1753.81 
1649 1759.09 
1650 1742.83 
1651 1735.84 
1652 1739.89 
1653 1696.47 
1654 1747.21 
1655 1733.14 
1656 1774.38 
1657 1752.74 
1658 1748.38 
1659 1684.55 
1660 1691.23 
1661 1783.00 
1662 1725.10 
1663 1686.38 
1664 1748.66 
1665 1734.14 
1666 1774.41 
1667 1752.37 
1668 1760.19 
1669 1765.49 
1670 1716.30 
1671 1736.06 
1672 1736.51 
1673 1756.97 
1674 1769.42 
1675 1744.46 
1676 1721.68 
1677 1713.04 
1678 1744.60 
1679 1722.63 
1680 1747.30 
1681 1736.02 
1682 1742.08 
1683 1737.19 
1684 1734.03 
1685 1702.81 
1686 1722.01 
1687 1721.35 
1688 1724.93 
1689 1733.22 
1690 1765.26 
1691 1711.65 
1692 1758.72 
1693 1727.97 
1694 1744.79 
1695 1751.28 
1696 1748.32 
1697 1722.00 
1698 1724.58 
1699 1752.63 
1700 1711.16 
1701 1757.10 
1702 1798.23 
1703 1731.10 
1704 1713.90 
1705 1660.34 
1706 1736.30 
1707 1776.05 
1708 1664.63 
1709 1732.65 
1710 1671.10 
1711 1741.66 
1712 1754.54 
1713 1764.77 
1714 1730.23 
1715 1662.16 
1716 1696.72 
1717 1696.94 
1718 1778.80 
1719 1723.80 
1720 1744.11 
1721 1692.37 
1722 1781.03 
1723 1725.70 
1724 1748.45 
1725 1785.10 
1726 1739.90 
1727 1778.03 
1728 1776.24 
1729 1731.37 
1730 1682.79 
1731 1721.05 
1732 1736.32 
1733 1694.61 
1734 1729.46 
1735 1716.80 
1736 1730.42 
1737 1772.33 
1738 1746.64 
1739 1722.70 
1740 1725.58 
1741 1734.97 
1742 1739.79 
1743 1782.19 
1744 1723.59 
1745 1703.26 
1746 1790.37 
1747 1776.07 
1748 1750.37 
1749 1777.84 
1750 1725.30 
1751 1790.01 
1752 1698.79 
1753 1730.55 
1754 1770.76 
1755 1763.42 
1756 1708.90 
1757 1748.33 
1758 1733.63 
1759 1717.18 
1760 1722.67 
1761 1738.48 
1762 1784.63 
1763 1751.26 
1764 1755.01 
1765 1715.99 
1766 1753.32 
1767 1764.02 
1768 1768.23 
1769 1721.60 
1770 1735.74 
1771 1749.09 
1772 1730.90 
1773 1708.10 
1774 1725.81 
1775 1724.00 
1776 1687.84 
1777 1703.29 
1778 1732.40 
1779 1689.75 
1780 1715.28 
1781 1745.48 
1782 1785.98 
1783 1716.23 
1784 1745.94 
1785 1735.76 
1786 1748.50 
1787 1720.07 
1788 1742.09 
1789 1744.48 
1790 1743.46 
1791 1736.43 
1792 1743.47 
1793 1779.12 
1794 1763.40 
1795 1723.72 
1796 1714.18 
1797 1748.82 
1798 1723.87 
1799 1752.40 
1800 1758.39 
1801 1734.60 
1802 1777.98 
1803 1730.75 
1804 1725.13 
1805 1750.48 
1806 1695.22 
1807 1767.45 
1808 1708.82 
1809 1764.05 
1810 1758.50 
1811 1749.93 
1812 1741.81 
1813 1744.49 
1814 1739.97 
1815 1715.94 
1816 1729.47 
1817 1737.06 
1818 1726.51 
1819 1781.40 
1820 1746.75 
1821 1723.20 
1822 1710.40 
1823 1734.66 
1824 1718.88 
1825 1796.10 
1826 1776.42 
1827 1755.14 
1828 1690.09 
1829 1750.63 
1830 1743.21 
1831 1720.60 
1832 1698.70 
1833 1840.61 
1834 1749.88 
1835 1715.05 
1836 1727.27 
1837 1758.07 
1838 1717.89 
1839 1746.91 
1840 1758.97 
1841 1736.82 
1842 1776.31 
1843 1727.22 
1844 1681.65 
1845 1759.04 
1846 1751.58 
1847 1724.21 
1848 1686.49 
1849 1731.61 
1850 1749.36 
1851 1718.01 
1852 1781.59 
1853 1714.51 
1854 1743.09 
1855 1710.43 
1856 1702.22 
1857 1763.56 
1858 1752.31 
1859 1726.72 
1860 1736.23 
1861 1760.84 
1862 1710.09 
1863 1711.63 
1864 1724.34 
1865 1731.05 
1866 1747.48 
1867 1752.01 
1868 1703.39 
1869 1764.32 
1870 1729.34 
1871 1791.53 
1872 1756.58 
1873 1773.23 
1874 1771.84 
1875 1750.32 
1876 1727.77 
1877 1762.45 
1878 1738.13 
1879 1724.38 
1880 1712.19 
1881 1720.00 
1882 1724.72 
1883 1731.73 
1884 1746.02 
1885 1775.49 
1886 1724.61 
1887 1700.10 
1888 1740.63 
1889 1804.74 
1890 1722.41 
1891 1720.26 
1892 1758.87 
1893 1709.07 
1894 1755.00 
1895 1677.14 
1896 1768.03 
1897 1781.08 
1898 1749.45 
1899 1748.80 
1900 1736.60 
1901 1742.84 
1902 1733.07 
1903 1792.30 
1904 1787.32 
1905 1754.69 
1906 1689.60 
1907 1695.03 
1908 1737.75 
1909 1766.39 
1910 1715.45 
1911 1748.85 
1912 1759.09 
1913 1719.15 
1914 1761.96 
1915 1751.41 
1916 1779.50 
1917 1762.18 
1918 1735.14 
1919 1722.28 
1920 1731.07 
1921 1687.97 
1922 1722.83 
1923 1755.75 
1924 1737.32 
1925 1732.47 
1926 1732.75 
1927 1732.78 
1928 1743.52 
1929 1731.35 
1930 1787.97 
1931 1749.47 
1932 1701.72 
1933 1702.06 
1934 1766.82 
1935 1709.58 
1936 1696.65 
1937 1682.62 
1938 1748.93 
1939 1740.33 
1940 1721.67 
1941 1774.77 
1942 1730.57 
1943 1702.76 
1944 1746.71 
1945 1762.17 
1946 1723.57 
1947 1710.83 
1948 1718.64 
1949 1710.39 
1950 1739.15 
1951 1727.79 
1952 1702.52 
1953 1757.28 
1954 1710.70 
1955 1766.78 
1956 1749.77 
1957 1764.87 
1958 1725.24 
1959 1741.54 
1960 1723.16 
1961 1683.23 
1962 1729.05 
1963 1790.83 
1964 1735.22 
1965 1741.21 
1966 1731.24 
1967 1763.65 
1968 1763.47 
1969 1736.83 
1970 1755.30 
1971 1761.24 
1972 1762.12 
1973 1730.70 
1974 1755.48 
1975 1729.51 
1976 1686.81 
1977 1720.25 
1978 1734.84 
1979 1666.68 
1980 1697.06 
1981 1712.62 
1982 1748.88 
1983 1727.72 
1984 1765.75 
1985 1718.86 
1986 1720.14 
1987 1753.43 
1988 1737.47 
1989 1709.83 
1990 1741.49 
1991 1755.86 
1992 1778.63 
1993 1743.87 
1994 1736.49 
1995 1740.80 
1996 1757.07 
1997 1694.95 
1998 1760.39 
1999 1735.24 
2000 1723.03 
2001 1702.28 
2002 1759.72 
2003 1717.51 
2004 1726.41 
2005 1755.33 
2006 1681.79 
2007 1756.60 
2008 1738.16 
2009 1774.10 
2010 1726.90 
2011 1702.72 
2012 1715.69 
2013 1714.60 
2014 1798.12 
2015 1760.23 
2016 1712.67 
2017 1691.13 
2018 1738.91 
2019 1650.37 
2020 1806.54 
2021 1756.55 
2022 1789.04 
2023 1728.50 
2024 1733.60 
2025 1758.45 
2026 1761.30 
2027 1748.17 
2028 1750.09 
2029 1763.45 
2030 1727.56 
2031 1730.56 
2032 1728.12 
2033 1735.21 
2034 1725.94 
2035 1762.72 
2036 1688.15 
2037 1717.15 
2038 1718.39 
2039 1764.39 
2040 1760.09 
2041 1748.87 
2042 1748.38 
2043 1723.38 
2044 1748.38 
2045 1740.61 
2046 1760.86 
2047 1785.71 
2048 1765.41 
2049 1724.58 
2050 1752.43 
2051 1750.67 
2052 1720.07 
2053 1735.02 
2054 1732.81 
2055 1688.02 
2056 1710.66 
2057 1787.23 
2058 1711.87 
2059 1713.86 
2060 1761.79 
2061 1691.09 
2062 1679.24 
2063 1762.09 
2064 1753.02 
2065 1719.38 
2066 1702.39 
2067 1743.33 
2068 1684.56 
2069 1711.44 
2070 1747.02 
2071 1722.69 
2072 1719.79 
2073 1765.63 
2074 1726.36 
2075 1682.13 
2076 1768.65 
2077 1750.76 
2078 1724.24 
2079 1749.40 
2080 1759.38 
2081 1715.00 
2082 1711.82 
2083 1804.99 
2084 1823.99 
2085 1778.73 
2086 1750.60 
2087 1723.15 
2088 1751.25 
2089 1736.15 
2090 1781.08 
2091 1726.24 
2092 1746.84 
2093 1753.63 
2094 1695.71 
2095 1762.45 
2096 1736.41 
2097 1727.62 
2098 1756.68 
2099 1758.78 
2100 1737.26 
2101 1691.26 
2102 1747.39 
2103 1703.02 
2104 1727.53 
2105 1746.98 
2106 1739.92 
2107 1740.11 
2108 1748.51 
2109 1784.40 
2110 1768.19 
2111 1732.94 
2112 1741.35 
2113 1718.21 
2114 1697.85 
2115 1750.61 
2116 1694.20 
2117 1751.12 
2118 1670.13 
2119 1757.77 
2120 1694.67 
2121 1734.77 
2122 1738.10 
2123 1743.25 
2124 1749.43 
2125 1776.37 
2126 1678.71 
2127 1778.02 
2128 1719.55 
2129 1743.98 
2130 1769.27 
2131 1741.48 
2132 1772.73 
2133 1688.92 
2134 1728.94 
2135 1704.08 
2136 1807.83 
2137 1760.32 
2138 1756.10 
2139 1724.70 
2140 1737.07 
2141 1718.07 
2142 1743.12 
2143 1747.45 
2144 1783.50 
2145 1747.58 
2146 1750.73 
2147 1787.35 
2148 1708.86 
2149 1770.72 
2150 1744.71 
2151 1730.59 
2152 1703.19 
2153 1715.99 
2154 1740.47 
2155 1778.55 
2156 1771.61 
2157 1679.96 
2158 1774.59 
2159 1725.15 
2160 1689.97 
2161 1716.91 
2162 1724.88 
2163 1751.68 
2164 1724.34 
2165 1739.90 
2166 1791.70 
2167 1730.72 
2168 1742.32 
2169 1757.63 
2170 1727.53 
2171 1757.54 
2172 1747.67 
2173 1757.95 
2174 1740.29 
2175 1747.28 
2176 1745.46 
2177 1715.17 
2178 1664.80 
2179 1748.42 
2180 1751.87 
2181 1765.06 
2182 1761.11 
2183 1730.76 
2184 1717.97 
2185 1773.09 
2186 1751.80 
2187 1697.49 
2188 1713.11 
2189 1747.68 
2190 1749.37 
2191 1731.11 
2192 1753.16 
2193 1728.62 
2194 1747.62 
2195 1744.56 
2196 1702.11 
2197 1790.29 
2198 1756.77 
2199 1687.75 
2200 1723.25 
2201 1691.04 
2202 1683.67 
2203 1748.94 
2204 1717.39 
2205 1754.75 
2206 1771.27 
2207 1748.04 
2208 1782.10 
2209 1706.83 
2210 1696.00 
2211 1695.70 
2212 1739.06 
2213 1722.59 
2214 1728.57 
2215 1715.89 
2216 1729.60 
2217 1766.83 
2218 1766.49 
2219 1739.35 
2220 1696.88 
2221 1739.35 
2222 1771.57 
2223 1730.52 
2224 1782.83 
2225 1738.71 
2226 1725.27 
2227 1726.58 
2228 1753.94 
2229 1711.20 
2230 1700.28 
2231 1704.89 
2232 1750.94 
2233 1740.00 
2234 1716.46 
2235 1752.13 
2236 1740.10 
2237 1733.78 
2238 1721.91 
2239 1665.21 
2240 1756.68 
2241 1681.83 
2242 1680.03 
2243 1736.85 
2244 1692.17 
2245 1782.61 
2246 1700.85 
2247 1751.92 
2248 1757.87 
2249 1753.71 
2250 1700.27 
2251 1747.08 
2252 1756.71 
2253 1727.15 
2254 1681.78 
2255 1724.43 
2256 1763.48 
2257 1721.24 
2258 1700.26 
2259 1690.52 
2260 1781.00 
2261 1750.90 
2262 1738.52 
2263 1791.67 
2264 1719.22 
2265 1732.30 
2266 1782.62 
2267 1758.58 
2268 1740.29 
2269 1785.68 
2270 1669.21 
2271 1689.13 
2272 1743.29 
2273 1756.86 
2274 1711.30 
2275 1722.92 
2276 1712.78 
2277 1752.83 
2278 1759.11 
2279 1749.75 
2280 1703.97 
2281 1746.81 
2282 1772.14 
2283 1741.32 
2284 1727.83 
2285 1736.88 
2286 1693.88 
2287 1712.75 
2288 1666.69 
2289 1766.33 
2290 1715.53 
2291 1761.68 
2292 1720.70 
2293 1773.96 
2294 1746.88 
2295 1719.88 
2296 1730.64 
2297 1792.26 
2298 1721.43 
2299 1782.13 
2300 1764.27 
2301 1759.52 
2302 1709.13 
2303 1676.92 
2304 1719.04 
2305 1711.66 
2306 1736.43 
2307 1728.20 
2308 1727.09 
2309 1697.97 
2310 1763.01 
2311 1771.00 
2312 1721.74 
2313 1746.07 
2314 1703.24 
2315 1729.94 
2316 1779.63 
2317 1644.59 
2318 1754.91 
2319 1712.51 
2320 1720.35 
2321 1752.46 
2322 1750.01 
2323 1759.55 
2324 1765.21 
2325 1751.09 
2326 1729.50 
2327 1795.37 
2328 1757.19 
2329 1666.23 
2330 1716.97 
2331 1744.98 
2332 1686.73 
2333 1792.94 
2334 1754.86 
2335 1739.12 
2336 1770.02 
2337 1731.00 
2338 1754.34 
2339 1699.91 
2340 1765.78 
2341 1761.97 
2342 1744.77 
2343 1733.84 
2344 1743.15 
2345 1755.11 
2346 1710.14 
2347 1730.13 
2348 1725.98 
2349 1790.94 
2350 1764.07 
2351 1774.75 
2352 1745.92 
2353 1759.62 
2354 1760.68 
2355 1745.11 
2356 1728.37 
2357 1731.65 
2358 1727.19 
2359 1719.54 
2360 1760.86 
2361 1731.79 
2362 1743.67 
2363 1722.37 
2364 1769.45 
2365 1759.99 
2366 1696.01 
2367 1725.61 
2368 1771.60 
2369 1709.13 
2370 1711.31 
2371 1713.98 
2372 1758.97 
2373 1782.64 
2374 1740.30 
2375 1760.50 
2376 1726.57 
2377 1762.56 
2378 1729.35 
2379 1671.16 
2380 1761.95 
2381 1699.57 
2382 1693.46 
2383 1728.15 
2384 1697.47 
2385 1749.35 
2386 1815.05 
2387 1801.59 
2388 1701.98 
2389 1789.60 
2390 1723.70 
2391 1767.51 
2392 1689.99 
2393 1713.94 
2394 1730.74 
2395 1779.63 
2396 1770.51 
2397 1700.43 
2398 1730.96 
2399 1772.66 
2400 1745.14 
2401 1760.38 
2402 1747.35 
2403 1769.52 
2404 1679.73 
2405 1743.89 
2406 1747.27 
2407 1728.36 
2408 1756.00 
2409 1749.94 
2410 1681.92 
2411 1716.78 
2412 1747.03 
2413 1743.05 
0 1756.98 
1 1775.60 
2 1702.08 
3 1707.07 
4 1714.86 
5 1691.07 
6 1755.82 
7 1759.88 
8 1706.31 
9 1675.51 
10 1715.68 
11 1745.83 
12 1785.65 
13 1811.75 
14 1740.46 
15 1738.57 
16 1691.08 
17 1704.07 
18 1777.72 
19 1735.45 
20 1693.53 
21 1713.71 
22 1726.67 
23 1684.95 
24 1682.71 
25 1777.86 
26 1754.46 
27 1772.82 
28 1736.44 
29 1710.24 
30 1747.62 
31 1730.11 
32 1775.24 
33 1742.27 
34 1683.07 
35 1689.11 
36 1772.59 
37 1758.68 
38 1801.57 
39 1742.43 
40 1727.13 
41 1782.63 
42 1744.20 
43 1692.42 
44 1711.59 
45 1750.07 
46 1731.98 
47 1817.38 
48 1703.24 
49 1708.95 
50 1698.96 
51 1713.36 
52 1741.36 
53 1722.81 
54 1728.75 
55 1745.33 
56 1702.69 
57 1714.52 
58 1702.59 
59 1731.15 
60 1734.70 
61 1737.26 
62 1750.49 
63 1695.17 
64 1786.59 
65 1765.78 
66 1665.62 
67 1729.40 
68 1717.33 
69 1751.35 
70 1767.63 
71 1697.65 
72 1714.54 
73 1757.34 
74 1701.34 
75 1706.88 
76 1763.88 
77 1739.91 
78 1763.17 
79 1729.47 
80 1761.24 
81 1769.12 
82 1704.66 
83 1765.83 
84 1743.50 
85 1807.41 
86 1808.89 
87 1790.05 
88 1715.63 
89 1682.78 
90 1731.76 
91 1775.76 
92 1746.70 
93 1737.32 
94 1716.67 
95 1752.56 
96 1715.47 
97 1704.68 
98 1703.55 
99 1723.25 
100 1717.88 
101 1705.62 
102 1714.45 
103 1756.54 
104 1740.88 
105 1768.25 
106 1804.02 
107 1724.69 
108 1731.01 
109 1723.73 
110 1780.72 
111 1749.36 
112 1722.47 
113 1704.80 
114 1718.07 
115 1725.79 
116 1747.17 
117 1755.36 
118 1699.64 
119 1753.24 
120 1776.99 
121 1749.82 
122 1770.52 
123 1763.42 
124 1722.17 
125 1749.62 
126 1769.27 
127 1733.22 
128 1744.16 
129 1725.58 
130 1750.40 
131 1761.48 
132 1747.04 
133 1724.63 
134 1737.83 
135 1700.73 
136 1725.23 
137 1747.01 
138 1684.22 
139 1742.40 
140 1745.12 
141 1735.71 
142 1759.34 
143 1714.86 
144 1701.36 
145 1698.36 
146 1760.08 
147 1743.77 
148 1740.96 
149 1741.97 
150 1776.03 
151 1718.88 
152 1747.08 
153 1782.98 
154 1710.66 
155 1696.98 
156 1735.68 
157 1735.34 
158 1759.82 
159 1709.90 
160 1723.75 
161 1744.62 
162 1751.55 
163 1757.71 
164 1680.02 
165 1708.29 
166 1725.34 
167 1766.61 
168 1730.47 
169 1780.00 
170 1695.98 
171 1731.49 
172 1767.40 
173 1765.51 
174 1741.27 
175 1783.73 
176 1733.19 
177 1716.72 
178 1722.55 
179 1717.90 
180 1699.14 
181 1695.26 
182 1747.30 
183 1760.63 
184 1677.65 
185 1749.35 
186 1767.96 
187 1748.57 
188 1764.04 
189 1702.67 
190 1716.93 
191 1710.82 
192 1729.30 
193 1719.99 
194 1705.28 
195 1745.72 
196 1757.46 
197 1774.58 
198 1798.19 
199 1751.24 
200 1757.34 
201 1677.20 
202 1774.05 
203 1732.36 
204 1778.27 
205 1763.41 
206 1715.27 
207 1678.78 
208 1685.28 
209 1742.08 
210 1808.42 
211 1797.18 
212 1744.99 
213 1732.92 
214 1749.87 
215 1761.43 
216 1732.55 
217 1757.24 
218 1709.15 
219 1715.64 
220 1741.38 
221 1795.86 
222 1723.57 
223 1651.31 
224 1714.53 
225 1773.57 
226 1729.55 
227 1753.01 
228 1739.27 
229 1765.25 
230 1776.24 
231 1732.81 
232 1737.61 
233 1684.46 
234 1793.13 
235 1756.23 
236 1764.75 
237 1698.59 
238 1728.78 
239 1706.17 
240 1745.91 
241 1731.10 
242 1742.95 
243 1704.40 
244 1723.39 
245 1742.92 
246 1722.60 
247 1665.42 
248 1743.34 
249 1712.61 
250 1684.19 
251 1679.36 
252 1739.74 
253 1682.17 
254 1728.77 
255 1771.31 
256 1702.73 
257 1759.20 
258 1746.66 
259 1714.29 
260 1782.42 
261 1689.66 
262 1728.50 
263 1718.78 
264 1723.04 
265 1721.67 
266 1730.70 
267 1706.82 
268 1758.15 
269 1734.09 
270 1775.03 
271 1740.65 
272 1708.85 
273 1736.63 
274 1691.72 
275 1762.41 
276 1711.36 
277 1739.51 
278 1731.56 
279 1720.36 
280 1769.10 
281 1716.44 
282 1732.10 
283 1742.59 
284 1748.62 
285 1772.57 
286 1772.60 
287 1754.12 
288 1749.91 
289 1752.33 
290 1700.07 
291 1816.35 
292 1780.06 
293 1748.39 
294 1755.93 
295 1726.60 
296 1746.88 
297 1688.69 
298 1784.20 
299 1780.34 
300 1727.14 
301 1713.67 
302 1687.27 
303 1708.55 
304 1777.48 
305 1780.23 
306 1727.72 
307 1738.51 
308 1744.21 
309 1725.14 
310 1789.26 
311 1717.11 
312 1809.70 
313 1785.55 
314 1672.88 
315 1727.45 
316 1713.42 
317 1692.92 
318 1720.67 
319 1758.20 
320 1753.32 
321 1686.51 
322 1718.29 
323 1707.11 
324 1746.35 
325 1755.17 
326 1741.53 
327 1726.91 
328 1736.84 
329 1722.64 
330 1735.12 
331 1674.39 
332 1717.43 
333 1731.22 
334 1738.94 
335 1716.45 
336 1767.35 
337 1725.20 
338 1764.70 
339 1726.89 
340 1752.38 
341 1737.98 
342 1658.48 
343 1714.36 
344 1718.43 
345 1764.62 
346 1753.89 
347 1709.78 
348 1738.93 
349 1680.55 
350 1718.24 
351 1702.07 
352 1767.24 
353 1757.42 
354 1737.50 
355 1709.90 
356 1706.64 
357 1777.02 
358 1773.67 
359 1720.44 
360 1758.33 
361 1710.31 
362 1759.78 
363 1728.05 
364 1779.16 
365 1623.34 
366 1730.80 
367 1741.68 
368 1713.61 
369 1711.61 
370 1658.03 
371 1768.46 
372 1738.98 
373 1757.01 
374 1734.94 
375 1738.16 
376 1749.92 
377 1732.67 
378 1700.13 
379 1775.07 
380 1708.48 
381 1744.17 
382 1722.96 
383 1690.33 
384 1716.96 
385 1682.14 
386 1769.32 
387 1708.61 
388 1782.08 
389 1704.40 
390 1707.31 
391 1721.57 
392 1665.39 
393 1757.97 
394 1724.05 
395 1777.29 
396 1769.31 
397 1749.19 
398 1766.58 
399 1790.64 
400 1735.25 
401 1780.54 
402 1758.32 
403 1722.06 
404 1762.57 
405 1717.79 
406 1752.62 
407 1746.43 
408 1754.20 
409 1817.75 
410 1755.35 
411 1763.22 
412 1741.77 
413 1698.21 
414 1780.99 
415 1735.26 
416 1753.28 
417 1668.00 
418 1721.47 
419 1733.47 
420 1776.27 
421 1764.72 
422 1703.52 
423 1748.08 
424 1773.97 
425 1748.00 
426 1717.93 
427 1745.40 
428 1703.66 
429 1707.23 
430 1753.09 
431 1725.46 
432 1758.00 
433 1726.28 
434 1681.35 
435 1700.66 
436 1754.28 
437 1734.22 
438 1762.87 
439 1725.91 
440 1712.78 
441 1778.05 
442 1734.32 
443 1748.10 
444 1754.58 
445 1737.15 
446 1749.97 
447 1702.14 
448 1717.19 
449 1773.00 
450 1679.60 
451 1762.92 
452 1756.29 
453 1722.92 
454 1747.73 
455 1743.56 
456 1763.72 
457 1735.77 
458 1689.25 
459 1743.30 
460 1709.29 
461 1723.33 
462 1760.64 
463 1760.08 
464 1755.23 
465 1728.77 
466 1706.57 
467 1746.18 
468 1697.15 
469 1707.10 
470 1756.79 
471 1755.84 
472 1722.94 
473 1758.00 
474 1760.71 
475 1743.35 
476 1783.60 
477 1692.50 
478 1728.50 
479 1778.11 
480 1772.40 
481 1774.67 
482 1726.54 
483 1792.36 
484 1695.35 
485 1679.27 
486 1749.46 
487 1745.77 
488 1737.13 
489 1810.58 
490 1752.36 
491 1754.86 
492 1751.64 
493 1705.70 
494 1723.86 
495 1757.17 
496 1734.95 
497 1751.22 
498 1765.52 
499 1751.10 
500 1734.44 
501 1681.43 
502 1768.58 
503 1756.71 
504 1761.00 
505 1729.35 
506 1755.26 
507 1735.55 
508 1723.66 
509 1742.02 
510 1744.50 
511 1749.21 
512 1723.01 
513 1739.02 
514 1721.50 
515 1712.19 
516 1714.92 
517 1733.87 
518 1763.33 
519 1745.87 
520 1751.98 
521 1711.99 
522 1730.55 
523 1806.30 
524 1715.98 
525 1756.08 
526 1715.69 
527 1761.24 
528 1744.12 
529 1685.88 
530 1801.15 
531 1704.52 
532 1763.43 
533 1722.12 
534 1735.99 
535 1715.82 
536 1745.72 
537 1772.25 
538 1727.72 
539 1700.24 
540 1739.54 
541 1753.71 
542 1799.74 
543 1734.76 
544 1754.72 
545 1749.23 
546 1746.84 
547 1685.12 
548 1730.18 
549 1692.24 
550 1683.91 
551 1755.19 
552 1747.91 
553 1702.62 
554 1723.35 
555 1769.42 
556 1759.63 
557 1715.81 
558 1728.84 
559 1737.27 
560 1777.34 
561 1682.60 
562 1709.53 
563 1730.58 
564 1716.73 
565 1766.83 
566 1745.44 
567 1768.20 
568 1748.57 
569 1729.27 
570 1743.89 
571 1771.97 
572 1738.98 
573 1734.17 
574 1750.37 
575 1659.82 
576 1731.61 
577 1699.83 
578 1750.51 
579 1764.57 
580 1716.91 
581 1676.28 
582 1737.58 
583 1721.36 
584 1755.62 
585 1745.67 
586 1766.76 
587 1721.62 
588 1708.37 
589 1762.98 
590 1731.27 
591 1710.62 
592 1768.36 
593 1705.70 
594 1764.24 
595 1712.85 
596 1725.11 
597 1744.43 
598 1635.60 
599 1709.21 
600 1768.57 
601 1780.16 
602 1712.82 
603 1761.83 
604 1704.08 
605 1721.09 
606 1750.44 
607 1713.94 
608 1715.55 
609 1762.32 
610 1756.26 
611 1690.97 
612 1740.67 
613 1805.98 
614 1756.05 
615 1726.24 
616 1690.19 
617 1755.39 
618 1675.41 
619 1754.71 
620 1714.35 
621 1697.87 
622 1725.00 
623 1717.33 
624 1734.15 
625 1728.71 
626 1741.47 
627 1716.20 
628 1799.63 
629 1764.90 
630 1691.20 
631 1771.00 
632 1767.82 
633 1741.84 
634 1741.74 
635 1754.15 
636 1745.04 
637 1683.97 
638 1752.32 
639 1768.15 
640 1759.43 
641 1726.16 
642 1667.33 
643 1729.27 
644 1670.13 
645 1780.78 
646 1727.22 
647 1726.74 
648 1753.69 
649 1776.32 
650 1720.42 
651 1746.42 
652 1734.27 
653 1715.60 
654 1748.35 
655 1749.30 
656 1746.26 
657 1703.54 
658 1775.22 
659 1729.82 
660 1746.01 
661 1715.33 
662 1778.15 
663 1743.88 
664 1751.98 
665 1794.70 
666 1752.80 
667 1695.44 
668 1688.79 
669 1714.81 
670 1775.18 
671 1728.10 
672 1720.17 
673 1784.34 
674 1790.78 
675 1761.73 
676 1746.59 
677 1775.32 
678 1709.00 
679 1721.17 
680 1740.06 
681 1733.28 
682 1782.13 
683 1763.78 
684 1769.24 
685 1740.88 
686 1691.21 
687 1719.82 
688 1713.95 
689 1741.81 
690 1701.28 
691 1771.62 
692 1755.51 
693 1783.60 
694 1774.75 
695 1758.09 
696 1741.71 
697 1753.69 
698 1783.64 
699 1815.10 
700 1740.59 
701 1745.80 
702 1705.59 
703 1733.95 
704 1731.67 
705 1774.70 
706 1761.68 
707 1763.64 
708 1726.53 
709 1767.33 
710 1725.00 
711 1727.51 
712 1721.77 
713 1763.54 
714 1746.90 
715 1779.11 
716 1737.23 
717 1765.51 
718 1737.20 
719 1731.57 
720 1725.11 
721 1698.53 
722 1710.01 
723 1738.52 
724 1763.41 
725 1749.38 
726 1753.60 
727 1729.19 
728 1660.87 
729 1744.66 
730 1733.16 
731 1744.63 
732 1765.23 
733 1691.48 
734 1712.97 
735 1751.26 
736 1757.08 
737 1696.08 
738 1763.79 
739 1786.38 
740 1706.82 
741 1725.06 
742 1783.65 
743 1757.24 
744 1712.00 
745 1780.07 
746 1790.61 
747 1677.02 
748 1716.59 
749 1736.77 
750 1753.96 
751 1739.38 
752 1733.64 
753 1757.12 
754 1796.08 
755 1731.46 
756 1754.33 
757 1758.44 
758 1710.66 
759 1744.91 
760 1771.44 
761 1737.05 
762 1751.94 
763 1775.69 
764 1769.82 
765 1713.11 
766 1751.01 
767 1704.77 
768 1696.06 
769 1732.85 
770 1742.35 
771 1803.92 
772 1755.02 
773 1750.56 
774 1750.43 
775 1710.65 
776 1753.29 
777 1702.77 
778 1703.49 
779 1746.36 
780 1726.84 
781 1754.23 
782 1774.32 
783 1716.18 
784 1703.19 
785 1728.10 
786 1767.88 
787 1806.04 
788 1713.65 
789 1677.51 
790 1744.91 
791 1744.95 
792 1768.27 
793 1765.11 
794 1755.10 
795 1751.86 
796 1815.26 
797 1744.95 
798 1765.75 
799 1759.92 
800 1757.17 
801 1756.32 
802 1742.70 
803 1736.39 
804 1733.88 
805 1790.82 
806 1723.11 
807 1780.95 
808 1737.35 
809 1741.00 
810 1764.93 
811 1735.56 
812 1726.55 
813 1797.38 
814 1714.80 
815 1759.54 
816 1737.39 
817 1800.07 
818 1709.64 
819 1715.61 
820 1758.11 
821 1784.61 
822 1751.49 
823 1775.15 
824 1762.72 
825 1719.55 
826 1741.79 
827 1714.72 
828 1703.30 
829 1744.59 
830 1763.73 
831 1716.49 
832 1756.39 
833 1754.42 
834 1758.54 
835 1750.02 
836 1790.30 
837 1755.29 
838 1693.58 
839 1755.26 
840 1747.19 
841 1693.64 
842 1738.35 
843 1709.26 
844 1711.05 
845 1755.51 
846 1744.25 
847 1714.91 
848 1692.86 
849 1716.28 
850 1704.05 
851 1711.14 
852 1733.77 
853 1780.54 
854 1710.60 
855 1695.20 
856 1724.24 
857 1745.15 
858 1774.13 
859 1774.92 
860 1682.06 
861 1768.17 
862 1754.11 
863 1693.75 
864 1687.59 
865 1700.72 
866 1752.23 
867 1747.04 
868 1726.78 
869 1700.21 
870 1685.10 
871 1705.31 
872 1779.79 
873 1707.10 
874 1720.73 
875 1757.54 
876 1741.42 
877 1799.57 
878 1754.69 
879 1703.84 
880 1773.86 
881 1747.99 
882 1727.67 
883 1765.92 
884 1710.96 
885 1745.00 
886 1787.47 
887 1762.19 
888 1741.52 
889 1690.56 
890 1720.83 
891 1736.71 
892 1710.35 
893 1758.00 
894 1678.86 
895 1760.38 
896 1672.25 
897 1702.03 
898 1754.16 
899 1762.30 
900 1701.97 
901 1715.84 
902 1753.87 
903 1760.35 
904 1788.49 
905 1721.63 
906 1802.89 
907 1764.26 
908 1701.76 
909 1722.30 
910 1707.43 
911 1731.91 
912 1799.76 
913 1761.11 
914 1757.66 
915 1745.06 
916 1741.60 
917 1709.13 
918 1770.21 
919 1689.64 
920 1685.02 
921 1740.59 
922 1730.37 
923 1715.62 
924 1673.25 
925 1724.88 
926 1728.21 
927 1772.51 
928 1698.01 
929 1778.06 
930 1758.02 
931 1723.46 
932 1770.40 
933 1769.50 
934 1706.01 
935 1715.43 
936 1739.53 
937 1679.84 
938 1721.75 
939 1719.59 
940 1753.11 
941 1776.14 
942 1769.77 
943 1703.19 
944 1718.09 
945 1696.36 
946 1692.83 
947 1723.28 
948 1751.94 
949 1737.55 
950 1735.15 
951 1717.72 
952 1748.71 
953 1732.28 
954 1750.65 
955 1729.27 
956 1707.00 
957 1746.75 
958 1800.70 
959 1703.43 
960 1764.56 
961 1752.53 
962 1761.69 
963 1734.95 
964 1736.57 
965 1772.61 
966 1747.74 
967 1705.48 
968 1707.34 
969 1718.32 
970 1738.10 
971 1719.59 
972 1689.22 
973 1740.85 
974 1740.19 
975 1712.86 
976 1778.51 
977 1753.10 
978 1789.25 
979 1782.54 
980 1729.69 
981 1688.26 
982 1767.48 
983 1737.88 
984 1711.98 
985 1700.39 
986 1704.63 
987 1744.24 
988 1756.51 
989 1726.13 
990 1720.34 
991 1734.28 
992 1725.42 
993 1718.66 
994 1734.97 
995 1709.64 
996 1719.22 
997 1714.93 
998 1749.48 
999 1780.20 
1000 1752.81 
1001 1783.05 
1002 1754.69 
1003 1720.76 
1004 1730.49 
1005 1766.93 
1006 1713.84 
1007 1725.14 
1008 1747.59 
1009 1738.48 
1010 1752.50 
1011 1742.88 
1012 1721.87 
1013 1683.15 
1014 1783.50 
1015 1762.15 
1016 1723.56 
1017 1716.20 
1018 1752.31 
1019 1725.74 
1020 1740.37 
1021 1678.00 
1022 1747.35 
1023 1702.52 
1024 1769.73 
1025 1726.97 
1026 1784.84 
1027 1710.95 
1028 1681.58 
1029 1723.38 
1030 1781.41 
1031 1740.40 
1032 1741.51 
1033 1711.03 
1034 1758.07 
1035 1752.72 
1036 1723.32 
1037 1778.24 
1038 1735.59 
1039 1680.97 
1040 1792.04 
1041 1697.44 
1042 1709.37 
1043 1696.83 
1044 1683.14 
1045 1744.06 
1046 1697.31 
1047 1678.90 
1048 1663.50 
1049 1714.34 
1050 1756.76 
1051 1733.81 
1052 1703.57 
1053 1768.83 
1054 1819.78 
1055 1690.07 
1056 1690.18 
1057 1714.21 
1058 1742.64 
1059 1745.55 
1060 1741.39 
1061 1726.61 
1062 1764.80 
1063 1762.93 
1064 1745.54 
1065 1709.02 
1066 1707.30 
1067 1766.16 
1068 1728.39 
1069 1707.67 
1070 1797.56 
1071 1636.62 
1072 1751.92 
1073 1758.27 
1074 1696.35 
1075 1751.67 
1076 1735.78 
1077 1745.60 
1078 1733.40 
1079 1738.55 
1080 1707.94 
1081 1722.89 
1082 1681.44 
1083 1740.58 
1084 1744.41 
1085 1721.21 
1086 1704.42 
1087 1709.55 
1088 1726.46 
1089 1725.99 
1090 1722.27 
1091 1751.89 
1092 1747.01 
1093 1793.77 
1094 1761.98 
1095 1693.33 
1096 1706.02 
1097 1775.71 
1098 1683.30 
1099 1772.77 
1100 1687.23 
1101 1691.08 
1102 1746.68 
1103 1734.60 
1104 1767.99 
1105 1704.94 
1106 1762.75 
1107 1743.73 
1108 1754.94 
1109 1743.89 
1110 1766.60 
1111 1718.54 
1112 1745.84 
1113 1760.52 
1114 1721.32 
1115 1814.80 
1116 1743.66 
1117 1748.61 
1118 1715.57 
1119 1740.83 
1120 1708.05 
1121 1680.22 
1122 1684.92 
1123 1715.28 
1124 1739.25 
1125 1728.37 
1126 1747.22 
1127 1747.69 
1128 1726.32 
1129 1716.66 
1130 1759.54 
1131 1744.98 
1132 1735.46 
1133 1717.55 
1134 1694.37 
1135 1711.56 
1136 1751.80 
1137 1751.95 
1138 1744.99 
1139 1744.36 
1140 1759.83 
1141 1725.77 
1142 1746.01 
1143 1766.56 
1144 1731.97 
1145 1761.21 
1146 1728.15 
1147 1793.28 
1148 1730.54 
1149 1730.96 
1150 1749.20 
1151 1708.16 
1152 1768.72 
1153 1739.09 
1154 1718.05 
1155 1750.72 
1156 1719.80 
1157 1778.73 
1158 1735.42 
1159 1774.35 
1160 1730.01 
1161 1704.85 
1162 1719.16 
1163 1796.90 
1164 1735.61 
1165 1693.72 
1166 1702.80 
1167 1711.12 
1168 1705.44 
1169 1729.33 
1170 1694.67 
1171 1698.03 
1172 1764.69 
1173 1757.31 
1174 1740.36 
1175 1741.52 
1176 1754.17 
1177 1759.88 
1178 1717.83 
1179 1716.71 
1180 1752.27 
1181 1679.16 
1182 1714.42 
1183 1722.86 
1184 1722.21 
1185 1752.88 
1186 1780.10 
1187 1728.91 
1188 1691.51 
1189 1742.93 
1190 1773.11 
1191 1765.27 
1192 1749.13 
1193 1720.82 
1194 1752.00 
1195 1713.33 
1196 1698.91 
1197 1743.71 
1198 1754.61 
1199 1748.53 
1200 1772.05 
1201 1769.76 
1202 1704.81 
1203 1760.39 
1204 1723.51 
1205 1740.57 
1206 1757.93 
1207 1775.63 
1208 1654.39 
1209 1763.97 
1210 1786.29 
1211 1773.52 
1212 1766.48 
1213 1708.11 
1214 1742.69 
1215 1781.04 
1216 1770.88 
1217 1719.10 
1218 1774.30 
1219 1737.19 
1220 1741.25 
1221 1762.73 
1222 1730.97 
1223 1690.32 
1224 1703.11 
1225 1768.05 
1226 1692.40 
1227 1761.93 
1228 1733.11 
1229 1737.36 
1230 1724.52 
1231 1740.84 
1232 1799.50 
1233 1748.81 
1234 1727.69 
1235 1803.49 
1236 1744.79 
1237 1667.45 
1238 1672.90 
1239 1714.02 
1240 1695.41 
1241 1697.64 
1242 1750.01 
1243 1770.41 
1244 1759.91 
1245 1748.81 
1246 1761.77 
1247 1724.34 
1248 1777.73 
1249 1712.83 
1250 1757.55 
1251 1759.76 
1252 1703.05 
1253 1676.46 
1254 1749.78 
1255 1760.53 
1256 1756.95 
1257 1744.91 
1258 1733.09 
1259 1733.78 
1260 1731.80 
1261 1755.31 
1262 1740.51 
1263 1729.67 
1264 1710.66 
1265 1718.08 
1266 1691.72 
1267 1757.69 
1268 1730.07 
1269 1754.31 
1270 1716.35 
1271 1797.72 
1272 1731.89 
1273 1769.34 
1274 1756.74 
1275 1737.24 
1276 1789.00 
1277 1723.70 
1278 1709.85 
1279 1676.06 
1280 1774.66 
1281 1787.32 
1282 1774.20 
1283 1731.11 
1284 1757.52 
1285 1792.79 
1286 1716.97 
1287 1749.22 
1288 1786.29 
1289 1788.84 
1290 1768.12 
1291 1758.71 
1292 1774.98 
1293 1762.99 
1294 1707.66 
1295 1681.24 
1296 1702.61 
1297 1715.86 
1298 1726.33 
1299 1769.85 
1300 1671.86 
1301 1724.78 
1302 1761.08 
1303 1708.78 
1304 1760.23 
1305 1767.45 
1306 1721.19 
1307 1756.73 
1308 1743.95 
1309 1754.90 
1310 1747.06 
1311 1754.24 
1312 1777.78 
1313 1726.54 
1314 1689.61 
1315 1736.83 
1316 1772.68 
1317 1691.63 
1318 1761.81 
1319 1684.44 
1320 1706.89 
1321 1758.27 
1322 1734.27 
1323 1697.51 
1324 1720.99 
1325 1731.43 
1326 1769.47 
1327 1775.79 
1328 1760.65 
1329 1774.76 
1330 1728.16 
1331 1745.29 
1332 1721.78 
1333 1774.91 
1334 1688.95 
1335 1704.57 
1336 1781.77 
1337 1816.55 
1338 1718.73 
1339 1722.11 
1340 1735.68 
1341 1751.40 
1342 1730.74 
1343 1705.62 
1344 1748.43 
1345 1767.72 
1346 1755.56 
1347 1734.74 
1348 1748.47 
1349 1673.94 
1350 1808.34 
1351 1706.39 
1352 1799.42 
1353 1761.61 
1354 1751.41 
1355 1770.12 
1356 1773.76 
1357 1776.94 
1358 1751.41 
1359 1692.54 
1360 1775.84 
1361 1754.59 
1362 1704.43 
1363 1764.38 
1364 1728.82 
1365 1796.96 
1366 1688.65 
1367 1720.07 
1368 1726.03 
1369 1763.24 
1370 1706.42 
1371 1737.57 
1372 1694.54 
1373 1750.02 
1374 1739.87 
1375 1770.51 
1376 1811.32 
1377 1730.08 
1378 1771.02 
1379 1722.49 
1380 1777.49 
1381 1712.61 
1382 1736.98 
1383 1749.52 
1384 1717.22 
1385 1710.14 
1386 1751.12 
1387 1753.34 
1388 1744.21 
1389 1748.71 
1390 1752.42 
1391 1720.47 
1392 1752.00 
1393 1715.25 
1394 1682.17 
1395 1739.34 
1396 1773.21 
1397 1758.88 
1398 1752.92 
1399 1727.41 
1400 1768.57 
1401 1769.13 
1402 1730.26 
1403 1818.90 
1404 1772.99 
1405 1779.21 
1406 1719.94 
1407 1683.09 
1408 1812.57 
1409 1767.56 
1410 1754.38 
1411 1745.60 
1412 1689.30 
1413 1709.51 
1414 1784.87 
1415 1755.85 
1416 1775.61 
1417 1775.32 
1418 1739.01 
1419 1782.81 
1420 1710.89 
1421 1745.43 
1422 1763.84 
1423 1720.54 
1424 1769.75 
1425 1750.29 
1426 1794.58 
1427 1717.74 
1428 1716.24 
1429 1770.84 
1430 1746.29 
1431 1744.03 
1432 1708.24 
1433 1707.91 
1434 1725.29 
1435 1751.60 
1436 1733.46 
1437 1675.72 
1438 1730.83 
1439 1731.81 
1440 1796.60 
1441 1735.02 
1442 1713.16 
1443 1716.91 
1444 1765.14 
1445 1749.45 
1446 1759.78 
1447 1684.61 
1448 1741.38 
1449 1673.88 
1450 1754.96 
1451 1765.58 
1452 1700.75 
1453 1765.40 
1454 1796.65 
1455 1718.31 
1456 1763.84 
1457 1710.83 
1458 1733.17 
1459 1756.63 
1460 1722.91 
1461 1706.67 
1462 1730.05 
1463 1714.50 
1464 1683.28 
1465 1754.76 
1466 1761.65 
1467 1779.82 
1468 1680.41 
1469 1705.08 
1470 1728.67 
1471 1701.68 
1472 1763.64 
1473 1794.89 
1474 1762.07 
1475 1741.83 
1476 1709.50 
1477 1755.28 
1478 1749.01 
1479 1777.03 
1480 1735.44 
1481 1799.80 
1482 1711.98 
1483 1793.26 
1484 1723.30 
1485 1715.22 
1486 1728.91 
1487 1765.94 
1488 1759.30 
1489 1720.84 
1490 1721.19 
1491 1712.58 
1492 1778.85 
1493 1721.46 
1494 1732.41 
1495 1732.63 
1496 1741.38 
1497 1750.18 
1498 1670.84 
1499 1753.05 
1500 1691.74 
1501 1696.73 
1502 1711.74 
1503 1702.97 
1504 1763.82 
1505 1744.78 
1506 1711.93 
1507 1710.96 
1508 1809.93 
1509 1705.78 
1510 1708.97 
1511 1751.90 
1512 1729.45 
1513 1726.73 
1514 1812.12 
1515 1727.95 
1516 1719.53 
1517 1745.57 
1518 1737.35 
1519 1770.24 
1520 1707.29 
1521 1764.60 
1522 1792.44 
1523 1807.51 
1524 1729.91 
1525 1773.48 
1526 1745.78 
1527 1742.13 
1528 1688.61 
1529 1754.37 
1530 1729.55 
1531 1710.18 
1532 1725.21 
1533 1762.49 
1534 1760.10 
1535 1745.06 
1536 1723.40 
1537 1735.59 
1538 1746.47 
1539 1786.44 
1540 1717.44 
1541 1723.28 
1542 1729.81 
1543 1710.44 
1544 1741.80 
1545 1774.26 
1546 1727.90 
1547 1722.94 
1548 1722.56 
1549 1711.22 
1550 1736.57 
1551 1781.72 
1552 1765.55 
1553 1783.26 
1554 1716.27 
1555 1720.20 
1556 1794.66 
1557 1724.71 
1558 1700.25 
1559 1748.40 
1560 1713.30 
1561 1720.55 
1562 1737.50 
1563 1730.61 
1564 1701.77 
1565 1747.91 
1566 1704.89 
1567 1788.48 
1568 1705.37 
1569 1797.27 
1570 1810.36 
1571 1711.61 
1572 1673.69 
1573 1763.33 
1574 1712.40 
1575 1712.54 
1576 1721.96 
1577 1745.13 
1578 1693.71 
1579 1745.55 
1580 1776.36 
1581 1738.60 
1582 1722.35 
1583 1698.15 
1584 1780.83 
1585 1695.98 
1586 1758.86 
1587 1740.54 
1588 1742.32 
1589 1761.09 
1590 1757.39 
1591 1762.17 
1592 1731.16 
1593 1758.61 
1594 1791.37 
1595 1744.56 
1596 1739.10 
1597 1748.53 
1598 1754.06 
1599 1703.12 
1600 1769.64 
1601 1742.48 
1602 1734.27 
1603 1743.90 
1604 1768.90 
1605 1718.16 
1606 1726.36 
1607 1758.23 
1608 1795.18 
1609 1671.61 
1610 1746.28 
1611 1792.26 
1612 1762.22 
1613 1728.42 
1614 1691.38 
1615 1758.94 
1616 1759.97 
1617 1747.93 
1618 1716.86 
1619 1714.67 
1620 1760.43 
1621 1735.11 
1622 1797.67 
1623 1757.97 
1624 1764.20 
1625 1738.00 
1626 1688.21 
1627 1803.27 
1628 1727.39 
1629 1767.12 
1630 1739.69 
1631 1751.67 
1632 1730.57 
1633 1739.89 
1634 1778.24 
1635 1767.08 
1636 1731.70 
1637 1734.73 
1638 1724.65 
1639 1754.44 
1640 1761.91 
1641 1689.81 
1642 1739.40 
1643 1706.27 
1644 1717.81 
1645 1736.17 
1646 1753.58 
1647 1727.55 
1648 1769.29 
1649 1740.57 
1650 1764.40 
1651 1766.32 
1652 1768.95 
1653 1804.58 
1654 1726.22 
1655 1795.07 
1656 1745.47 
1657 1748.80 
1658 1763.28 
1659 1757.69 
1660 1773.74 
1661 1761.66 
1662 1769.63 
1663 1755.54 
1664 1755.53 
1665 1743.88 
1666 1672.86 
1667 1721.85 
1668 1693.85 
1669 1751.19 
1670 1733.16 
1671 1730.62 
1672 1757.20 
1673 1734.66 
1674 1694.86 
1675 1715.86 
1676 1757.25 
1677 1746.76 
1678 1765.90 
1679 1753.33 
1680 1735.24 
1681 1771.51 
1682 1751.00 
1683 1723.32 
1684 1713.22 
1685 1796.73 
1686 1735.84 
1687 1745.16 
1688 1737.50 
1689 1730.41 
1690 1785.84 
1691 1768.41 
1692 1752.14 
1693 1734.04 
1694 1727.38 
1695 1760.19 
1696 1716.26 
1697 1693.02 
1698 1728.75 
1699 1709.08 
1700 1746.32 
1701 1728.85 
1702 1755.91 
1703 1748.64 
1704 1807.40 
1705 1700.45 
1706 1744.84 
1707 1732.38 
1708 1765.33 
1709 1747.04 
1710 1752.87 
1711 1731.21 
1712 1739.65 
1713 1730.85 
1714 1795.04 
1715 1755.62 
1716 1756.71 
1717 1756.65 
1718 1763.73 
1719 1702.82 
1720 1773.43 
1721 1698.40 
1722 1721.05 
1723 1690.14 
1724 1725.89 
1725 1718.73 
1726 1743.63 
1727 1734.67 
1728 1690.78 
1729 1714.38 
1730 1701.96 
1731 1773.55 
1732 1751.50 
1733 1722.67 
1734 1737.12 
1735 1728.52 
1736 1735.81 
1737 1748.61 
1738 1756.98 
1739 1748.60 
1740 1744.14 
1741 1780.24 
1742 1730.77 
1743 1740.84 
1744 1752.49 
1745 1736.22 
1746 1716.10 
1747 1757.14 
1748 1791.19 
1749 1745.29 
1750 1786.37 
1751 1710.86 
1752 1744.99 
1753 1755.93 
1754 1756.28 
1755 1705.78 
1756 1721.30 
1757 1725.17 
1758 1736.50 
1759 1735.05 
1760 1744.59 
1761 1782.80 
1762 1778.11 
1763 1799.68 
1764 1746.64 
1765 1791.28 
1766 1672.35 
1767 1688.94 
1768 1794.75 
1769 1721.02 
1770 1756.19 
1771 1717.58 
1772 1749.98 
1773 1771.82 
1774 1780.11 
1775 1741.98 
1776 1727.15 
1777 1743.32 
1778 1746.18 
1779 1709.90 
1780 1759.94 
1781 1729.34 
1782 1720.20 
1783 1720.11 
1784 1783.44 
1785 1721.86 
1786 1691.04 
1787 1769.91 
1788 1751.77 
1789 1799.92 
1790 1686.81 
1791 1738.84 
1792 1732.26 
1793 1752.89 
1794 1729.57 
1795 1768.58 
1796 1709.66 
1797 1735.19 
1798 1653.31 
1799 1748.93 
1800 1730.92 
1801 1693.29 
1802 1757.10 
1803 1742.56 
1804 1734.10 
1805 1712.79 
1806 1763.27 
1807 1745.63 
1808 1717.50 
1809 1787.31 
1810 1726.16 
1811 1706.63 
1812 1734.31 
1813 1727.05 
1814 1724.62 
1815 1723.90 
1816 1675.72 
1817 1783.11 
1818 1768.58 
1819 1683.42 
1820 1714.10 
1821 1692.08 
1822 1717.37 
1823 1769.24 
1824 1743.45 
1825 1835.60 
1826 1736.85 
1827 1735.69 
1828 1673.29 
1829 1755.50 
1830 1704.38 
1831 1745.61 
1832 1776.96 
1833 1770.97 
1834 1787.06 
1835 1711.28 
1836 1735.16 
1837 1729.81 
1838 1740.50 
1839 1738.26 
1840 1778.12 
1841 1672.33 
1842 1757.27 
1843 1762.87 
1844 1716.82 
1845 1751.91 
1846 1707.35 
1847 1770.31 
1848 1807.67 
1849 1750.47 
1850 1699.27 
1851 1756.67 
1852 1770.35 
1853 1757.75 
1854 1698.47 
1855 1710.19 
1856 1746.23 
1857 1730.70 
1858 1773.10 
1859 1748.14 
1860 1744.42 
1861 1765.67 
1862 1736.37 
1863 1756.16 
1864 1769.91 
1865 1713.01 
1866 1734.47 
1867 1684.76 
1868 1749.56 
1869 1711.87 
1870 1683.00 
1871 1786.40 
1872 1725.97 
1873 1701.25 
1874 1742.05 
1875 1719.29 
1876 1694.91 
1877 1723.34 
1878 1740.00 
1879 1755.55 
1880 1723.18 
1881 1717.88 
1882 1687.06 
1883 1709.38 
1884 1738.30 
1885 1731.82 
1886 1769.93 
1887 1725.06 
1888 1759.88 
1889 1720.85 
1890 1720.62 
1891 1720.71 
1892 1726.04 
1893 1741.48 
1894 1689.91 
1895 1717.05 
1896 1723.24 
1897 1769.39 
1898 1711.52 
1899 1751.12 
1900 1762.94 
1901 1751.00 
1902 1730.91 
1903 1780.84 
1904 1768.09 
1905 1670.39 
1906 1757.18 
1907 1739.86 
1908 1693.07 
1909 1753.23 
1910 1690.42 
1911 1790.92 
1912 1770.95 
1913 1751.96 
1914 1763.82 
1915 1719.55 
1916 1695.34 
1917 1790.27 
1918 1766.34 
1919 1725.36 
1920 1704.41 
1921 1695.61 
1922 1698.51 
1923 1782.39 
1924 1752.99 
1925 1778.50 
1926 1788.46 
1927 1738.80 
1928 1714.39 
1929 1749.42 
1930 1706.83 
1931 1772.54 
1932 1763.31 
1933 1767.50 
1934 1769.48 
1935 1703.71 
1936 1711.04 
1937 1767.77 
1938 1671.84 
1939 1736.97 
1940 1721.05 
1941 1745.66 
1942 1704.72 
1943 1736.26 
1944 1755.74 
1945 1773.91 
1946 1720.61 
1947 1744.08 
1948 1734.10 
1949 1738.67 
1950 1777.90 
1951 1754.11 
1952 1736.50 
1953 1788.68 
1954 1693.60 
1955 1770.07 
1956 1763.41 
1957 1748.10 
1958 1697.55 
1959 1722.67 
1960 1734.29 
1961 1769.59 
1962 1780.94 
1963 1690.28 
1964 1763.13 
1965 1717.62 
1966 1740.19 
1967 1763.40 
1968 1756.37 
1969 1748.50 
1970 1746.13 
1971 1745.02 
1972 1797.95 
1973 1735.68 
1974 1720.47 
1975 1779.05 
1976 1718.51 
1977 1717.58 
1978 1738.71 
1979 1751.02 
1980 1718.55 
1981 1780.47 
1982 1783.99 
1983 1782.17 
1984 1728.32 
1985 1722.77 
1986 1755.41 
1987 1767.23 
1988 1747.60 
1989 1729.73 
1990 1774.00 
1991 1771.38 
1992 1751.64 
1993 1778.95 
1994 1724.90 
1995 1732.14 
1996 1775.02 
1997 1751.07 
1998 1786.68 
1999 1746.98 
2000 1752.81 
2001 1776.66 
2002 1725.67 
2003 1753.07 
2004 1724.05 
2005 1728.83 
2006 1760.82 
2007 1745.01 
2008 1789.94 
2009 1759.62 
2010 1758.29 
2011 1787.98 
2012 1757.97 
2013 1771.09 
2014 1740.25 
2015 1737.15 
2016 1809.98 
2017 1774.35 
2018 1744.51 
2019 1706.33 
2020 1782.34 
2021 1711.74 
2022 1734.96 
2023 1746.09 
2024 1728.81 
2025 1687.34 
2026 1772.15 
2027 1736.47 
2028 1691.69 
2029 1759.09 
2030 1711.94 
2031 1683.34 
2032 1706.18 
2033 1748.78 
2034 1723.89 
2035 1781.64 
2036 1773.29 
2037 1773.31 
2038 1781.95 
2039 1760.03 
2040 1725.06 
2041 1728.05 
2042 1766.81 
2043 1704.60 
2044 1686.49 
2045 1736.71 
2046 1771.25 
2047 1737.85 
2048 1797.87 
2049 1733.85 
2050 1717.72 
2051 1704.62 
2052 1818.07 
