Seed 2:
0 -500.00 
1 -500.00 
2 -152.00 
3 -163.00 
4 -134.00 
5 -76.00 
6 -92.00 
7 -86.00 
8 -71.00 
9 -79.00 
10 -71.00 
11 -71.00 
12 -85.00 
13 -85.00 
14 -79.00 
15 -79.00 
16 -79.00 
17 -90.00 
18 -79.00 
19 -78.00 
20 -72.00 
21 -78.00 
22 -84.00 
23 -89.00 
24 -73.00 
25 -73.00 
26 -92.00 
27 -109.00 
28 -73.00 
29 -103.00 
30 -88.00 
31 -71.00 
32 -77.00 
33 -77.00 
34 -78.00 
35 -77.00 
36 -72.00 
37 -80.00 
38 -79.00 
39 -77.00 
40 -85.00 
41 -78.00 
42 -101.00 
43 -90.00 
44 -84.00 
45 -78.00 
46 -90.00 
47 -77.00 
48 -173.00 
49 -76.00 
50 -83.00 
51 -92.00 
52 -77.00 
53 -79.00 
54 -70.00 
55 -80.00 
56 -73.00 
57 -92.00 
58 -77.00 
59 -90.00 
60 -156.00 
61 -202.00 
62 -81.00 
63 -70.00 
64 -92.00 
65 -72.00 
66 -80.00 
67 -218.00 
68 -78.00 
69 -132.00 
70 -81.00 
71 -78.00 
72 -78.00 
73 -77.00 
74 -76.00 
75 -79.00 
76 -72.00 
77 -78.00 
78 -129.00 
79 -85.00 
80 -84.00 
81 -76.00 
82 -77.00 
83 -75.00 
84 -85.00 
85 -72.00 
86 -84.00 
87 -80.00 
88 -79.00 
89 -72.00 
90 -83.00 
91 -78.00 
92 -79.00 
93 -86.00 
94 -91.00 
95 -81.00 
96 -78.00 
97 -79.00 
98 -72.00 
99 -90.00 
100 -95.00 
101 -77.00 
102 -144.00 
103 -80.00 
104 -84.00 
105 -127.00 
106 -78.00 
107 -95.00 
108 -78.00 
109 -78.00 
110 -72.00 
111 -92.00 
112 -82.00 
113 -87.00 
114 -91.00 
115 -80.00 
116 -72.00 
117 -72.00 
118 -80.00 
119 -108.00 
120 -82.00 
121 -63.00 
122 -63.00 
123 -86.00 
124 -78.00 
125 -72.00 
126 -123.00 
127 -97.00 
128 -78.00 
129 -79.00 
130 -82.00 
131 -91.00 
132 -88.00 
133 -74.00 
134 -74.00 
135 -73.00 
136 -72.00 
137 -81.00 
138 -73.00 
139 -102.00 
140 -72.00 
141 -69.00 
142 -98.00 
143 -78.00 
144 -79.00 
145 -100.00 
146 -64.00 
147 -115.00 
148 -242.00 
149 -84.00 
150 -81.00 
151 -88.00 
152 -78.00 
153 -84.00 
154 -90.00 
155 -84.00 
156 -81.00 
157 -65.00 
158 -78.00 
159 -78.00 
160 -105.00 
161 -82.00 
162 -79.00 
163 -65.00 
164 -78.00 
165 -110.00 
166 -205.00 
167 -76.00 
168 -78.00 
169 -78.00 
170 -77.00 
171 -84.00 
172 -81.00 
173 -81.00 
174 -78.00 
175 -76.00 
176 -73.00 
177 -78.00 
178 -93.00 
179 -63.00 
180 -71.00 
181 -93.00 
182 -80.00 
183 -77.00 
184 -78.00 
185 -85.00 
186 -86.00 
187 -88.00 
188 -76.00 
189 -64.00 
190 -89.00 
191 -87.00 
192 -88.00 
193 -88.00 
194 -77.00 
195 -88.00 
196 -77.00 
197 -95.00 
198 -78.00 
199 -89.00 
200 -82.00 
201 -78.00 
202 -80.00 
203 -88.00 
204 -72.00 
205 -78.00 
206 -78.00 
207 -134.00 
208 -72.00 
209 -77.00 
210 -78.00 
211 -88.00 
212 -87.00 
213 -79.00 
214 -78.00 
215 -84.00 
216 -158.00 
217 -76.00 
218 -85.00 
219 -78.00 
220 -95.00 
221 -78.00 
222 -77.00 
223 -219.00 
224 -80.00 
225 -117.00 
226 -78.00 
227 -80.00 
228 -82.00 
229 -95.00 
230 -84.00 
231 -64.00 
232 -180.00 
233 -72.00 
234 -85.00 
235 -78.00 
236 -95.00 
237 -78.00 
238 -75.00 
239 -73.00 
240 -210.00 
241 -78.00 
242 -78.00 
243 -84.00 
244 -78.00 
245 -72.00 
246 -74.00 
247 -122.00 
248 -87.00 
249 -76.00 
250 -83.00 
251 -100.00 
252 -63.00 
253 -77.00 
254 -79.00 
255 -80.00 
256 -91.00 
257 -78.00 
258 -70.00 
259 -78.00 
260 -79.00 
261 -77.00 
262 -77.00 
263 -78.00 
264 -92.00 
265 -86.00 
266 -88.00 
267 -72.00 
268 -70.00 
269 -77.00 
270 -89.00 
271 -76.00 
272 -80.00 
273 -89.00 
274 -77.00 
275 -80.00 
276 -79.00 
277 -77.00 
278 -88.00 
279 -65.00 
280 -85.00 
281 -79.00 
282 -73.00 
283 -72.00 
284 -78.00 
285 -85.00 
286 -90.00 
287 -74.00 
288 -75.00 
289 -80.00 
290 -79.00 
291 -80.00 
292 -97.00 
293 -80.00 
294 -77.00 
295 -78.00 
296 -77.00 
297 -78.00 
298 -79.00 
299 -79.00 
300 -86.00 
301 -78.00 
302 -93.00 
303 -82.00 
304 -78.00 
305 -87.00 
306 -95.00 
307 -72.00 
308 -78.00 
309 -78.00 
310 -85.00 
311 -93.00 
312 -79.00 
313 -63.00 
314 -78.00 
315 -78.00 
316 -78.00 
317 -63.00 
318 -72.00 
319 -71.00 
320 -69.00 
321 -103.00 
322 -77.00 
323 -84.00 
324 -85.00 
325 -85.00 
326 -71.00 
327 -79.00 
328 -71.00 
329 -75.00 
330 -78.00 
331 -93.00 
332 -124.00 
333 -87.00 
334 -88.00 
335 -77.00 
336 -85.00 
337 -78.00 
338 -79.00 
339 -78.00 
340 -77.00 
341 -84.00 
342 -77.00 
343 -78.00 
344 -79.00 
345 -124.00 
346 -88.00 
347 -78.00 
348 -78.00 
349 -85.00 
350 -85.00 
351 -86.00 
352 -82.00 
353 -77.00 
354 -79.00 
355 -79.00 
356 -115.00 
357 -64.00 
358 -81.00 
359 -90.00 
360 -77.00 
361 -81.00 
362 -74.00 
363 -78.00 
364 -70.00 
365 -77.00 
366 -78.00 
367 -71.00 
368 -85.00 
369 -80.00 
370 -77.00 
371 -81.00 
372 -77.00 
373 -88.00 
374 -84.00 
375 -71.00 
376 -89.00 
377 -72.00 
378 -77.00 
379 -76.00 
380 -73.00 
381 -71.00 
382 -78.00 
383 -70.00 
384 -85.00 
385 -91.00 
386 -72.00 
387 -76.00 
388 -71.00 
389 -74.00 
390 -78.00 
391 -88.00 
392 -91.00 
393 -90.00 
394 -78.00 
395 -78.00 
396 -77.00 
397 -165.00 
398 -78.00 
399 -77.00 
400 -77.00 
401 -71.00 
402 -82.00 
403 -73.00 
404 -86.00 
405 -76.00 
406 -72.00 
407 -86.00 
408 -80.00 
409 -105.00 
410 -89.00 
411 -79.00 
412 -88.00 
413 -135.00 
414 -91.00 
415 -77.00 
416 -73.00 
417 -71.00 
418 -72.00 
419 -79.00 
420 -93.00 
421 -72.00 
422 -72.00 
423 -72.00 
424 -72.00 
425 -79.00 
426 -72.00 
427 -74.00 
428 -79.00 
429 -79.00 
430 -86.00 
431 -78.00 
432 -77.00 
433 -84.00 
434 -106.00 
435 -72.00 
436 -92.00 
437 -72.00 
438 -72.00 
439 -130.00 
440 -78.00 
441 -76.00 
442 -91.00 
443 -70.00 
444 -72.00 
445 -93.00 
446 -80.00 
447 -77.00 
448 -75.00 
449 -83.00 
450 -77.00 
451 -186.00 
452 -85.00 
453 -84.00 
454 -84.00 
455 -78.00 
456 -85.00 
457 -80.00 
458 -75.00 
459 -79.00 
460 -77.00 
461 -102.00 
462 -94.00 
463 -88.00 
464 -82.00 
465 -86.00 
466 -78.00 
467 -81.00 
468 -93.00 
469 -71.00 
470 -81.00 
471 -80.00 
472 -74.00 
473 -82.00 
474 -71.00 
475 -90.00 
476 -101.00 
477 -92.00 
478 -80.00 
479 -87.00 
480 -81.00 
481 -71.00 
482 -86.00 
483 -76.00 
484 -72.00 
485 -91.00 
486 -78.00 
487 -105.00 
488 -81.00 
489 -77.00 
490 -85.00 
491 -76.00 
492 -87.00 
493 -92.00 
494 -78.00 
495 -97.00 
496 -85.00 
497 -70.00 
498 -93.00 
499 -78.00 
500 -76.00 
