Seed 9:
0 -200.00 
1 -200.00 
2 -200.00 
3 -200.00 
4 -200.00 
5 -200.00 
6 -200.00 
7 -200.00 
8 -200.00 
9 -200.00 
10 -200.00 
11 -200.00 
12 -200.00 
13 -200.00 
14 -200.00 
15 -200.00 
16 -200.00 
17 -200.00 
18 -200.00 
19 -200.00 
20 -200.00 
21 -200.00 
22 -200.00 
23 -200.00 
24 -200.00 
25 -200.00 
26 -200.00 
27 -200.00 
28 -200.00 
29 -200.00 
30 -200.00 
31 -200.00 
32 -200.00 
33 -200.00 
34 -200.00 
35 -200.00 
36 -200.00 
37 -200.00 
38 -200.00 
39 -200.00 
40 -200.00 
41 -200.00 
42 -200.00 
43 -200.00 
44 -200.00 
45 -200.00 
46 -200.00 
47 -200.00 
48 -200.00 
49 -200.00 
50 -200.00 
51 -200.00 
52 -200.00 
53 -200.00 
54 -200.00 
55 -200.00 
56 -200.00 
57 -200.00 
58 -200.00 
59 -200.00 
60 -200.00 
61 -200.00 
62 -200.00 
63 -200.00 
64 -200.00 
65 -200.00 
66 -200.00 
67 -200.00 
68 -200.00 
69 -200.00 
70 -200.00 
71 -200.00 
72 -200.00 
73 -200.00 
74 -200.00 
75 -200.00 
76 -200.00 
77 -200.00 
78 -200.00 
79 -200.00 
80 -200.00 
81 -200.00 
82 -200.00 
83 -200.00 
84 -200.00 
85 -200.00 
86 -200.00 
87 -200.00 
88 -200.00 
89 -200.00 
90 -200.00 
91 -200.00 
92 -200.00 
93 -200.00 
94 -200.00 
95 -200.00 
96 -200.00 
97 -200.00 
98 -200.00 
99 -200.00 
100 -200.00 
101 -200.00 
102 -200.00 
103 -200.00 
104 -200.00 
105 -200.00 
106 -200.00 
107 -200.00 
108 -200.00 
109 -200.00 
110 -200.00 
111 -200.00 
112 -200.00 
113 -200.00 
114 -200.00 
115 -200.00 
116 -200.00 
117 -200.00 
118 -200.00 
119 -200.00 
120 -200.00 
121 -200.00 
122 -200.00 
123 -200.00 
124 -200.00 
125 -200.00 
126 -200.00 
127 -200.00 
128 -200.00 
129 -200.00 
130 -200.00 
131 -200.00 
132 -200.00 
133 -200.00 
134 -200.00 
135 -200.00 
136 -200.00 
137 -200.00 
138 -200.00 
139 -200.00 
140 -200.00 
141 -200.00 
142 -200.00 
143 -200.00 
144 -200.00 
145 -200.00 
146 -200.00 
147 -200.00 
148 -200.00 
149 -200.00 
150 -200.00 
151 -200.00 
152 -200.00 
153 -200.00 
154 -200.00 
155 -200.00 
156 -200.00 
157 -200.00 
158 -200.00 
159 -200.00 
160 -200.00 
161 -200.00 
162 -200.00 
163 -200.00 
164 -200.00 
165 -200.00 
166 -200.00 
167 -200.00 
168 -200.00 
169 -200.00 
170 -200.00 
171 -200.00 
172 -200.00 
173 -200.00 
174 -200.00 
175 -200.00 
176 -200.00 
177 -200.00 
178 -200.00 
179 -200.00 
180 -200.00 
181 -200.00 
182 -200.00 
183 -200.00 
184 -200.00 
185 -200.00 
186 -200.00 
187 -200.00 
188 -200.00 
189 -200.00 
190 -200.00 
191 -200.00 
192 -200.00 
193 -200.00 
194 -200.00 
195 -200.00 
196 -200.00 
197 -200.00 
198 -200.00 
199 -200.00 
200 -200.00 
201 -200.00 
202 -200.00 
203 -200.00 
204 -200.00 
205 -200.00 
206 -200.00 
207 -200.00 
208 -200.00 
209 -200.00 
210 -200.00 
211 -200.00 
212 -200.00 
213 -200.00 
214 -200.00 
215 -200.00 
216 -200.00 
217 -200.00 
218 -200.00 
219 -200.00 
220 -200.00 
221 -200.00 
222 -200.00 
223 -200.00 
224 -200.00 
225 -200.00 
226 -200.00 
227 -200.00 
228 -200.00 
229 -200.00 
230 -200.00 
231 -200.00 
232 -200.00 
233 -200.00 
234 -200.00 
235 -200.00 
236 -200.00 
237 -200.00 
238 -200.00 
239 -200.00 
240 -200.00 
241 -200.00 
242 -200.00 
243 -200.00 
244 -200.00 
245 -200.00 
246 -200.00 
247 -200.00 
248 -200.00 
249 -200.00 
250 -200.00 
251 -200.00 
252 -200.00 
253 -200.00 
254 -200.00 
255 -200.00 
256 -200.00 
257 -200.00 
258 -200.00 
259 -200.00 
260 -200.00 
261 -200.00 
262 -200.00 
263 -200.00 
264 -200.00 
265 -200.00 
266 -200.00 
267 -200.00 
268 -200.00 
269 -200.00 
270 -200.00 
271 -200.00 
272 -200.00 
273 -200.00 
274 -200.00 
275 -200.00 
276 -200.00 
277 -200.00 
278 -200.00 
279 -200.00 
280 -200.00 
281 -200.00 
282 -200.00 
283 -200.00 
284 -200.00 
285 -200.00 
286 -200.00 
287 -200.00 
288 -200.00 
289 -200.00 
290 -200.00 
291 -200.00 
292 -200.00 
293 -200.00 
294 -200.00 
295 -200.00 
296 -200.00 
297 -200.00 
298 -200.00 
299 -200.00 
300 -200.00 
301 -200.00 
302 -200.00 
303 -200.00 
304 -200.00 
305 -200.00 
306 -200.00 
307 -200.00 
308 -200.00 
309 -200.00 
310 -200.00 
311 -200.00 
312 -200.00 
313 -200.00 
314 -200.00 
315 -200.00 
316 -200.00 
317 -200.00 
318 -200.00 
319 -200.00 
320 -200.00 
321 -200.00 
322 -200.00 
323 -200.00 
324 -200.00 
325 -200.00 
326 -200.00 
327 -200.00 
328 -200.00 
329 -200.00 
330 -200.00 
331 -200.00 
332 -200.00 
333 -200.00 
334 -200.00 
335 -200.00 
336 -200.00 
337 -200.00 
338 -200.00 
339 -200.00 
340 -200.00 
341 -200.00 
342 -200.00 
343 -200.00 
344 -200.00 
345 -200.00 
346 -200.00 
347 -200.00 
348 -200.00 
349 -200.00 
350 -200.00 
351 -183.00 
352 -200.00 
353 -182.00 
354 -200.00 
355 -200.00 
356 -185.00 
357 -200.00 
358 -200.00 
359 -200.00 
360 -200.00 
361 -200.00 
362 -200.00 
363 -200.00 
364 -200.00 
365 -200.00 
366 -200.00 
367 -200.00 
368 -200.00 
369 -200.00 
370 -174.00 
371 -171.00 
372 -162.00 
373 -161.00 
374 -160.00 
375 -166.00 
376 -170.00 
377 -167.00 
378 -167.00 
379 -174.00 
380 -180.00 
381 -159.00 
382 -165.00 
383 -170.00 
384 -173.00 
385 -169.00 
386 -172.00 
387 -165.00 
388 -166.00 
389 -180.00 
390 -167.00 
391 -166.00 
392 -163.00 
393 -172.00 
394 -165.00 
395 -172.00 
396 -173.00 
397 -167.00 
398 -179.00 
399 -164.00 
400 -190.00 
401 -159.00 
402 -168.00 
403 -116.00 
404 -124.00 
405 -129.00 
406 -116.00 
407 -114.00 
408 -123.00 
409 -200.00 
410 -123.00 
411 -124.00 
412 -200.00 
413 -200.00 
414 -200.00 
415 -135.00 
416 -121.00 
417 -121.00 
418 -121.00 
419 -128.00 
420 -200.00 
421 -200.00 
422 -123.00 
423 -200.00 
424 -200.00 
425 -200.00 
426 -200.00 
427 -121.00 
428 -200.00 
429 -200.00 
430 -200.00 
431 -122.00 
432 -122.00 
433 -126.00 
434 -117.00 
435 -200.00 
436 -121.00 
437 -124.00 
438 -121.00 
439 -200.00 
440 -122.00 
441 -200.00 
442 -200.00 
443 -121.00 
444 -121.00 
445 -200.00 
446 -126.00 
447 -200.00 
448 -200.00 
449 -117.00 
450 -124.00 
451 -122.00 
452 -200.00 
453 -122.00 
454 -128.00 
455 -118.00 
456 -124.00 
457 -115.00 
458 -117.00 
459 -117.00 
460 -129.00 
461 -123.00 
462 -126.00 
463 -133.00 
464 -200.00 
465 -200.00 
466 -200.00 
467 -124.00 
468 -117.00 
469 -122.00 
470 -122.00 
471 -126.00 
472 -115.00 
473 -141.00 
474 -114.00 
475 -200.00 
476 -200.00 
477 -115.00 
478 -116.00 
479 -130.00 
480 -126.00 
481 -200.00 
482 -200.00 
483 -200.00 
484 -120.00 
485 -120.00 
486 -200.00 
487 -200.00 
488 -200.00 
489 -200.00 
490 -120.00 
491 -200.00 
492 -200.00 
493 -200.00 
494 -200.00 
495 -200.00 
496 -200.00 
497 -200.00 
498 -121.00 
499 -125.00 
500 -122.00 
501 -120.00 
502 -124.00 
503 -200.00 
504 -200.00 
505 -200.00 
506 -200.00 
507 -123.00 
508 -116.00 
509 -200.00 
510 -126.00 
511 -120.00 
512 -121.00 
513 -200.00 
514 -200.00 
515 -200.00 
516 -200.00 
517 -200.00 
518 -120.00 
519 -200.00 
520 -200.00 
521 -121.00 
522 -200.00 
523 -123.00 
524 -200.00 
525 -125.00 
526 -122.00 
527 -200.00 
528 -116.00 
529 -115.00 
530 -117.00 
531 -122.00 
532 -125.00 
533 -123.00 
534 -114.00 
535 -200.00 
536 -200.00 
537 -200.00 
538 -122.00 
539 -124.00 
540 -118.00 
541 -115.00 
542 -200.00 
543 -124.00 
544 -129.00 
545 -122.00 
546 -114.00 
547 -123.00 
548 -122.00 
549 -127.00 
550 -116.00 
551 -125.00 
552 -132.00 
553 -117.00 
554 -115.00 
555 -131.00 
556 -161.00 
557 -123.00 
558 -183.00 
559 -160.00 
560 -159.00 
561 -162.00 
562 -160.00 
563 -161.00 
564 -96.00 
565 -161.00 
566 -105.00 
567 -158.00 
568 -156.00 
569 -157.00 
570 -159.00 
571 -161.00 
572 -172.00 
573 -180.00 
574 -166.00 
575 -105.00 
576 -162.00 
577 -161.00 
578 -159.00 
579 -168.00 
580 -176.00 
581 -156.00 
582 -161.00 
583 -123.00 
584 -123.00 
585 -200.00 
586 -125.00 
587 -114.00 
588 -113.00 
589 -123.00 
590 -123.00 
591 -159.00 
592 -160.00 
593 -163.00 
594 -162.00 
595 -155.00 
596 -161.00 
597 -116.00 
598 -183.00 
599 -114.00 
600 -170.00 
601 -163.00 
602 -157.00 
603 -156.00 
604 -158.00 
605 -123.00 
606 -162.00 
607 -153.00 
608 -118.00 
609 -168.00 
610 -155.00 
611 -155.00 
612 -158.00 
613 -154.00 
614 -117.00 
615 -122.00 
616 -124.00 
617 -93.00 
618 -122.00 
619 -117.00 
620 -123.00 
621 -123.00 
622 -119.00 
623 -125.00 
624 -122.00 
625 -122.00 
626 -91.00 
627 -184.00 
628 -155.00 
629 -157.00 
630 -162.00 
631 -171.00 
632 -158.00 
633 -159.00 
634 -159.00 
635 -162.00 
636 -161.00 
637 -157.00 
638 -159.00 
639 -154.00 
640 -186.00 
641 -113.00 
642 -119.00 
643 -115.00 
644 -125.00 
645 -125.00 
646 -124.00 
647 -122.00 
648 -123.00 
649 -116.00 
650 -115.00 
651 -124.00 
652 -155.00 
653 -120.00 
654 -123.00 
655 -123.00 
656 -123.00 
657 -127.00 
658 -96.00 
659 -165.00 
660 -161.00 
661 -169.00 
662 -184.00 
663 -162.00 
664 -93.00 
665 -168.00 
666 -169.00 
667 -154.00 
668 -200.00 
669 -122.00 
670 -113.00 
671 -118.00 
672 -127.00 
673 -128.00 
674 -116.00 
675 -200.00 
676 -116.00 
677 -116.00 
678 -114.00 
679 -120.00 
680 -114.00 
681 -120.00 
682 -124.00 
683 -122.00 
684 -127.00 
685 -200.00 
686 -200.00 
687 -122.00 
688 -116.00 
689 -123.00 
690 -114.00 
691 -114.00 
692 -126.00 
693 -153.00 
694 -153.00 
695 -124.00 
696 -172.00 
697 -161.00 
698 -88.00 
699 -90.00 
700 -166.00 
701 -156.00 
702 -100.00 
703 -156.00 
704 -155.00 
705 -155.00 
706 -91.00 
707 -90.00 
708 -154.00 
709 -88.00 
710 -123.00 
711 -115.00 
712 -125.00 
713 -154.00 
714 -176.00 
715 -162.00 
716 -176.00 
717 -162.00 
718 -165.00 
719 -161.00 
720 -157.00 
721 -160.00 
722 -157.00 
723 -94.00 
724 -90.00 
725 -126.00 
726 -122.00 
727 -117.00 
728 -113.00 
729 -122.00 
730 -114.00 
731 -122.00 
732 -123.00 
733 -123.00 
734 -123.00 
735 -121.00 
736 -117.00 
737 -121.00 
738 -200.00 
739 -200.00 
740 -121.00 
741 -200.00 
742 -200.00 
743 -121.00 
744 -115.00 
745 -120.00 
746 -200.00 
747 -121.00 
748 -115.00 
749 -120.00 
750 -123.00 
751 -200.00 
752 -117.00 
753 -200.00 
754 -200.00 
755 -121.00 
756 -117.00 
757 -200.00 
758 -200.00 
759 -200.00 
760 -123.00 
761 -200.00 
762 -125.00 
763 -121.00 
764 -120.00 
765 -200.00 
766 -200.00 
767 -120.00 
768 -200.00 
769 -125.00 
770 -200.00 
771 -127.00 
772 -117.00 
773 -121.00 
774 -200.00 
775 -200.00 
776 -200.00 
777 -120.00 
778 -122.00 
779 -115.00 
780 -115.00 
781 -121.00 
782 -121.00 
783 -121.00 
784 -200.00 
785 -200.00 
786 -121.00 
787 -200.00 
788 -200.00 
789 -128.00 
790 -122.00 
791 -124.00 
792 -121.00 
793 -125.00 
794 -117.00 
795 -200.00 
796 -130.00 
797 -124.00 
798 -200.00 
799 -130.00 
800 -117.00 
801 -114.00 
802 -123.00 
803 -122.00 
804 -114.00 
805 -115.00 
806 -115.00 
807 -121.00 
808 -122.00 
809 -117.00 
810 -200.00 
811 -121.00 
812 -115.00 
813 -200.00 
814 -128.00 
815 -200.00 
816 -200.00 
817 -200.00 
818 -121.00 
819 -200.00 
820 -121.00 
821 -119.00 
822 -200.00 
823 -200.00 
824 -123.00 
825 -200.00 
826 -200.00 
827 -121.00 
828 -200.00 
829 -116.00 
830 -122.00 
831 -115.00 
832 -122.00 
833 -121.00 
834 -124.00 
835 -122.00 
836 -115.00 
837 -122.00 
838 -200.00 
839 -116.00 
840 -115.00 
841 -116.00 
842 -118.00 
843 -116.00 
844 -115.00 
845 -122.00 
846 -200.00 
847 -122.00 
848 -122.00 
849 -122.00 
850 -122.00 
851 -123.00 
852 -114.00 
853 -123.00 
854 -122.00 
855 -115.00 
856 -115.00 
857 -115.00 
858 -127.00 
859 -122.00 
860 -126.00 
861 -114.00 
862 -122.00 
863 -122.00 
864 -122.00 
865 -125.00 
866 -123.00 
867 -115.00 
868 -125.00 
869 -124.00 
870 -132.00 
871 -200.00 
872 -126.00 
873 -122.00 
874 -200.00 
875 -122.00 
876 -119.00 
877 -200.00 
878 -200.00 
879 -121.00 
880 -120.00 
881 -121.00 
882 -119.00 
883 -125.00 
884 -121.00 
885 -121.00 
886 -122.00 
887 -200.00 
888 -200.00 
889 -124.00 
890 -200.00 
891 -115.00 
892 -200.00 
893 -122.00 
894 -200.00 
895 -118.00 
896 -122.00 
897 -123.00 
898 -122.00 
899 -121.00 
900 -116.00 
901 -115.00 
902 -119.00 
903 -200.00 
904 -200.00 
905 -122.00 
906 -121.00 
907 -121.00 
908 -122.00 
909 -121.00 
910 -200.00 
911 -200.00 
912 -125.00 
913 -117.00 
914 -116.00 
915 -123.00 
916 -125.00 
917 -114.00 
918 -120.00 
919 -122.00 
920 -124.00 
921 -115.00 
922 -123.00 
923 -122.00 
924 -123.00 
925 -122.00 
926 -122.00 
927 -122.00 
928 -127.00 
929 -125.00 
930 -114.00 
931 -131.00 
932 -115.00 
933 -115.00 
934 -121.00 
935 -114.00 
936 -200.00 
937 -124.00 
938 -114.00 
939 -121.00 
940 -123.00 
941 -116.00 
942 -122.00 
943 -134.00 
944 -117.00 
945 -118.00 
946 -123.00 
947 -200.00 
948 -118.00 
949 -115.00 
950 -122.00 
951 -122.00 
952 -124.00 
953 -122.00 
954 -120.00 
955 -121.00 
956 -115.00 
957 -122.00 
958 -114.00 
959 -126.00 
960 -125.00 
961 -122.00 
962 -121.00 
963 -123.00 
964 -117.00 
965 -122.00 
966 -116.00 
967 -122.00 
968 -122.00 
969 -117.00 
970 -121.00 
971 -115.00 
972 -116.00 
973 -123.00 
974 -123.00 
975 -123.00 
976 -115.00 
977 -122.00 
978 -116.00 
979 -129.00 
980 -200.00 
981 -115.00 
982 -122.00 
983 -126.00 
984 -121.00 
985 -126.00 
986 -119.00 
987 -122.00 
988 -132.00 
989 -123.00 
990 -116.00 
991 -131.00 
992 -118.00 
993 -121.00 
994 -121.00 
995 -130.00 
996 -200.00 
997 -122.00 
998 -122.00 
999 -118.00 
1000 -122.00 
1001 -115.00 
1002 -200.00 
1003 -200.00 
1004 -200.00 
1005 -118.00 
1006 -125.00 
1007 -200.00 
1008 -115.00 
1009 -117.00 
1010 -116.00 
1011 -119.00 
1012 -127.00 
1013 -117.00 
1014 -123.00 
1015 -123.00 
1016 -116.00 
1017 -114.00 
1018 -122.00 
1019 -118.00 
1020 -200.00 
1021 -123.00 
1022 -115.00 
1023 -123.00 
1024 -122.00 
1025 -122.00 
1026 -123.00 
1027 -123.00 
1028 -200.00 
1029 -122.00 
1030 -130.00 
1031 -122.00 
1032 -119.00 
1033 -115.00 
1034 -121.00 
1035 -118.00 
1036 -124.00 
1037 -117.00 
1038 -123.00 
1039 -123.00 
1040 -124.00 
1041 -122.00 
1042 -119.00 
1043 -122.00 
1044 -113.00 
1045 -133.00 
1046 -119.00 
1047 -113.00 
1048 -114.00 
1049 -122.00 
1050 -200.00 
1051 -200.00 
1052 -122.00 
1053 -129.00 
1054 -200.00 
1055 -200.00 
1056 -122.00 
1057 -122.00 
1058 -122.00 
1059 -127.00 
1060 -129.00 
1061 -118.00 
1062 -114.00 
1063 -122.00 
1064 -122.00 
1065 -114.00 
1066 -114.00 
1067 -117.00 
1068 -122.00 
1069 -118.00 
1070 -117.00 
1071 -122.00 
1072 -128.00 
1073 -132.00 
1074 -115.00 
1075 -122.00 
1076 -114.00 
1077 -114.00 
1078 -116.00 
1079 -123.00 
1080 -123.00 
1081 -127.00 
1082 -123.00 
1083 -200.00 
1084 -115.00 
1085 -123.00 
1086 -116.00 
1087 -116.00 
1088 -123.00 
1089 -121.00 
1090 -122.00 
1091 -123.00 
1092 -122.00 
1093 -122.00 
1094 -120.00 
1095 -122.00 
1096 -114.00 
1097 -124.00 
1098 -117.00 
1099 -122.00 
1100 -114.00 
1101 -122.00 
1102 -115.00 
1103 -118.00 
1104 -200.00 
1105 -119.00 
1106 -114.00 
1107 -114.00 
1108 -114.00 
1109 -114.00 
1110 -132.00 
1111 -116.00 
1112 -121.00 
1113 -134.00 
1114 -114.00 
1115 -123.00 
1116 -121.00 
1117 -116.00 
1118 -116.00 
1119 -116.00 
1120 -200.00 
1121 -117.00 
1122 -123.00 
1123 -200.00 
1124 -200.00 
1125 -122.00 
1126 -121.00 
1127 -122.00 
1128 -121.00 
1129 -121.00 
1130 -115.00 
1131 -200.00 
1132 -122.00 
1133 -119.00 
1134 -122.00 
1135 -126.00 
1136 -117.00 
1137 -114.00 
1138 -122.00 
1139 -124.00 
1140 -200.00 
1141 -125.00 
1142 -114.00 
1143 -122.00 
1144 -122.00 
1145 -125.00 
1146 -122.00 
1147 -128.00 
1148 -121.00 
1149 -200.00 
1150 -116.00 
1151 -200.00 
1152 -123.00 
1153 -117.00 
1154 -122.00 
1155 -115.00 
1156 -122.00 
1157 -123.00 
1158 -115.00 
1159 -119.00 
1160 -117.00 
1161 -123.00 
1162 -115.00 
1163 -128.00 
1164 -122.00 
1165 -128.00 
1166 -114.00 
1167 -128.00 
1168 -117.00 
1169 -123.00 
1170 -123.00 
1171 -115.00 
1172 -114.00 
1173 -116.00 
1174 -114.00 
1175 -117.00 
1176 -122.00 
1177 -114.00 
1178 -118.00 
1179 -122.00 
1180 -200.00 
1181 -125.00 
1182 -114.00 
1183 -123.00 
1184 -123.00 
1185 -115.00 
1186 -118.00 
1187 -115.00 
1188 -118.00 
1189 -124.00 
1190 -122.00 
1191 -122.00 
1192 -113.00 
1193 -132.00 
1194 -125.00 
1195 -114.00 
1196 -115.00 
1197 -123.00 
1198 -120.00 
1199 -124.00 
1200 -117.00 
1201 -116.00 
1202 -200.00 
1203 -121.00 
1204 -125.00 
1205 -200.00 
1206 -114.00 
1207 -115.00 
1208 -123.00 
1209 -117.00 
1210 -122.00 
1211 -122.00 
1212 -116.00 
1213 -117.00 
1214 -121.00 
1215 -121.00 
1216 -200.00 
1217 -124.00 
1218 -114.00 
1219 -200.00 
1220 -117.00 
1221 -123.00 
1222 -114.00 
1223 -114.00 
1224 -126.00 
1225 -117.00 
1226 -118.00 
1227 -200.00 
1228 -200.00 
1229 -122.00 
1230 -122.00 
1231 -122.00 
1232 -124.00 
1233 -120.00 
1234 -116.00 
1235 -114.00 
1236 -131.00 
1237 -122.00 
1238 -119.00 
1239 -118.00 
1240 -115.00 
1241 -200.00 
1242 -116.00 
1243 -114.00 
1244 -121.00 
1245 -121.00 
1246 -131.00 
1247 -121.00 
1248 -124.00 
1249 -117.00 
1250 -116.00 
1251 -200.00 
1252 -124.00 
1253 -122.00 
1254 -200.00 
1255 -115.00 
1256 -116.00 
1257 -115.00 
1258 -117.00 
1259 -200.00 
1260 -114.00 
1261 -200.00 
1262 -200.00 
1263 -121.00 
1264 -200.00 
1265 -120.00 
1266 -116.00 
1267 -116.00 
1268 -123.00 
1269 -114.00 
1270 -118.00 
1271 -114.00 
1272 -200.00 
1273 -200.00 
1274 -114.00 
1275 -200.00 
1276 -124.00 
1277 -123.00 
1278 -123.00 
1279 -117.00 
1280 -122.00 
1281 -131.00 
1282 -116.00 
1283 -127.00 
1284 -116.00 
1285 -118.00 
1286 -200.00 
1287 -116.00 
1288 -114.00 
1289 -200.00 
1290 -122.00 
1291 -121.00 
1292 -115.00 
1293 -118.00 
1294 -117.00 
1295 -200.00 
1296 -200.00 
1297 -116.00 
1298 -115.00 
1299 -120.00 
1300 -124.00 
1301 -200.00 
1302 -122.00 
1303 -123.00 
1304 -117.00 
1305 -200.00 
1306 -114.00 
1307 -117.00 
1308 -200.00 
1309 -118.00 
1310 -200.00 
1311 -121.00 
1312 -114.00 
1313 -116.00 
1314 -123.00 
1315 -115.00 
1316 -116.00 
1317 -119.00 
1318 -200.00 
1319 -200.00 
1320 -121.00 
1321 -126.00 
1322 -131.00 
1323 -122.00 
1324 -123.00 
1325 -118.00 
1326 -123.00 
1327 -122.00 
1328 -200.00 
1329 -130.00 
1330 -122.00 
1331 -123.00 
1332 -117.00 
1333 -115.00 
1334 -200.00 
1335 -120.00 
1336 -122.00 
1337 -115.00 
1338 -122.00 
1339 -123.00 
1340 -114.00 
1341 -115.00 
1342 -123.00 
1343 -123.00 
1344 -122.00 
1345 -118.00 
1346 -122.00 
1347 -126.00 
1348 -114.00 
1349 -126.00 
1350 -123.00 
1351 -115.00 
1352 -116.00 
1353 -120.00 
1354 -127.00 
1355 -126.00 
1356 -119.00 
1357 -122.00 
1358 -128.00 
1359 -114.00 
1360 -122.00 
1361 -122.00 
1362 -124.00 
1363 -124.00 
1364 -123.00 
1365 -122.00 
1366 -114.00 
1367 -117.00 
1368 -123.00 
1369 -119.00 
1370 -114.00 
1371 -115.00 
1372 -122.00 
1373 -122.00 
1374 -114.00 
1375 -115.00 
1376 -122.00 
1377 -114.00 
1378 -122.00 
1379 -122.00 
1380 -118.00 
1381 -115.00 
1382 -121.00 
1383 -122.00 
1384 -122.00 
1385 -120.00 
1386 -115.00 
1387 -122.00 
1388 -114.00 
1389 -114.00 
1390 -123.00 
1391 -200.00 
1392 -119.00 
1393 -119.00 
1394 -200.00 
1395 -122.00 
1396 -125.00 
1397 -122.00 
1398 -124.00 
1399 -128.00 
1400 -121.00 
1401 -200.00 
1402 -119.00 
1403 -122.00 
1404 -116.00 
1405 -118.00 
1406 -125.00 
1407 -123.00 
1408 -127.00 
1409 -121.00 
1410 -200.00 
1411 -114.00 
1412 -115.00 
1413 -128.00 
1414 -123.00 
1415 -123.00 
1416 -115.00 
1417 -200.00 
1418 -127.00 
1419 -200.00 
1420 -125.00 
1421 -200.00 
1422 -121.00 
1423 -114.00 
1424 -127.00 
1425 -114.00 
1426 -200.00 
1427 -122.00 
1428 -119.00 
1429 -122.00 
1430 -124.00 
1431 -115.00 
1432 -118.00 
1433 -123.00 
1434 -126.00 
1435 -117.00 
1436 -117.00 
1437 -114.00 
1438 -122.00 
1439 -123.00 
1440 -117.00 
1441 -121.00 
1442 -115.00 
1443 -200.00 
1444 -127.00 
1445 -118.00 
1446 -118.00 
1447 -114.00 
1448 -122.00 
1449 -133.00 
1450 -200.00 
1451 -124.00 
1452 -115.00 
1453 -123.00 
1454 -123.00 
1455 -123.00 
1456 -121.00 
1457 -115.00 
1458 -122.00 
1459 -127.00 
1460 -114.00 
1461 -122.00 
1462 -118.00 
1463 -119.00 
1464 -121.00 
1465 -116.00 
1466 -118.00 
1467 -116.00 
1468 -200.00 
1469 -124.00 
1470 -114.00 
1471 -114.00 
1472 -123.00 
1473 -115.00 
1474 -200.00 
1475 -121.00 
1476 -200.00 
1477 -115.00 
1478 -115.00 
1479 -200.00 
1480 -122.00 
1481 -129.00 
1482 -123.00 
1483 -123.00 
1484 -116.00 
1485 -115.00 
1486 -122.00 
1487 -114.00 
1488 -116.00 
1489 -200.00 
1490 -123.00 
1491 -200.00 
1492 -128.00 
1493 -123.00 
1494 -122.00 
1495 -114.00 
1496 -114.00 
1497 -114.00 
1498 -122.00 
1499 -200.00 
1500 -200.00 
1501 -122.00 
1502 -122.00 
1503 -123.00 
1504 -119.00 
1505 -115.00 
1506 -123.00 
1507 -119.00 
1508 -115.00 
1509 -118.00 
1510 -121.00 
1511 -115.00 
1512 -125.00 
1513 -118.00 
1514 -122.00 
1515 -121.00 
1516 -122.00 
1517 -200.00 
1518 -122.00 
1519 -121.00 
1520 -200.00 
1521 -122.00 
1522 -115.00 
1523 -122.00 
1524 -200.00 
1525 -122.00 
1526 -117.00 
1527 -200.00 
1528 -122.00 
1529 -123.00 
1530 -119.00 
1531 -122.00 
1532 -121.00 
1533 -122.00 
1534 -117.00 
1535 -122.00 
1536 -200.00 
1537 -114.00 
1538 -118.00 
1539 -129.00 
1540 -114.00 
1541 -122.00 
1542 -123.00 
1543 -129.00 
1544 -129.00 
1545 -122.00 
1546 -125.00 
1547 -116.00 
1548 -200.00 
1549 -116.00 
1550 -123.00 
1551 -117.00 
1552 -119.00 
1553 -121.00 
1554 -122.00 
1555 -122.00 
1556 -122.00 
1557 -130.00 
1558 -122.00 
1559 -125.00 
1560 -120.00 
1561 -122.00 
1562 -200.00 
1563 -117.00 
1564 -121.00 
1565 -117.00 
1566 -126.00 
1567 -200.00 
1568 -200.00 
1569 -200.00 
1570 -122.00 
1571 -114.00 
1572 -123.00 
1573 -115.00 
1574 -124.00 
1575 -120.00 
1576 -123.00 
1577 -123.00 
1578 -200.00 
1579 -122.00 
1580 -122.00 
1581 -200.00 
1582 -121.00 
1583 -115.00 
1584 -123.00 
1585 -200.00 
1586 -114.00 
1587 -114.00 
1588 -117.00 
1589 -125.00 
1590 -124.00 
1591 -123.00 
1592 -119.00 
1593 -122.00 
1594 -119.00 
1595 -122.00 
1596 -114.00 
1597 -114.00 
1598 -114.00 
1599 -118.00 
1600 -123.00 
1601 -122.00 
1602 -126.00 
1603 -117.00 
1604 -133.00 
1605 -120.00 
1606 -114.00 
1607 -114.00 
1608 -123.00 
1609 -123.00 
1610 -200.00 
1611 -120.00 
1612 -200.00 
1613 -116.00 
1614 -115.00 
1615 -133.00 
1616 -200.00 
1617 -129.00 
1618 -126.00 
1619 -123.00 
1620 -117.00 
1621 -115.00 
1622 -125.00 
1623 -200.00 
1624 -114.00 
1625 -125.00 
1626 -131.00 
1627 -125.00 
1628 -119.00 
1629 -122.00 
1630 -122.00 
1631 -128.00 
1632 -122.00 
1633 -115.00 
1634 -200.00 
1635 -129.00 
1636 -122.00 
1637 -115.00 
1638 -114.00 
1639 -123.00 
1640 -126.00 
1641 -122.00 
1642 -200.00 
1643 -122.00 
1644 -114.00 
1645 -121.00 
1646 -114.00 
1647 -115.00 
1648 -122.00 
1649 -200.00 
1650 -121.00 
1651 -123.00 
1652 -114.00 
1653 -200.00 
1654 -119.00 
1655 -119.00 
1656 -200.00 
1657 -123.00 
1658 -115.00 
1659 -115.00 
1660 -122.00 
1661 -120.00 
1662 -129.00 
1663 -116.00 
1664 -200.00 
1665 -122.00 
1666 -117.00 
1667 -123.00 
1668 -200.00 
1669 -122.00 
1670 -200.00 
1671 -122.00 
1672 -122.00 
1673 -123.00 
1674 -117.00 
1675 -116.00 
1676 -114.00 
1677 -128.00 
1678 -122.00 
1679 -114.00 
1680 -126.00 
1681 -115.00 
1682 -124.00 
1683 -114.00 
1684 -122.00 
1685 -200.00 
1686 -134.00 
1687 -124.00 
1688 -114.00 
1689 -122.00 
1690 -126.00 
1691 -200.00 
1692 -119.00 
1693 -200.00 
1694 -123.00 
1695 -116.00 
1696 -124.00 
1697 -200.00 
1698 -122.00 
1699 -130.00 
1700 -115.00 
1701 -124.00 
1702 -122.00 
1703 -124.00 
1704 -123.00 
1705 -200.00 
1706 -122.00 
1707 -122.00 
1708 -127.00 
1709 -125.00 
1710 -122.00 
1711 -125.00 
1712 -115.00 
1713 -115.00 
1714 -200.00 
1715 -121.00 
1716 -116.00 
1717 -114.00 
1718 -116.00 
1719 -200.00 
1720 -200.00 
1721 -115.00 
1722 -122.00 
1723 -122.00 
1724 -114.00 
1725 -115.00 
1726 -200.00 
1727 -200.00 
1728 -115.00 
1729 -123.00 
1730 -200.00 
1731 -117.00 
1732 -200.00 
1733 -131.00 
1734 -115.00 
1735 -117.00 
1736 -200.00 
1737 -122.00 
1738 -117.00 
1739 -200.00 
1740 -118.00 
1741 -117.00 
1742 -126.00 
1743 -200.00 
1744 -122.00 
1745 -116.00 
1746 -118.00 
1747 -123.00 
1748 -121.00 
1749 -114.00 
1750 -200.00 
1751 -200.00 
1752 -115.00 
1753 -115.00 
1754 -118.00 
1755 -122.00 
1756 -200.00 
1757 -200.00 
1758 -132.00 
1759 -128.00 
1760 -123.00 
1761 -122.00 
1762 -122.00 
1763 -115.00 
1764 -122.00 
1765 -115.00 
1766 -114.00 
1767 -124.00 
1768 -123.00 
1769 -122.00 
1770 -134.00 
1771 -122.00 
1772 -116.00 
1773 -122.00 
1774 -119.00 
1775 -122.00 
1776 -124.00 
1777 -200.00 
1778 -200.00 
1779 -116.00 
1780 -116.00 
1781 -200.00 
1782 -115.00 
1783 -128.00 
1784 -114.00 
1785 -114.00 
1786 -125.00 
1787 -122.00 
1788 -119.00 
1789 -132.00 
1790 -200.00 
1791 -122.00 
1792 -115.00 
1793 -200.00 
1794 -126.00 
1795 -114.00 
1796 -200.00 
1797 -121.00 
1798 -122.00 
1799 -122.00 
1800 -122.00 
1801 -200.00 
1802 -122.00 
1803 -115.00 
1804 -200.00 
1805 -122.00 
1806 -120.00 
1807 -121.00 
1808 -119.00 
1809 -119.00 
1810 -118.00 
1811 -114.00 
1812 -200.00 
1813 -119.00 
1814 -122.00 
1815 -200.00 
1816 -120.00 
1817 -115.00 
1818 -122.00 
1819 -116.00 
1820 -200.00 
1821 -125.00 
1822 -114.00 
1823 -200.00 
1824 -117.00 
1825 -114.00 
1826 -120.00 
1827 -200.00 
1828 -123.00 
1829 -123.00 
1830 -114.00 
1831 -122.00 
1832 -122.00 
1833 -122.00 
1834 -122.00 
1835 -125.00 
1836 -121.00 
1837 -116.00 
1838 -120.00 
1839 -117.00 
1840 -116.00 
1841 -126.00 
1842 -122.00 
1843 -118.00 
1844 -121.00 
1845 -115.00 
1846 -121.00 
1847 -200.00 
1848 -122.00 
1849 -122.00 
1850 -127.00 
1851 -115.00 
1852 -115.00 
1853 -115.00 
1854 -200.00 
1855 -122.00 
1856 -200.00 
1857 -114.00 
1858 -116.00 
1859 -123.00 
1860 -116.00 
1861 -116.00 
1862 -127.00 
1863 -116.00 
1864 -114.00 
1865 -116.00 
1866 -200.00 
1867 -125.00 
1868 -114.00 
1869 -128.00 
1870 -123.00 
1871 -122.00 
1872 -121.00 
1873 -131.00 
1874 -121.00 
1875 -123.00 
1876 -200.00 
1877 -114.00 
1878 -132.00 
1879 -120.00 
1880 -122.00 
1881 -123.00 
1882 -122.00 
1883 -114.00 
1884 -122.00 
1885 -115.00 
1886 -121.00 
1887 -117.00 
1888 -200.00 
1889 -118.00 
1890 -122.00 
1891 -123.00 
1892 -122.00 
1893 -123.00 
1894 -200.00 
1895 -129.00 
1896 -200.00 
1897 -114.00 
1898 -117.00 
1899 -115.00 
1900 -128.00 
1901 -200.00 
1902 -127.00 
1903 -115.00 
1904 -200.00 
1905 -200.00 
1906 -123.00 
1907 -122.00 
1908 -122.00 
1909 -122.00 
1910 -123.00 
1911 -122.00 
1912 -117.00 
1913 -125.00 
1914 -116.00 
1915 -116.00 
1916 -122.00 
1917 -122.00 
1918 -125.00 
1919 -114.00 
1920 -125.00 
1921 -115.00 
1922 -121.00 
1923 -122.00 
1924 -200.00 
1925 -115.00 
1926 -117.00 
1927 -122.00 
1928 -200.00 
1929 -200.00 
1930 -115.00 
1931 -127.00 
1932 -123.00 
1933 -116.00 
1934 -200.00 
1935 -115.00 
1936 -128.00 
1937 -122.00 
1938 -122.00 
1939 -126.00 
1940 -122.00 
1941 -122.00 
1942 -118.00 
1943 -114.00 
1944 -133.00 
1945 -114.00 
1946 -122.00 
1947 -122.00 
1948 -116.00 
1949 -115.00 
1950 -125.00 
1951 -125.00 
1952 -114.00 
1953 -125.00 
1954 -125.00 
1955 -200.00 
1956 -116.00 
1957 -116.00 
1958 -119.00 
1959 -122.00 
1960 -200.00 
1961 -113.00 
1962 -200.00 
1963 -123.00 
1964 -200.00 
1965 -122.00 
1966 -118.00 
1967 -122.00 
1968 -123.00 
1969 -124.00 
1970 -124.00 
1971 -122.00 
1972 -200.00 
1973 -123.00 
1974 -125.00 
1975 -116.00 
1976 -122.00 
1977 -125.00 
1978 -122.00 
1979 -126.00 
1980 -122.00 
1981 -129.00 
1982 -124.00 
1983 -200.00 
1984 -122.00 
1985 -200.00 
1986 -133.00 
1987 -121.00 
1988 -200.00 
1989 -116.00 
1990 -119.00 
1991 -200.00 
1992 -136.00 
1993 -115.00 
1994 -114.00 
1995 -114.00 
1996 -117.00 
1997 -114.00 
1998 -116.00 
1999 -122.00 
2000 -121.00 
2001 -120.00 
2002 -116.00 
2003 -129.00 
2004 -124.00 
2005 -122.00 
2006 -122.00 
2007 -129.00 
2008 -122.00 
2009 -120.00 
2010 -200.00 
2011 -123.00 
2012 -114.00 
2013 -118.00 
2014 -117.00 
2015 -115.00 
2016 -115.00 
2017 -122.00 
2018 -123.00 
2019 -122.00 
2020 -122.00 
2021 -122.00 
2022 -122.00 
2023 -123.00 
2024 -118.00 
2025 -122.00 
2026 -114.00 
2027 -118.00 
2028 -124.00 
2029 -115.00 
2030 -121.00 
2031 -124.00 
2032 -122.00 
2033 -200.00 
2034 -125.00 
2035 -122.00 
2036 -125.00 
2037 -117.00 
2038 -200.00 
2039 -114.00 
2040 -200.00 
2041 -122.00 
2042 -122.00 
2043 -123.00 
2044 -115.00 
2045 -122.00 
2046 -125.00 
2047 -122.00 
2048 -123.00 
2049 -122.00 
2050 -116.00 
2051 -121.00 
2052 -200.00 
2053 -116.00 
2054 -115.00 
2055 -122.00 
2056 -120.00 
2057 -117.00 
2058 -200.00 
2059 -117.00 
2060 -122.00 
2061 -122.00 
2062 -125.00 
2063 -122.00 
2064 -122.00 
2065 -119.00 
2066 -122.00 
2067 -116.00 
2068 -114.00 
2069 -126.00 
2070 -200.00 
2071 -124.00 
2072 -122.00 
2073 -117.00 
2074 -126.00 
2075 -122.00 
2076 -129.00 
2077 -122.00 
2078 -126.00 
2079 -125.00 
2080 -114.00 
2081 -118.00 
2082 -200.00 
2083 -115.00 
2084 -115.00 
2085 -122.00 
2086 -122.00 
2087 -125.00 
2088 -122.00 
2089 -114.00 
2090 -123.00 
2091 -200.00 
2092 -122.00 
2093 -200.00 
2094 -122.00 
2095 -125.00 
2096 -125.00 
2097 -125.00 
2098 -200.00 
2099 -114.00 
2100 -121.00 
2101 -200.00 
2102 -200.00 
2103 -124.00 
2104 -122.00 
2105 -115.00 
2106 -124.00 
2107 -118.00 
2108 -115.00 
2109 -116.00 
2110 -124.00 
2111 -200.00 
2112 -200.00 
2113 -118.00 
2114 -122.00 
2115 -122.00 
2116 -119.00 
2117 -122.00 
2118 -115.00 
2119 -123.00 
2120 -122.00 
2121 -114.00 
2122 -117.00 
2123 -200.00 
2124 -200.00 
2125 -120.00 
2126 -123.00 
2127 -124.00 
2128 -114.00 
2129 -119.00 
2130 -122.00 
2131 -115.00 
2132 -125.00 
2133 -122.00 
2134 -200.00 
2135 -200.00 
2136 -124.00 
2137 -122.00 
2138 -129.00 
2139 -122.00 
2140 -124.00 
2141 -122.00 
2142 -114.00 
2143 -115.00 
2144 -123.00 
2145 -114.00 
2146 -122.00 
2147 -120.00 
2148 -117.00 
2149 -123.00 
2150 -115.00 
2151 -200.00 
2152 -200.00 
2153 -117.00 
2154 -126.00 
2155 -122.00 
2156 -117.00 
2157 -200.00 
2158 -116.00 
2159 -122.00 
2160 -118.00 
2161 -122.00 
2162 -123.00 
2163 -123.00 
2164 -114.00 
2165 -200.00 
2166 -121.00 
2167 -122.00 
2168 -200.00 
2169 -116.00 
2170 -126.00 
2171 -122.00 
2172 -123.00 
2173 -122.00 
2174 -122.00 
2175 -128.00 
2176 -116.00 
2177 -123.00 
2178 -115.00 
2179 -115.00 
2180 -115.00 
2181 -124.00 
2182 -123.00 
2183 -114.00 
2184 -200.00 
2185 -119.00 
2186 -116.00 
2187 -131.00 
2188 -116.00 
2189 -122.00 
2190 -115.00 
2191 -115.00 
2192 -122.00 
2193 -127.00 
2194 -119.00 
2195 -125.00 
2196 -200.00 
2197 -131.00 
2198 -131.00 
2199 -124.00 
2200 -122.00 
2201 -122.00 
2202 -122.00 
2203 -126.00 
2204 -114.00 
2205 -122.00 
2206 -115.00 
2207 -118.00 
2208 -200.00 
2209 -123.00 
2210 -117.00 
2211 -115.00 
2212 -117.00 
2213 -123.00 
2214 -115.00 
2215 -118.00 
2216 -125.00 
2217 -122.00 
2218 -122.00 
2219 -122.00 
2220 -123.00 
2221 -122.00 
2222 -200.00 
2223 -121.00 
2224 -124.00 
2225 -121.00 
2226 -122.00 
2227 -124.00 
2228 -122.00 
2229 -200.00 
2230 -122.00 
2231 -114.00 
2232 -200.00 
2233 -115.00 
2234 -200.00 
2235 -122.00 
2236 -116.00 
2237 -122.00 
2238 -114.00 
2239 -120.00 
2240 -115.00 
2241 -122.00 
2242 -125.00 
2243 -123.00 
2244 -114.00 
2245 -122.00 
2246 -123.00 
2247 -117.00 
2248 -122.00 
2249 -125.00 
2250 -116.00 
2251 -124.00 
2252 -122.00 
2253 -122.00 
2254 -122.00 
2255 -131.00 
2256 -122.00 
2257 -114.00 
2258 -126.00 
2259 -115.00 
2260 -200.00 
2261 -115.00 
2262 -123.00 
2263 -114.00 
2264 -122.00 
2265 -114.00 
2266 -123.00 
2267 -122.00 
2268 -124.00 
2269 -200.00 
2270 -123.00 
2271 -131.00 
2272 -122.00 
2273 -132.00 
2274 -115.00 
2275 -200.00 
2276 -127.00 
2277 -114.00 
2278 -127.00 
2279 -132.00 
2280 -119.00 
2281 -128.00 
2282 -117.00 
2283 -200.00 
2284 -123.00 
2285 -114.00 
2286 -122.00 
2287 -115.00 
2288 -129.00 
2289 -122.00 
2290 -131.00 
2291 -200.00 
2292 -116.00 
2293 -122.00 
2294 -132.00 
2295 -115.00 
2296 -123.00 
2297 -115.00 
2298 -124.00 
2299 -122.00 
2300 -115.00 
2301 -123.00 
2302 -115.00 
2303 -123.00 
2304 -114.00 
2305 -115.00 
2306 -122.00 
2307 -125.00 
2308 -120.00 
2309 -122.00 
2310 -123.00 
2311 -123.00 
2312 -122.00 
2313 -123.00 
2314 -128.00 
2315 -128.00 
2316 -136.00 
2317 -115.00 
2318 -126.00 
2319 -123.00 
2320 -114.00 
2321 -116.00 
2322 -115.00 
2323 -122.00 
2324 -122.00 
2325 -116.00 
2326 -122.00 
2327 -200.00 
2328 -127.00 
2329 -122.00 
2330 -121.00 
2331 -115.00 
2332 -200.00 
2333 -123.00 
2334 -114.00 
2335 -122.00 
2336 -122.00 
2337 -131.00 
2338 -116.00 
2339 -121.00 
2340 -115.00 
2341 -119.00 
2342 -124.00 
2343 -114.00 
2344 -115.00 
2345 -119.00 
2346 -117.00 
2347 -130.00 
2348 -115.00 
2349 -125.00 
2350 -122.00 
2351 -115.00 
2352 -119.00 
2353 -122.00 
2354 -122.00 
2355 -122.00 
2356 -122.00 
2357 -120.00 
2358 -123.00 
2359 -122.00 
2360 -122.00 
2361 -116.00 
2362 -200.00 
2363 -200.00 
2364 -114.00 
2365 -120.00 
2366 -121.00 
2367 -121.00 
2368 -200.00 
2369 -124.00 
2370 -115.00 
2371 -123.00 
2372 -200.00 
2373 -122.00 
2374 -122.00 
2375 -114.00 
2376 -135.00 
2377 -126.00 
2378 -116.00 
2379 -122.00 
2380 -121.00 
2381 -120.00 
2382 -117.00 
2383 -200.00 
2384 -122.00 
2385 -115.00 
2386 -124.00 
2387 -114.00 
2388 -126.00 
2389 -129.00 
2390 -118.00 
2391 -122.00 
2392 -122.00 
2393 -123.00 
2394 -120.00 
2395 -116.00 
2396 -124.00 
2397 -115.00 
2398 -200.00 
2399 -126.00 
2400 -125.00 
2401 -122.00 
2402 -115.00 
2403 -131.00 
2404 -200.00 
2405 -115.00 
2406 -200.00 
2407 -115.00 
2408 -119.00 
2409 -122.00 
2410 -122.00 
2411 -125.00 
2412 -117.00 
2413 -116.00 
2414 -117.00 
2415 -123.00 
2416 -125.00 
2417 -200.00 
2418 -119.00 
2419 -122.00 
2420 -200.00 
2421 -133.00 
2422 -130.00 
2423 -124.00 
2424 -116.00 
2425 -122.00 
2426 -122.00 
2427 -126.00 
2428 -114.00 
2429 -122.00 
2430 -114.00 
2431 -122.00 
2432 -125.00 
2433 -117.00 
2434 -124.00 
2435 -118.00 
2436 -114.00 
2437 -122.00 
2438 -200.00 
2439 -119.00 
2440 -200.00 
2441 -115.00 
2442 -122.00 
2443 -114.00 
2444 -119.00 
2445 -117.00 
2446 -125.00 
2447 -200.00 
2448 -122.00 
2449 -122.00 
2450 -200.00 
2451 -123.00 
2452 -116.00 
2453 -131.00 
2454 -127.00 
2455 -133.00 
2456 -123.00 
2457 -122.00 
2458 -122.00 
2459 -117.00 
2460 -126.00 
2461 -119.00 
2462 -117.00 
2463 -117.00 
2464 -122.00 
2465 -133.00 
2466 -115.00 
2467 -123.00 
2468 -200.00 
2469 -122.00 
2470 -200.00 
2471 -117.00 
2472 -114.00 
2473 -115.00 
2474 -124.00 
2475 -125.00 
2476 -200.00 
2477 -117.00 
2478 -115.00 
2479 -115.00 
2480 -118.00 
2481 -119.00 
2482 -122.00 
2483 -124.00 
2484 -115.00 
2485 -114.00 
2486 -122.00 
2487 -115.00 
2488 -116.00 
2489 -115.00 
2490 -115.00 
2491 -122.00 
2492 -126.00 
2493 -122.00 
2494 -116.00 
2495 -124.00 
2496 -122.00 
2497 -200.00 
2498 -122.00 
2499 -121.00 
2500 -126.00 
2501 -120.00 
2502 -200.00 
2503 -122.00 
2504 -130.00 
2505 -117.00 
2506 -119.00 
2507 -115.00 
2508 -200.00 
2509 -117.00 
2510 -118.00 
2511 -123.00 
2512 -124.00 
2513 -116.00 
2514 -122.00 
2515 -115.00 
2516 -129.00 
2517 -200.00 
2518 -121.00 
2519 -122.00 
2520 -200.00 
2521 -121.00 
2522 -121.00 
2523 -116.00 
2524 -115.00 
2525 -200.00 
2526 -122.00 
2527 -200.00 
2528 -115.00 
2529 -117.00 
2530 -200.00 
2531 -117.00 
2532 -114.00 
2533 -122.00 
2534 -127.00 
2535 -122.00 
2536 -116.00 
2537 -121.00 
2538 -114.00 
2539 -122.00 
2540 -122.00 
2541 -122.00 
2542 -116.00 
2543 -122.00 
2544 -122.00 
2545 -117.00 
2546 -200.00 
2547 -117.00 
2548 -114.00 
2549 -122.00 
2550 -118.00 
2551 -200.00 
2552 -117.00 
2553 -120.00 
2554 -115.00 
2555 -117.00 
2556 -123.00 
2557 -124.00 
2558 -200.00 
2559 -127.00 
2560 -129.00 
2561 -122.00 
2562 -124.00 
2563 -122.00 
2564 -122.00 
2565 -122.00 
2566 -122.00 
2567 -117.00 
2568 -119.00 
2569 -122.00 
2570 -125.00 
2571 -116.00 
2572 -124.00 
2573 -114.00 
2574 -127.00 
2575 -114.00 
2576 -200.00 
2577 -122.00 
2578 -114.00 
2579 -126.00 
2580 -123.00 
2581 -122.00 
2582 -122.00 
2583 -118.00 
2584 -128.00 
2585 -122.00 
2586 -200.00 
2587 -122.00 
2588 -120.00 
2589 -130.00 
2590 -115.00 
2591 -120.00 
2592 -122.00 
2593 -119.00 
2594 -123.00 
2595 -122.00 
2596 -117.00 
2597 -122.00 
2598 -122.00 
2599 -115.00 
2600 -115.00 
2601 -124.00 
2602 -121.00 
2603 -117.00 
2604 -118.00 
2605 -114.00 
2606 -122.00 
2607 -122.00 
2608 -114.00 
2609 -117.00 
2610 -122.00 
2611 -119.00 
2612 -200.00 
2613 -125.00 
2614 -122.00 
2615 -116.00 
2616 -122.00 
2617 -122.00 
2618 -127.00 
2619 -122.00 
2620 -125.00 
2621 -122.00 
2622 -119.00 
2623 -122.00 
2624 -200.00 
2625 -123.00 
2626 -119.00 
2627 -200.00 
2628 -114.00 
2629 -122.00 
2630 -121.00 
2631 -127.00 
2632 -118.00 
2633 -200.00 
2634 -200.00 
2635 -122.00 
2636 -122.00 
2637 -122.00 
2638 -122.00 
2639 -116.00 
2640 -122.00 
2641 -200.00 
2642 -200.00 
2643 -114.00 
2644 -118.00 
2645 -114.00 
2646 -115.00 
2647 -124.00 
2648 -117.00 
2649 -125.00 
2650 -125.00 
2651 -121.00 
2652 -122.00 
2653 -118.00 
2654 -123.00 
2655 -120.00 
2656 -122.00 
2657 -115.00 
2658 -123.00 
2659 -122.00 
2660 -115.00 
2661 -115.00 
2662 -121.00 
2663 -114.00 
2664 -127.00 
2665 -124.00 
2666 -122.00 
2667 -122.00 
2668 -115.00 
2669 -122.00 
2670 -114.00 
2671 -123.00 
2672 -124.00 
2673 -123.00 
2674 -123.00 
2675 -122.00 
2676 -200.00 
2677 -122.00 
2678 -200.00 
2679 -117.00 
2680 -122.00 
2681 -129.00 
2682 -200.00 
2683 -123.00 
2684 -134.00 
2685 -114.00 
2686 -116.00 
2687 -121.00 
2688 -122.00 
2689 -122.00 
2690 -123.00 
2691 -114.00 
2692 -200.00 
2693 -118.00 
2694 -116.00 
2695 -122.00 
2696 -114.00 
2697 -115.00 
2698 -121.00 
2699 -131.00 
2700 -114.00 
2701 -118.00 
2702 -114.00 
2703 -129.00 
2704 -122.00 
2705 -122.00 
2706 -119.00 
2707 -117.00 
2708 -116.00 
2709 -124.00 
2710 -114.00 
2711 -128.00 
2712 -122.00 
2713 -121.00 
2714 -124.00 
2715 -118.00 
2716 -125.00 
2717 -115.00 
2718 -122.00 
2719 -117.00 
2720 -116.00 
2721 -115.00 
2722 -122.00 
2723 -115.00 
2724 -117.00 
2725 -122.00 
2726 -130.00 
2727 -200.00 
2728 -123.00 
2729 -200.00 
2730 -122.00 
2731 -122.00 
2732 -115.00 
2733 -122.00 
2734 -115.00 
2735 -116.00 
2736 -122.00 
2737 -121.00 
2738 -122.00 
2739 -129.00 
2740 -200.00 
2741 -122.00 
2742 -118.00 
2743 -123.00 
2744 -115.00 
2745 -135.00 
2746 -200.00 
2747 -124.00 
2748 -125.00 
2749 -200.00 
2750 -117.00 
2751 -122.00 
2752 -119.00 
2753 -200.00 
2754 -116.00 
2755 -117.00 
2756 -117.00 
2757 -116.00 
2758 -200.00 
2759 -116.00 
2760 -117.00 
2761 -200.00 
2762 -114.00 
2763 -114.00 
2764 -117.00 
2765 -122.00 
2766 -121.00 
2767 -121.00 
2768 -114.00 
2769 -126.00 
2770 -122.00 
2771 -121.00 
2772 -122.00 
2773 -114.00 
2774 -200.00 
2775 -118.00 
2776 -124.00 
2777 -116.00 
2778 -200.00 
2779 -125.00 
2780 -120.00 
2781 -127.00 
2782 -122.00 
2783 -133.00 
2784 -200.00 
2785 -115.00 
2786 -114.00 
2787 -116.00 
2788 -200.00 
2789 -115.00 
2790 -125.00 
2791 -118.00 
2792 -122.00 
2793 -116.00 
2794 -114.00 
2795 -200.00 
2796 -200.00 
2797 -119.00 
2798 -119.00 
2799 -123.00 
2800 -115.00 
2801 -114.00 
2802 -200.00 
2803 -115.00 
2804 -122.00 
2805 -122.00 
2806 -122.00 
2807 -116.00 
2808 -122.00 
2809 -125.00 
2810 -122.00 
2811 -117.00 
2812 -123.00 
2813 -122.00 
2814 -123.00 
2815 -114.00 
2816 -200.00 
2817 -123.00 
2818 -122.00 
2819 -122.00 
2820 -124.00 
2821 -124.00 
2822 -124.00 
2823 -118.00 
2824 -114.00 
2825 -128.00 
2826 -122.00 
2827 -200.00 
2828 -115.00 
2829 -114.00 
2830 -116.00 
2831 -122.00 
2832 -122.00 
2833 -132.00 
2834 -128.00 
2835 -117.00 
2836 -114.00 
2837 -125.00 
2838 -117.00 
2839 -115.00 
2840 -122.00 
2841 -118.00 
2842 -121.00 
2843 -122.00 
2844 -122.00 
2845 -115.00 
2846 -126.00 
2847 -200.00 
2848 -122.00 
2849 -123.00 
2850 -115.00 
2851 -123.00 
2852 -125.00 
2853 -130.00 
2854 -123.00 
2855 -114.00 
2856 -119.00 
2857 -114.00 
2858 -123.00 
2859 -117.00 
2860 -132.00 
2861 -122.00 
2862 -117.00 
2863 -131.00 
2864 -117.00 
2865 -120.00 
2866 -114.00 
2867 -122.00 
2868 -117.00 
2869 -119.00 
2870 -120.00 
2871 -124.00 
2872 -124.00 
2873 -200.00 
2874 -116.00 
2875 -123.00 
2876 -123.00 
2877 -200.00 
2878 -123.00 
2879 -126.00 
2880 -119.00 
2881 -122.00 
2882 -117.00 
2883 -200.00 
2884 -122.00 
2885 -122.00 
2886 -122.00 
2887 -116.00 
2888 -200.00 
2889 -122.00 
2890 -117.00 
2891 -114.00 
2892 -200.00 
2893 -122.00 
2894 -117.00 
2895 -117.00 
2896 -124.00 
2897 -122.00 
2898 -121.00 
2899 -122.00 
2900 -200.00 
2901 -114.00 
2902 -122.00 
2903 -119.00 
2904 -200.00 
2905 -122.00 
2906 -118.00 
2907 -200.00 
2908 -115.00 
2909 -119.00 
2910 -122.00 
2911 -121.00 
2912 -122.00 
2913 -115.00 
2914 -123.00 
2915 -200.00 
2916 -122.00 
2917 -130.00 
2918 -122.00 
2919 -119.00 
2920 -116.00 
2921 -123.00 
2922 -125.00 
2923 -200.00 
2924 -114.00 
2925 -114.00 
2926 -125.00 
2927 -123.00 
2928 -200.00 
2929 -115.00 
2930 -123.00 
2931 -120.00 
2932 -118.00 
2933 -200.00 
2934 -114.00 
2935 -122.00 
2936 -122.00 
2937 -122.00 
2938 -127.00 
2939 -118.00 
2940 -115.00 
2941 -114.00 
2942 -122.00 
2943 -116.00 
2944 -125.00 
2945 -124.00 
2946 -122.00 
2947 -122.00 
2948 -117.00 
2949 -122.00 
2950 -115.00 
2951 -122.00 
2952 -115.00 
2953 -122.00 
2954 -118.00 
2955 -123.00 
2956 -200.00 
2957 -116.00 
2958 -134.00 
2959 -122.00 
2960 -124.00 
2961 -122.00 
2962 -125.00 
2963 -114.00 
2964 -122.00 
2965 -121.00 
2966 -124.00 
2967 -134.00 
2968 -115.00 
2969 -116.00 
2970 -118.00 
2971 -200.00 
2972 -117.00 
2973 -115.00 
2974 -200.00 
2975 -119.00 
2976 -128.00 
2977 -122.00 
2978 -115.00 
2979 -116.00 
2980 -122.00 
2981 -114.00 
2982 -122.00 
2983 -200.00 
2984 -122.00 
2985 -114.00 
2986 -122.00 
2987 -122.00 
2988 -122.00 
2989 -122.00 
2990 -118.00 
2991 -128.00 
2992 -119.00 
2993 -117.00 
2994 -126.00 
2995 -121.00 
2996 -200.00 
2997 -114.00 
2998 -121.00 
2999 -117.00 
3000 -136.00 
