Seed 0:
0 -683.77 
1 -508.43 
2 -500.88 
3 -178.34 
4 -429.97 
5 -244.88 
6 -146.09 
7 -239.33 
8 4.79 
9 0.17 
10 -0.44 
11 -0.06 
12 0.11 
13 0.02 
14 -0.27 
15 -2.16 
16 0.38 
17 -1.11 
18 -0.60 
19 169.59 
20 253.87 
21 222.69 
22 1159.37 
23 1611.87 
24 1589.77 
25 1623.28 
26 1660.14 
27 1696.87 
28 1677.43 
29 1701.81 
30 1650.66 
31 1635.49 
32 1666.71 
33 1714.80 
34 1737.81 
35 1710.36 
36 1759.00 
37 1685.96 
38 1755.25 
39 1745.27 
40 1697.89 
41 1732.54 
42 1668.35 
43 1659.78 
44 1681.65 
45 1720.53 
46 1670.94 
47 1614.22 
48 1725.60 
49 1658.86 
50 1693.43 
51 1700.74 
52 1717.56 
53 1734.80 
54 1648.02 
55 1666.57 
56 1657.78 
57 1715.31 
58 1755.36 
59 1676.79 
60 1683.18 
61 1692.94 
62 1721.69 
63 1762.79 
64 1688.61 
65 1725.34 
66 1671.95 
67 1607.47 
68 1701.81 
69 1700.44 
70 1689.56 
71 1740.97 
72 1775.92 
73 1661.81 
74 1681.08 
75 1706.11 
76 1742.82 
77 1695.10 
78 1650.42 
79 1688.33 
80 1749.52 
81 1686.37 
82 1737.68 
83 1738.47 
84 1732.94 
85 1696.75 
86 1738.96 
87 1742.73 
88 1688.46 
89 1654.61 
90 1646.71 
91 1679.80 
92 1674.10 
93 1773.00 
94 1772.28 
95 1723.48 
96 1731.78 
97 1673.47 
98 1649.71 
99 1687.90 
100 1739.94 
101 1695.03 
102 1723.36 
103 1657.41 
104 1651.71 
105 1711.57 
106 1710.97 
107 1804.58 
108 1652.88 
109 1752.37 
110 1704.77 
111 1726.02 
112 1703.60 
113 1777.43 
114 1647.55 
115 1745.05 
116 1752.01 
117 1717.42 
118 1773.99 
119 1758.00 
120 1704.07 
121 1688.75 
122 1712.03 
123 1725.04 
124 1674.78 
125 1678.09 
126 1650.98 
127 1729.73 
128 1721.33 
129 1776.21 
130 1703.77 
131 1741.60 
132 1702.70 
133 1683.42 
134 1709.43 
135 1629.25 
136 1657.90 
137 1668.84 
138 1647.70 
139 1704.08 
140 1776.46 
141 1666.24 
142 1726.25 
143 1718.46 
144 1744.05 
145 1690.90 
146 1727.28 
147 1733.19 
148 1719.65 
149 1764.88 
150 1762.67 
151 1725.87 
152 1717.34 
153 1735.89 
154 1727.38 
155 1587.07 
156 1693.05 
157 1721.98 
158 1642.20 
159 1808.97 
160 1758.00 
161 1725.40 
162 1791.37 
163 1717.08 
164 1741.95 
165 1708.70 
166 1709.95 
167 1757.74 
168 1730.12 
169 1682.85 
170 1681.39 
171 1691.67 
172 1645.91 
173 1679.50 
174 1729.75 
175 1677.88 
176 1740.94 
177 1726.33 
178 1662.00 
179 1693.73 
180 1718.22 
181 1778.12 
182 1761.53 
183 1719.19 
184 1738.21 
185 1772.51 
186 1725.08 
187 1730.08 
188 1707.02 
189 1710.45 
190 1650.98 
191 1699.11 
192 1758.19 
193 1703.02 
194 1764.52 
195 1733.69 
196 1762.31 
197 1746.21 
198 1709.95 
199 1660.96 
200 1621.61 
201 1754.41 
202 1688.17 
203 1708.19 
204 1721.65 
205 1700.61 
206 1719.25 
207 1730.24 
208 1732.72 
209 1755.53 
210 1767.80 
211 1664.46 
212 1737.55 
213 1741.56 
214 1703.80 
215 1716.21 
216 1695.05 
217 1698.25 
218 1635.84 
219 1701.18 
220 1669.36 
221 1762.54 
222 1728.23 
223 1695.83 
224 1739.50 
225 1660.88 
226 1720.68 
227 1766.59 
228 1737.82 
229 1732.47 
230 1738.89 
231 1737.79 
232 1785.70 
233 1713.13 
234 1723.65 
235 1727.90 
236 1716.42 
237 1644.09 
238 1747.41 
239 1681.44 
240 1714.75 
241 1680.68 
242 1727.09 
243 1700.13 
244 1741.87 
245 1736.85 
246 1637.62 
247 1717.54 
248 1695.01 
249 1750.63 
250 1752.08 
251 1748.68 
252 1758.97 
253 1723.68 
254 1692.53 
255 1707.04 
256 1724.96 
257 1662.83 
258 1740.54 
259 1664.42 
260 1719.07 
261 1692.71 
262 1774.78 
263 1703.41 
264 1736.61 
265 1720.01 
266 1791.26 
267 1732.34 
268 1783.85 
269 1754.74 
270 1725.25 
271 1765.70 
272 1731.32 
273 1777.43 
274 1661.11 
275 1687.11 
276 1714.36 
277 1738.17 
278 1716.15 
279 1763.06 
280 1741.83 
281 1751.43 
282 1679.08 
283 1757.84 
284 1750.17 
285 1743.53 
286 1704.82 
287 1682.78 
288 1728.77 
289 1675.37 
290 1667.27 
291 1680.47 
292 1761.76 
293 1700.57 
294 1696.94 
295 1664.66 
296 1690.34 
297 1715.99 
298 1717.89 
299 1729.20 
300 1746.01 
301 1704.70 
302 1728.98 
303 1794.44 
304 1773.44 
305 1721.16 
306 1747.58 
307 1752.46 
308 1714.33 
309 1757.39 
310 1760.34 
311 1720.87 
312 1702.65 
313 1753.47 
314 1722.17 
315 1647.50 
316 1685.24 
317 1708.24 
318 1755.01 
319 1722.89 
320 1707.26 
321 1703.15 
322 1782.38 
323 1700.56 
324 1715.68 
325 1689.88 
326 1726.14 
327 1664.27 
328 1734.43 
329 1754.90 
330 1693.80 
331 1766.38 
332 1735.18 
333 1747.95 
334 1695.41 
335 1714.93 
336 1762.57 
337 1715.29 
338 1741.34 
339 1749.28 
340 1804.58 
341 1714.13 
342 1734.63 
343 1673.24 
344 1740.05 
345 1746.70 
346 1691.14 
347 1776.37 
348 1761.90 
349 1773.63 
350 1765.58 
351 1727.12 
352 1707.26 
353 1754.16 
354 1741.56 
355 1762.83 
356 1777.66 
357 1696.95 
358 1797.22 
359 1728.95 
360 1718.28 
361 1697.02 
362 1719.03 
363 1709.09 
364 1737.61 
365 1777.85 
366 1755.02 
367 1695.29 
368 1720.51 
369 1725.95 
370 1689.21 
371 1680.65 
372 1724.43 
373 1736.93 
374 1746.60 
375 1712.16 
376 1697.42 
377 1725.56 
378 1755.71 
379 1792.06 
380 1791.58 
381 1736.16 
382 1750.28 
383 1747.10 
384 1760.41 
385 1725.73 
386 1684.49 
387 1694.09 
388 1743.83 
389 1752.23 
390 1697.50 
391 1739.47 
392 1722.80 
393 1727.01 
394 1786.72 
395 1753.66 
396 1773.80 
397 1738.64 
398 1754.17 
399 1678.55 
400 1737.72 
401 1718.38 
402 1771.45 
403 1808.93 
404 1747.30 
405 1740.30 
406 1753.32 
407 1698.70 
408 1742.03 
409 1740.23 
410 1701.82 
411 1778.71 
412 1708.54 
413 1740.54 
414 1668.71 
415 1704.41 
416 1766.38 
417 1694.01 
418 1712.22 
419 1725.86 
420 1716.13 
421 1802.09 
422 1734.75 
423 1719.77 
424 1724.78 
425 1741.26 
426 1697.65 
427 1768.66 
428 1773.02 
429 1730.48 
430 1734.39 
431 1698.52 
432 1787.03 
433 1759.03 
434 1740.99 
435 1773.78 
436 1733.71 
437 1721.16 
438 1817.41 
439 1730.31 
440 1723.25 
441 1738.38 
442 1696.45 
443 1775.40 
444 1665.16 
445 1732.45 
446 1719.67 
447 1753.46 
448 1761.39 
449 1746.70 
450 1763.86 
451 1751.63 
452 1787.86 
453 1788.49 
454 1676.48 
455 1763.13 
456 1719.14 
457 1717.74 
458 1706.71 
459 1724.27 
460 1702.39 
461 1756.42 
462 1730.77 
463 1723.31 
464 1730.48 
465 1783.50 
466 1702.51 
467 1729.30 
468 1678.73 
469 1721.40 
470 1725.95 
471 1764.83 
472 1710.50 
473 1746.60 
474 1677.83 
475 1693.79 
476 1728.50 
477 1727.71 
478 1740.81 
479 1729.68 
480 1765.37 
481 1741.71 
482 1766.91 
483 1730.23 
484 1755.27 
485 1759.01 
486 1791.35 
487 1785.85 
488 1734.82 
489 1734.67 
490 1712.49 
491 1723.87 
492 1702.40 
493 1741.72 
494 1679.44 
495 1756.34 
496 1728.60 
497 1691.80 
498 1725.04 
499 1712.18 
500 1677.52 
501 1767.88 
502 1738.41 
503 1753.32 
504 1672.91 
505 1737.55 
506 1723.03 
507 1773.06 
508 1723.02 
509 1710.47 
510 1691.04 
511 1721.21 
512 1716.71 
513 1746.44 
514 1721.69 
515 1740.57 
516 1693.26 
517 1711.40 
518 1742.67 
519 1677.45 
520 1725.30 
521 1732.23 
522 1742.68 
523 1713.22 
524 1753.63 
525 1741.96 
526 1699.49 
527 1767.87 
528 1697.63 
529 1767.58 
530 1740.00 
531 1742.54 
532 1760.66 
533 1734.92 
534 1726.33 
535 1756.64 
536 1732.46 
537 1694.93 
538 1779.47 
539 1743.80 
540 1759.73 
541 1735.05 
542 1814.46 
543 1803.35 
544 1743.37 
545 1765.70 
546 1706.29 
547 1720.50 
548 1759.80 
549 1785.05 
550 1665.75 
551 1805.43 
552 1695.93 
553 1730.17 
554 1742.88 
555 1745.95 
556 1704.69 
557 1695.06 
558 1682.79 
559 1742.05 
560 1717.39 
561 1759.01 
562 1754.23 
563 1728.28 
564 1704.11 
565 1719.33 
566 1746.47 
567 1769.69 
568 1728.08 
569 1729.59 
570 1734.17 
571 1736.76 
572 1741.79 
573 1715.15 
574 1770.53 
575 1780.56 
576 1704.51 
577 1682.56 
578 1757.36 
579 1734.81 
580 1769.39 
581 1729.44 
582 1706.94 
583 1728.17 
584 1733.07 
585 1725.28 
586 1781.16 
587 1703.64 
588 1666.37 
589 1716.52 
590 1702.59 
591 1682.53 
592 1685.08 
593 1705.68 
594 1704.99 
595 1736.83 
596 1758.67 
597 1752.47 
598 1721.12 
599 1782.26 
600 1694.45 
601 1730.82 
602 1707.49 
603 1732.37 
604 1710.13 
605 1723.91 
606 1763.62 
607 1746.69 
608 1817.21 
609 1748.53 
610 1745.23 
611 1791.79 
612 1724.81 
613 1760.97 
614 1717.01 
615 1746.71 
616 1730.09 
617 1717.98 
618 1751.97 
619 1730.96 
620 1693.93 
621 1691.39 
622 1760.52 
623 1730.41 
624 1726.60 
625 1703.38 
626 1746.30 
627 1756.48 
628 1742.90 
629 1749.87 
630 1716.15 
631 1736.94 
632 1785.96 
633 1713.17 
634 1686.60 
635 1723.94 
636 1710.14 
637 1771.14 
638 1752.68 
639 1752.95 
640 1728.40 
641 1659.01 
642 1722.99 
643 1713.24 
644 1710.03 
645 1690.10 
646 1794.46 
647 1680.44 
648 1737.63 
649 1739.01 
650 1721.32 
651 1722.44 
652 1704.25 
653 1686.69 
654 1704.20 
655 1710.66 
656 1745.40 
657 1779.72 
658 1728.96 
659 1730.97 
660 1730.12 
661 1739.82 
662 1783.46 
663 1743.05 
664 1664.98 
665 1750.95 
666 1701.37 
667 1692.91 
668 1675.23 
669 1731.49 
670 1763.85 
671 1714.49 
672 1729.50 
673 1718.66 
674 1695.99 
675 1709.83 
676 1750.18 
677 1742.26 
678 1735.22 
679 1723.02 
680 1733.58 
681 1744.15 
682 1759.66 
683 1763.63 
684 1701.65 
685 1777.29 
686 1751.47 
687 1769.69 
688 1745.32 
689 1757.28 
690 1756.26 
691 1737.91 
692 1735.22 
693 1755.85 
694 1750.04 
695 1746.74 
696 1656.34 
697 1781.30 
698 1727.26 
699 1723.46 
700 1754.36 
701 1725.43 
702 1771.83 
703 1768.84 
704 1724.29 
705 1745.07 
706 1698.82 
707 1702.69 
708 1721.05 
709 1775.02 
710 1750.89 
711 1786.36 
712 1684.63 
713 1737.97 
714 1742.88 
715 1787.97 
716 1749.19 
717 1737.42 
718 1710.31 
719 1733.66 
720 1748.44 
721 1758.18 
722 1721.89 
723 1751.36 
724 1789.16 
725 1758.96 
726 1796.92 
727 1688.73 
728 1713.62 
729 1766.10 
730 1692.18 
731 1735.93 
732 1714.43 
733 1721.79 
734 1727.39 
735 1789.27 
736 1727.55 
737 1697.87 
738 1796.66 
739 1746.35 
740 1700.87 
741 1698.69 
742 1737.71 
743 1741.97 
744 1786.30 
745 1731.26 
746 1726.07 
747 1748.53 
748 1719.28 
749 1679.66 
750 1744.24 
751 1737.24 
752 1719.12 
753 1713.87 
754 1732.83 
755 1732.35 
756 1737.50 
757 1788.24 
758 1740.96 
759 1692.70 
760 1851.07 
761 1673.52 
762 1728.81 
763 1760.77 
764 1772.78 
765 1693.80 
766 1748.19 
767 1687.68 
768 1697.77 
769 1762.65 
770 1724.79 
771 1725.42 
772 1768.36 
773 1729.86 
774 1762.33 
775 1710.87 
776 1678.40 
777 1762.42 
778 1723.97 
779 1728.69 
780 1707.99 
781 1724.66 
782 1767.31 
783 1647.45 
784 1712.03 
785 1737.44 
786 1742.24 
787 1787.80 
788 1698.87 
789 1739.85 
790 1720.85 
791 1715.95 
792 1709.38 
793 1690.03 
794 1708.64 
795 1780.46 
796 1694.69 
797 1763.81 
798 1766.10 
799 1739.04 
800 1760.48 
801 1726.07 
802 1770.53 
803 1722.88 
804 1751.41 
805 1753.48 
806 1776.47 
807 1726.31 
808 1701.10 
809 1692.83 
810 1754.75 
811 1765.31 
812 1732.91 
813 1738.79 
814 1743.61 
815 1749.94 
816 1744.59 
817 1763.45 
818 1710.70 
819 1747.90 
820 1723.96 
821 1741.24 
822 1715.89 
823 1680.25 
824 1730.66 
825 1703.15 
826 1688.04 
827 1735.84 
828 1746.84 
829 1715.86 
830 1714.47 
831 1727.23 
832 1666.00 
833 1753.44 
834 1729.36 
835 1679.44 
836 1667.02 
837 1726.87 
838 1781.07 
839 1729.35 
840 1723.77 
841 1752.22 
842 1752.85 
843 1742.25 
844 1729.41 
845 1729.67 
846 1723.87 
847 1705.70 
848 1752.11 
849 1677.75 
850 1706.75 
851 1742.67 
852 1720.81 
853 1742.41 
854 1740.29 
855 1769.74 
856 1755.26 
857 1762.96 
858 1720.03 
859 1721.10 
860 1752.42 
861 1744.74 
862 1693.30 
863 1744.21 
864 1717.58 
865 1766.85 
866 1738.67 
867 1759.95 
868 1727.40 
869 1791.47 
870 1720.18 
871 1719.50 
872 1751.34 
873 1755.73 
874 1728.00 
875 1779.41 
876 1734.40 
877 1698.79 
878 1729.35 
879 1772.14 
880 1698.55 
881 1728.62 
882 1753.84 
883 1730.73 
884 1797.10 
885 1741.92 
886 1711.61 
887 1724.67 
888 1716.74 
889 1735.21 
890 1763.33 
891 1742.00 
892 1732.11 
893 1679.20 
894 1716.07 
895 1710.93 
896 1726.05 
897 1777.41 
898 1727.14 
899 1692.49 
900 1650.20 
901 1721.92 
902 1785.96 
903 1767.58 
904 1735.77 
905 1710.12 
906 1746.79 
907 1741.35 
908 1720.58 
909 1722.19 
910 1707.52 
911 1709.35 
912 1725.73 
913 1749.25 
914 1680.73 
915 1736.89 
916 1718.43 
917 1721.57 
918 1736.51 
919 1737.37 
920 1771.13 
921 1695.14 
922 1692.22 
923 1724.12 
924 1705.62 
925 1742.49 
926 1714.17 
927 1703.50 
928 1741.53 
929 1688.01 
930 1754.62 
931 1753.13 
932 1758.40 
933 1742.23 
934 1720.11 
935 1734.46 
936 1701.72 
937 1730.05 
938 1744.20 
939 1754.46 
940 1725.20 
941 1657.65 
942 1777.17 
943 1697.69 
944 1765.67 
945 1698.59 
946 1742.53 
947 1705.41 
948 1748.41 
949 1771.79 
950 1705.74 
951 1723.15 
952 1748.89 
953 1732.75 
954 1751.38 
955 1761.67 
956 1723.45 
957 1718.71 
958 1763.63 
959 1765.20 
960 1720.45 
961 1754.93 
962 1728.77 
963 1772.45 
964 1747.28 
965 1702.23 
966 1720.40 
967 1727.60 
968 1744.23 
969 1716.52 
970 1740.97 
971 1726.96 
972 1716.34 
973 1725.46 
974 1735.62 
975 1717.88 
976 1688.43 
977 1711.57 
978 1684.55 
979 1765.43 
980 1705.66 
981 1777.90 
982 1725.66 
983 1725.42 
984 1789.62 
985 1694.57 
986 1715.89 
987 1740.11 
988 1764.25 
989 1710.24 
990 1756.17 
991 1698.18 
992 1761.96 
993 1743.92 
994 1753.54 
995 1724.63 
996 1684.24 
997 1768.17 
998 1782.17 
999 1705.25 
1000 1779.53 
1001 1745.45 
1002 1704.14 
1003 1684.89 
1004 1734.87 
1005 1721.32 
1006 1664.96 
1007 1728.63 
1008 1723.26 
1009 1750.86 
1010 1742.27 
1011 1687.67 
1012 1688.68 
1013 1765.44 
1014 1734.04 
1015 1672.80 
1016 1731.46 
1017 1730.65 
1018 1710.11 
1019 1736.28 
1020 1684.78 
1021 1722.65 
1022 1759.65 
1023 1741.17 
1024 1753.88 
1025 1699.82 
1026 1717.79 
1027 1776.24 
1028 1792.44 
1029 1714.07 
1030 1729.28 
1031 1731.87 
1032 1745.93 
1033 1719.58 
1034 1738.60 
1035 1771.97 
1036 1734.69 
1037 1751.76 
1038 1743.65 
1039 1747.57 
1040 1700.74 
1041 1773.59 
1042 1738.17 
1043 1724.58 
1044 1778.87 
1045 1727.06 
1046 1731.58 
1047 1700.68 
1048 1749.85 
1049 1775.95 
1050 1697.71 
1051 1731.86 
1052 1760.47 
1053 1761.92 
1054 1784.42 
1055 1725.62 
1056 1739.00 
1057 1786.71 
1058 1739.50 
1059 1745.65 
1060 1672.02 
1061 1747.36 
1062 1676.19 
1063 1744.42 
1064 1750.96 
1065 1711.07 
1066 1749.38 
1067 1761.89 
1068 1721.39 
1069 1737.84 
1070 1778.08 
1071 1712.69 
1072 1714.95 
1073 1736.17 
1074 1753.60 
1075 1742.56 
1076 1754.21 
1077 1747.05 
1078 1734.89 
1079 1725.84 
1080 1704.38 
1081 1797.68 
1082 1762.13 
1083 1725.76 
1084 1730.54 
1085 1781.57 
1086 1767.04 
1087 1755.66 
1088 1800.15 
1089 1788.18 
1090 1725.24 
1091 1763.99 
1092 1742.24 
1093 1772.75 
1094 1733.70 
1095 1718.16 
1096 1742.24 
1097 1731.51 
1098 1674.77 
1099 1781.61 
1100 1764.42 
1101 1777.81 
1102 1792.22 
1103 1769.35 
1104 1775.02 
1105 1791.69 
1106 1771.20 
1107 1708.10 
1108 1747.49 
1109 1738.89 
1110 1764.03 
1111 1713.30 
1112 1709.55 
1113 1772.94 
1114 1722.04 
1115 1708.56 
1116 1748.06 
1117 1724.18 
1118 1738.27 
1119 1783.42 
1120 1746.94 
1121 1765.72 
1122 1721.46 
1123 1795.00 
1124 1757.58 
1125 1739.37 
1126 1771.11 
1127 1727.84 
1128 1718.79 
1129 1720.18 
1130 1695.72 
1131 1791.87 
1132 1704.97 
1133 1780.80 
1134 1736.03 
1135 1761.44 
1136 1739.55 
1137 1738.47 
1138 1728.05 
1139 1755.60 
1140 1762.61 
1141 1783.29 
1142 1707.33 
1143 1737.30 
1144 1794.15 
1145 1757.97 
1146 1757.92 
1147 1733.96 
1148 1770.81 
1149 1748.36 
1150 1742.54 
1151 1731.73 
1152 1714.70 
1153 1713.58 
1154 1781.08 
1155 1741.28 
1156 1774.33 
1157 1740.00 
1158 1698.24 
1159 1744.86 
1160 1727.50 
1161 1796.19 
1162 1768.22 
1163 1786.36 
1164 1739.99 
1165 1771.44 
1166 1780.60 
1167 1754.20 
1168 1782.58 
1169 1787.50 
1170 1782.74 
1171 1730.42 
1172 1750.99 
1173 1783.26 
1174 1784.70 
1175 1751.06 
1176 1742.05 
1177 1778.39 
1178 1784.13 
1179 1759.31 
1180 1759.08 
1181 1817.73 
1182 1740.72 
1183 1753.72 
1184 1753.79 
1185 1803.69 
1186 1765.91 
1187 1797.15 
1188 1739.08 
1189 1790.93 
1190 1790.75 
1191 1784.06 
1192 1758.02 
1193 1751.74 
1194 1757.33 
1195 1762.29 
1196 1778.30 
1197 1784.42 
1198 1791.52 
1199 1776.27 
1200 1805.21 
1201 1779.75 
1202 1782.04 
1203 1767.43 
1204 1765.91 
1205 1773.33 
1206 1800.03 
1207 1813.66 
1208 1811.65 
1209 1800.49 
1210 1794.66 
1211 1745.29 
1212 1750.58 
1213 1785.82 
1214 1775.28 
1215 1785.53 
1216 1762.11 
1217 1766.10 
1218 1775.85 
1219 1768.17 
1220 1802.11 
1221 1779.86 
1222 1755.66 
1223 1790.31 
1224 1763.02 
1225 1786.43 
1226 1805.64 
1227 1780.87 
1228 1777.26 
1229 1831.61 
1230 1803.76 
1231 1777.20 
1232 1817.00 
1233 1730.55 
1234 1783.51 
1235 1762.00 
1236 1785.03 
1237 1774.99 
1238 1787.97 
1239 1767.42 
1240 1802.57 
1241 1784.71 
1242 1803.74 
1243 1779.87 
1244 1795.06 
1245 1821.74 
1246 1772.31 
1247 1758.22 
1248 1807.78 
1249 1759.47 
1250 1773.60 
1251 1800.26 
1252 1752.44 
1253 1767.62 
1254 1775.06 
1255 1782.38 
1256 1807.88 
1257 1821.05 
1258 1782.40 
1259 1765.06 
1260 1796.41 
1261 1821.37 
1262 1783.79 
1263 1777.58 
1264 1805.44 
1265 1798.66 
1266 1793.15 
1267 1811.74 
1268 1789.50 
1269 1789.10 
1270 1775.95 
1271 1782.35 
1272 1812.65 
1273 1793.25 
1274 1808.62 
1275 1774.91 
1276 1786.16 
1277 1823.82 
1278 1782.84 
1279 1823.07 
1280 1815.47 
1281 1750.92 
1282 1786.58 
1283 1804.96 
1284 1803.62 
1285 1832.70 
1286 1741.46 
1287 1779.88 
1288 1806.25 
1289 1834.39 
1290 1773.77 
1291 1743.38 
1292 1771.72 
1293 1801.30 
1294 1793.35 
1295 1797.97 
1296 1798.75 
1297 1779.44 
1298 1785.44 
1299 1815.63 
1300 1799.32 
1301 1808.46 
1302 1786.73 
1303 1775.52 
1304 1797.64 
1305 1814.58 
1306 1766.65 
1307 1799.38 
1308 1787.55 
1309 1835.98 
1310 1830.49 
1311 1804.07 
1312 1780.34 
1313 1816.73 
1314 1804.48 
1315 1796.18 
1316 1835.27 
1317 1781.85 
1318 1801.27 
1319 1823.18 
1320 1843.60 
1321 1793.34 
1322 1782.53 
1323 1766.86 
1324 1758.18 
1325 1772.98 
1326 1809.99 
1327 1804.63 
1328 1830.74 
1329 1773.58 
1330 1777.88 
1331 1774.58 
1332 1790.80 
1333 1822.07 
1334 1818.58 
1335 1768.63 
1336 1810.13 
1337 1801.69 
1338 1766.52 
1339 1802.72 
1340 1816.51 
1341 1795.87 
1342 1842.74 
1343 1790.54 
1344 1793.01 
1345 1738.05 
1346 1798.38 
1347 1777.62 
1348 1805.90 
1349 1814.11 
1350 1837.48 
1351 1791.60 
1352 1778.83 
1353 1789.11 
1354 1796.09 
1355 1794.40 
1356 1799.70 
1357 1728.57 
1358 1798.67 
1359 1784.24 
1360 1798.79 
1361 1795.42 
1362 1796.24 
1363 1799.96 
1364 1766.14 
1365 1804.91 
1366 1818.99 
1367 1739.43 
1368 1756.71 
1369 1773.45 
1370 1788.52 
1371 1740.80 
1372 1795.76 
1373 1771.36 
1374 1771.54 
1375 1797.33 
1376 1806.82 
1377 1806.04 
1378 1825.72 
1379 1857.39 
1380 1814.75 
1381 1809.17 
1382 1822.13 
1383 1789.16 
1384 1828.22 
1385 1771.03 
1386 1778.86 
1387 1797.97 
1388 1812.71 
1389 1782.27 
1390 1803.86 
1391 1812.84 
1392 1794.20 
1393 1830.79 
1394 1779.52 
1395 1855.75 
1396 1838.10 
1397 1777.58 
1398 1824.96 
1399 1826.95 
1400 1769.28 
1401 1829.29 
1402 1797.19 
1403 1813.52 
1404 1815.92 
1405 1812.58 
1406 1783.07 
1407 1755.57 
1408 1812.31 
1409 1793.66 
1410 1804.87 
1411 1806.45 
1412 1810.45 
1413 1814.18 
1414 1773.43 
1415 1820.45 
1416 1825.97 
1417 1818.51 
1418 1805.31 
1419 1791.47 
1420 1787.77 
1421 1803.82 
1422 1807.19 
1423 1847.92 
1424 1815.46 
1425 1822.17 
1426 1807.55 
1427 1813.95 
1428 1814.06 
1429 1801.96 
1430 1810.78 
1431 1791.79 
1432 1783.61 
1433 1811.56 
1434 1788.11 
1435 1785.17 
1436 1796.14 
1437 1782.28 
1438 1783.14 
1439 1803.90 
1440 1771.84 
1441 1804.67 
1442 1784.91 
1443 1787.13 
1444 1790.02 
1445 1774.70 
1446 1757.93 
1447 1779.64 
1448 1777.10 
1449 1823.05 
1450 1849.54 
1451 1792.65 
1452 1804.70 
1453 1813.46 
1454 1838.40 
1455 1817.71 
1456 1822.99 
1457 1785.86 
1458 1797.93 
1459 1768.16 
1460 1812.92 
1461 1800.25 
1462 1793.10 
1463 1790.99 
1464 1785.92 
1465 1765.76 
1466 1817.53 
1467 1781.74 
1468 1799.33 
1469 1762.46 
1470 1789.98 
1471 1819.72 
1472 1797.64 
1473 1806.62 
1474 1831.85 
1475 1822.96 
1476 1747.68 
1477 1796.99 
1478 1787.34 
1479 1818.68 
1480 1817.12 
1481 1791.46 
1482 1806.72 
1483 1779.25 
1484 1791.46 
1485 1808.65 
1486 1827.96 
1487 1816.52 
1488 1814.09 
1489 1785.96 
1490 1794.43 
1491 1813.98 
1492 1772.93 
1493 1806.56 
1494 1818.64 
1495 1817.94 
1496 1806.70 
1497 1769.10 
1498 1826.37 
1499 1802.49 
1500 1795.85 
1501 1789.36 
1502 1795.23 
1503 1804.92 
1504 1820.65 
1505 1794.25 
1506 1794.27 
1507 1809.18 
1508 1816.23 
1509 1830.79 
1510 1789.98 
1511 1786.07 
1512 1807.46 
1513 1810.43 
1514 1798.42 
1515 1807.11 
1516 1806.02 
1517 1800.16 
1518 1790.55 
1519 1781.60 
1520 1815.60 
1521 1846.29 
1522 1816.92 
1523 1807.43 
1524 1807.01 
1525 1752.73 
1526 1818.43 
1527 1787.97 
1528 1790.61 
1529 1833.05 
1530 1786.45 
1531 1803.98 
1532 1788.91 
1533 1810.02 
1534 1774.78 
1535 1841.25 
1536 1814.38 
1537 1802.06 
1538 1823.22 
1539 1819.65 
1540 1806.51 
1541 1799.05 
1542 1785.91 
1543 1830.22 
1544 1799.24 
1545 1850.23 
1546 1746.75 
1547 1800.07 
1548 1840.61 
1549 1855.48 
1550 1825.75 
1551 1821.57 
1552 1794.34 
1553 1816.96 
1554 1816.57 
1555 1779.16 
1556 1784.22 
1557 1806.49 
1558 1824.83 
1559 1797.22 
1560 1801.89 
1561 1800.36 
1562 1785.19 
1563 1807.39 
1564 1783.51 
1565 1789.24 
1566 1791.62 
1567 1825.05 
1568 1808.56 
1569 1799.93 
1570 1824.20 
1571 1782.01 
1572 1791.62 
1573 1776.23 
1574 1817.76 
1575 1818.82 
1576 1762.17 
1577 1812.12 
1578 1828.32 
1579 1808.40 
1580 1793.96 
1581 1832.98 
1582 1786.98 
1583 1816.77 
1584 1788.83 
1585 1829.61 
1586 1797.61 
1587 1814.00 
1588 1780.13 
1589 1785.77 
1590 1740.10 
1591 1802.65 
1592 1835.59 
1593 1789.55 
1594 1801.99 
1595 1775.18 
1596 1813.67 
1597 1815.47 
1598 1827.93 
1599 1801.57 
1600 1815.06 
1601 1813.50 
1602 1773.55 
1603 1803.90 
1604 1820.47 
1605 1816.51 
1606 1781.45 
1607 1831.99 
1608 1808.42 
1609 1755.52 
1610 1831.64 
1611 1829.15 
1612 1821.67 
1613 1824.32 
1614 1819.05 
1615 1809.91 
1616 1804.63 
1617 1784.80 
1618 1819.26 
1619 1738.06 
1620 1845.54 
1621 1813.75 
1622 1798.68 
1623 1840.52 
1624 1796.86 
1625 1776.32 
1626 1834.76 
1627 1806.96 
1628 1830.58 
1629 1796.46 
1630 1832.71 
1631 1774.70 
1632 1823.08 
1633 1791.93 
1634 1776.61 
1635 1818.42 
1636 1787.62 
1637 1793.22 
1638 1821.20 
1639 1803.85 
1640 1795.69 
1641 1785.01 
1642 1833.32 
1643 1805.17 
1644 1803.53 
1645 1804.75 
1646 1797.94 
1647 1830.02 
1648 1828.32 
1649 1813.62 
1650 1830.56 
1651 1803.18 
1652 1753.67 
1653 1802.94 
1654 1794.14 
1655 1819.12 
1656 1766.23 
1657 1807.81 
1658 1819.69 
1659 1804.66 
1660 1833.91 
1661 1802.36 
1662 1806.25 
1663 1824.94 
1664 1805.14 
1665 1761.20 
1666 1815.89 
1667 1827.67 
1668 1789.78 
1669 1813.81 
1670 1794.08 
1671 1828.23 
1672 1806.22 
1673 1800.45 
1674 1807.13 
1675 1792.35 
1676 1799.87 
1677 1830.56 
1678 1798.67 
1679 1813.96 
1680 1788.97 
1681 1775.25 
1682 1802.41 
1683 1788.89 
1684 1799.34 
1685 1823.22 
1686 1811.49 
1687 1793.28 
1688 1763.67 
1689 1777.91 
1690 1801.59 
1691 1819.74 
1692 1796.35 
1693 1797.68 
1694 1819.65 
1695 1834.52 
1696 1779.07 
1697 1833.26 
1698 1794.15 
1699 1825.36 
1700 1789.35 
1701 1788.36 
1702 1805.25 
1703 1827.16 
1704 1862.29 
1705 1791.85 
1706 1827.50 
1707 1825.50 
1708 1808.49 
1709 1832.30 
1710 1798.14 
1711 1796.65 
1712 1803.66 
1713 1783.90 
1714 1781.92 
1715 1818.42 
1716 1764.69 
1717 1786.97 
1718 1793.28 
1719 1797.70 
1720 1834.67 
1721 1792.65 
1722 1803.86 
1723 1816.17 
1724 1799.34 
1725 1803.30 
1726 1784.82 
1727 1808.63 
1728 1774.82 
1729 1785.30 
1730 1780.11 
1731 1804.96 
1732 1780.75 
1733 1786.56 
1734 1806.30 
1735 1794.18 
1736 1803.16 
1737 1809.69 
1738 1805.72 
1739 1808.59 
1740 1812.38 
1741 1783.45 
1742 1817.60 
1743 1814.65 
1744 1828.01 
1745 1820.86 
1746 1825.08 
1747 1819.68 
1748 1765.20 
1749 1795.91 
1750 1803.01 
1751 1798.47 
1752 1787.92 
1753 1812.38 
1754 1806.40 
1755 1786.37 
1756 1814.88 
1757 1808.58 
1758 1789.34 
1759 1809.08 
1760 1805.10 
1761 1803.41 
1762 1838.38 
1763 1811.76 
1764 1814.34 
1765 1810.34 
1766 1783.84 
1767 1848.03 
1768 1809.23 
1769 1828.89 
1770 1821.77 
1771 1795.71 
1772 1821.32 
1773 1802.86 
1774 1802.51 
1775 1817.84 
1776 1771.30 
1777 1814.86 
1778 1822.12 
1779 1784.91 
1780 1822.78 
1781 1813.59 
1782 1824.25 
1783 1825.76 
1784 1814.45 
1785 1774.06 
1786 1765.07 
1787 1842.20 
1788 1795.52 
1789 1846.94 
1790 1816.01 
1791 1773.20 
1792 1761.52 
1793 1805.64 
1794 1790.08 
1795 1793.52 
1796 1798.21 
1797 1793.76 
1798 1807.29 
1799 1797.67 
1800 1799.88 
1801 1813.33 
1802 1777.22 
1803 1820.84 
1804 1803.20 
1805 1784.50 
1806 1799.87 
1807 1825.57 
1808 1797.58 
1809 1813.23 
1810 1827.26 
1811 1812.37 
1812 1813.09 
1813 1803.51 
1814 1797.67 
1815 1778.63 
1816 1787.64 
1817 1808.45 
1818 1825.21 
1819 1789.83 
1820 1787.75 
1821 1785.51 
1822 1795.09 
1823 1792.60 
1824 1780.57 
1825 1790.23 
1826 1823.50 
1827 1811.84 
1828 1784.15 
1829 1802.14 
1830 1797.48 
1831 1827.03 
1832 1823.73 
1833 1809.09 
1834 1819.36 
1835 1820.41 
1836 1804.96 
1837 1780.43 
1838 1770.54 
1839 1797.92 
1840 1822.45 
1841 1793.45 
1842 1803.95 
1843 1798.09 
1844 1797.33 
1845 1790.73 
1846 1806.37 
1847 1809.27 
1848 1797.84 
1849 1799.58 
1850 1796.48 
1851 1832.84 
1852 1803.36 
1853 1818.72 
1854 1819.23 
1855 1808.23 
1856 1802.81 
1857 1807.22 
1858 1831.22 
1859 1820.51 
1860 1792.44 
1861 1811.38 
1862 1802.61 
1863 1799.51 
1864 1775.33 
1865 1802.37 
1866 1826.26 
1867 1791.15 
1868 1792.91 
1869 1801.30 
1870 1783.14 
1871 1818.48 
1872 1823.61 
1873 1805.13 
1874 1819.92 
1875 1794.70 
1876 1813.62 
1877 1805.67 
1878 1816.50 
1879 1768.28 
1880 1827.23 
1881 1777.48 
1882 1789.56 
1883 1813.75 
1884 1803.06 
1885 1793.79 
1886 1821.61 
1887 1802.04 
1888 1809.77 
1889 1839.65 
1890 1805.93 
1891 1813.92 
1892 1763.50 
1893 1800.47 
1894 1815.05 
1895 1824.79 
1896 1831.03 
1897 1782.09 
1898 1782.17 
1899 1807.07 
1900 1814.62 
1901 1782.82 
1902 1778.07 
1903 1817.12 
1904 1774.15 
1905 1795.75 
1906 1825.03 
1907 1809.86 
1908 1822.52 
1909 1830.16 
1910 1805.64 
1911 1823.73 
1912 1826.65 
1913 1773.20 
1914 1823.60 
1915 1806.69 
1916 1815.99 
1917 1775.23 
1918 1792.53 
1919 1779.84 
1920 1793.62 
1921 1803.92 
1922 1829.36 
1923 1822.11 
1924 1809.47 
1925 1783.32 
1926 1814.59 
1927 1829.57 
1928 1785.01 
1929 1823.01 
1930 1799.63 
1931 1792.87 
1932 1852.72 
1933 1806.76 
1934 1839.85 
1935 1804.78 
1936 1817.73 
1937 1788.97 
1938 1781.62 
1939 1809.47 
1940 1787.02 
1941 1819.32 
1942 1803.83 
1943 1780.90 
1944 1803.85 
1945 1809.92 
1946 1803.22 
1947 1800.96 
1948 1778.28 
1949 1799.97 
1950 1817.39 
1951 1802.23 
1952 1806.84 
1953 1799.09 
1954 1811.89 
1955 1790.14 
1956 1799.28 
1957 1799.93 
1958 1788.52 
1959 1849.27 
1960 1807.74 
1961 1811.75 
1962 1821.61 
1963 1788.31 
1964 1750.98 
1965 1819.06 
1966 1815.52 
1967 1813.61 
1968 1795.11 
1969 1843.09 
1970 1789.08 
1971 1850.08 
1972 1845.49 
1973 1813.59 
1974 1796.63 
1975 1805.04 
1976 1771.71 
1977 1788.51 
1978 1835.27 
1979 1836.19 
1980 1810.49 
1981 1785.02 
1982 1795.42 
1983 1797.84 
1984 1777.49 
1985 1806.52 
1986 1822.67 
1987 1800.43 
1988 1824.50 
1989 1825.58 
1990 1804.10 
1991 1795.25 
1992 1810.67 
1993 1793.88 
1994 1819.93 
1995 1779.81 
1996 1796.61 
1997 1818.65 
1998 1838.62 
1999 1820.23 
2000 1799.07 
2001 1787.64 
2002 1823.89 
2003 1820.06 
2004 1805.10 
2005 1805.50 
2006 1824.86 
2007 1807.41 
2008 1817.45 
2009 1793.26 
2010 1825.69 
2011 1806.71 
2012 1809.68 
2013 1813.94 
2014 1837.81 
2015 1834.00 
2016 1815.76 
2017 1800.05 
2018 1800.37 
2019 1803.80 
2020 1785.51 
2021 1782.46 
2022 1824.38 
2023 1795.98 
2024 1826.85 
2025 1821.65 
2026 1794.74 
2027 1817.47 
2028 1818.06 
2029 1856.09 
2030 1795.75 
2031 1769.17 
2032 1847.88 
2033 1805.03 
2034 1824.76 
2035 1802.78 
2036 1826.74 
2037 1819.14 
2038 1788.26 
2039 1796.25 
2040 1816.61 
2041 1808.46 
2042 1814.58 
2043 1848.09 
2044 1807.15 
2045 1806.75 
2046 1763.03 
2047 1830.54 
2048 1830.12 
2049 1830.16 
2050 1774.17 
2051 1792.19 
2052 1797.02 
2053 1811.59 
2054 1802.88 
2055 1786.10 
0 1824.38 
1 1817.42 
2 1814.42 
3 1819.48 
4 1809.58 
5 1773.76 
6 1801.02 
7 1817.72 
8 1809.83 
9 1793.75 
10 1804.72 
11 1810.63 
12 1795.02 
13 1768.00 
14 1821.48 
15 1790.99 
16 1832.65 
17 1777.45 
18 1827.18 
19 1816.56 
20 1775.22 
21 1791.19 
22 1795.16 
23 1791.18 
24 1832.00 
25 1819.03 
26 1788.30 
27 1803.66 
28 1789.95 
29 1826.72 
30 1812.33 
31 1811.92 
32 1816.48 
33 1777.88 
34 1811.35 
35 1800.21 
36 1804.78 
37 1806.98 
38 1768.64 
39 1833.18 
40 1818.23 
41 1787.11 
42 1814.70 
43 1785.09 
44 1825.61 
45 1808.92 
46 1795.44 
47 1787.93 
48 1824.99 
49 1803.06 
50 1808.03 
51 1817.70 
52 1773.30 
53 1812.40 
54 1833.20 
55 1840.39 
56 1808.88 
57 1825.54 
58 1809.93 
59 1777.25 
60 1815.49 
61 1798.19 
62 1791.46 
63 1819.43 
64 1800.05 
65 1789.82 
66 1794.44 
67 1802.65 
68 1786.64 
69 1801.84 
70 1823.50 
71 1794.95 
72 1802.79 
73 1825.46 
74 1803.10 
75 1851.21 
76 1773.05 
77 1796.93 
78 1796.27 
79 1816.73 
80 1830.73 
81 1808.31 
82 1808.92 
83 1807.80 
84 1804.16 
85 1810.85 
86 1784.42 
87 1819.74 
88 1784.78 
89 1837.39 
90 1791.50 
91 1813.98 
92 1814.08 
93 1793.26 
94 1807.44 
95 1767.56 
96 1809.16 
97 1820.45 
98 1837.17 
99 1844.23 
100 1836.12 
101 1773.06 
102 1814.82 
103 1788.12 
104 1798.86 
105 1830.08 
106 1793.45 
107 1788.38 
108 1771.70 
109 1800.11 
110 1803.96 
111 1792.93 
112 1785.63 
113 1777.60 
114 1822.31 
115 1814.22 
116 1808.40 
117 1794.38 
118 1796.19 
119 1805.62 
120 1810.83 
121 1787.43 
122 1831.69 
123 1805.84 
124 1812.76 
125 1826.61 
126 1804.84 
127 1807.43 
128 1788.16 
129 1827.61 
130 1822.07 
131 1814.87 
132 1807.71 
133 1813.82 
134 1832.28 
135 1784.14 
136 1808.72 
137 1808.34 
138 1794.26 
139 1823.11 
140 1803.82 
141 1782.93 
142 1816.65 
143 1767.43 
144 1800.15 
145 1777.90 
146 1827.76 
147 1788.04 
148 1804.67 
149 1834.95 
150 1817.41 
151 1807.56 
152 1805.85 
153 1818.90 
154 1831.60 
155 1829.01 
156 1830.47 
157 1822.18 
158 1769.81 
159 1774.49 
160 1802.36 
161 1803.20 
162 1795.50 
163 1813.31 
164 1813.73 
165 1844.56 
166 1807.84 
167 1826.64 
168 1808.76 
169 1825.25 
170 1826.04 
171 1819.39 
172 1768.86 
173 1801.94 
174 1785.56 
175 1844.99 
176 1809.39 
177 1813.99 
178 1799.27 
179 1847.70 
180 1800.54 
181 1821.24 
182 1770.30 
183 1834.80 
184 1806.62 
185 1794.80 
186 1789.73 
187 1817.44 
188 1820.85 
189 1816.63 
190 1817.69 
191 1804.42 
192 1770.01 
193 1818.15 
194 1802.41 
195 1799.24 
196 1813.42 
197 1781.88 
198 1844.75 
199 1800.72 
200 1802.59 
201 1819.02 
202 1806.65 
203 1792.92 
204 1809.91 
205 1824.45 
206 1798.10 
207 1770.29 
208 1827.79 
209 1784.23 
210 1819.34 
211 1791.49 
212 1784.28 
213 1830.62 
214 1816.46 
215 1822.54 
216 1834.56 
217 1809.18 
218 1789.89 
219 1826.15 
220 1756.35 
221 1774.56 
222 1811.74 
223 1767.77 
224 1806.28 
225 1776.23 
226 1839.87 
227 1830.63 
228 1780.27 
229 1789.99 
230 1790.60 
231 1829.35 
232 1777.36 
233 1812.92 
234 1827.63 
235 1813.87 
236 1838.04 
237 1840.23 
238 1786.02 
239 1844.83 
240 1843.69 
241 1814.23 
242 1796.53 
243 1838.39 
244 1807.61 
245 1792.57 
246 1831.39 
247 1829.23 
248 1789.79 
249 1841.23 
250 1806.15 
251 1786.91 
252 1806.43 
253 1823.80 
254 1812.05 
255 1835.77 
256 1796.15 
257 1815.00 
258 1764.84 
259 1819.90 
260 1812.72 
261 1811.50 
262 1782.51 
263 1815.33 
264 1816.55 
265 1784.43 
266 1823.85 
267 1822.24 
268 1801.38 
269 1833.98 
270 1767.16 
271 1811.51 
272 1790.06 
273 1816.20 
274 1791.67 
275 1782.54 
276 1770.78 
277 1780.28 
278 1801.99 
279 1824.31 
280 1815.05 
281 1842.49 
282 1821.85 
283 1779.62 
284 1843.73 
285 1782.78 
286 1795.88 
287 1856.24 
288 1812.75 
289 1810.34 
290 1815.25 
291 1837.21 
292 1848.95 
293 1812.36 
294 1820.99 
295 1814.70 
296 1793.20 
297 1798.58 
298 1847.62 
299 1804.03 
300 1818.36 
301 1805.59 
302 1819.57 
303 1803.11 
304 1806.41 
305 1831.29 
306 1793.57 
307 1796.82 
308 1842.17 
309 1821.96 
310 1825.48 
311 1828.70 
312 1808.46 
313 1811.73 
314 1820.43 
315 1825.55 
316 1764.30 
317 1803.19 
318 1829.17 
319 1820.11 
320 1826.26 
321 1791.74 
322 1842.44 
323 1812.60 
324 1803.68 
325 1794.49 
326 1830.92 
327 1826.24 
328 1835.11 
329 1792.53 
330 1842.79 
331 1823.06 
332 1788.96 
333 1825.96 
334 1806.54 
335 1833.49 
336 1808.05 
337 1855.55 
338 1795.98 
339 1783.41 
340 1809.04 
341 1826.52 
342 1808.47 
343 1790.40 
344 1796.49 
345 1801.13 
346 1785.50 
347 1769.45 
348 1804.17 
349 1803.80 
350 1821.73 
351 1792.64 
352 1784.17 
353 1782.77 
354 1817.91 
355 1799.54 
356 1813.34 
357 1830.32 
358 1787.05 
359 1784.50 
360 1815.15 
361 1829.39 
362 1801.51 
363 1810.78 
364 1808.37 
365 1814.59 
366 1817.15 
367 1802.94 
368 1811.06 
369 1820.23 
370 1812.13 
371 1798.26 
372 1800.79 
373 1801.45 
374 1844.87 
375 1785.84 
376 1805.22 
377 1810.46 
378 1781.99 
379 1793.07 
380 1825.16 
381 1766.13 
382 1788.86 
383 1795.51 
384 1830.42 
385 1793.29 
386 1828.99 
387 1828.87 
388 1812.78 
389 1827.39 
390 1839.74 
391 1795.93 
392 1827.65 
393 1813.60 
394 1803.87 
395 1799.35 
396 1850.62 
397 1814.28 
398 1816.45 
399 1816.85 
400 1793.76 
401 1803.84 
402 1817.91 
403 1803.51 
404 1812.41 
405 1817.06 
406 1816.78 
407 1829.62 
408 1801.48 
409 1774.72 
410 1814.84 
411 1800.76 
412 1800.42 
413 1804.40 
414 1772.11 
415 1819.86 
416 1824.42 
417 1802.01 
418 1795.43 
419 1793.91 
420 1813.67 
421 1817.26 
422 1831.12 
423 1796.25 
424 1802.31 
425 1805.52 
426 1794.50 
427 1825.54 
428 1798.53 
429 1817.64 
430 1833.95 
431 1845.24 
432 1835.77 
433 1800.65 
434 1824.58 
435 1803.68 
436 1824.74 
437 1790.36 
438 1799.13 
439 1805.93 
440 1817.44 
441 1799.35 
442 1806.50 
443 1795.77 
444 1810.57 
445 1813.44 
446 1820.96 
447 1841.10 
448 1816.00 
449 1815.66 
450 1829.94 
451 1856.00 
452 1838.33 
453 1789.51 
454 1813.04 
455 1789.61 
456 1832.93 
457 1836.61 
458 1786.72 
459 1844.80 
460 1828.79 
461 1820.64 
462 1781.68 
463 1798.56 
464 1798.41 
465 1815.44 
466 1827.79 
467 1834.96 
468 1795.58 
469 1810.82 
470 1794.97 
471 1812.91 
472 1808.69 
473 1816.82 
474 1794.28 
475 1820.73 
476 1806.78 
477 1821.65 
478 1769.01 
479 1788.04 
480 1786.51 
481 1797.74 
482 1803.14 
483 1836.88 
484 1858.76 
485 1818.21 
486 1834.29 
487 1804.97 
488 1842.00 
489 1809.89 
490 1805.20 
491 1831.16 
492 1816.28 
493 1800.53 
494 1800.10 
495 1812.71 
496 1802.08 
497 1790.53 
498 1796.32 
499 1769.85 
500 1795.42 
501 1805.51 
502 1841.77 
503 1797.56 
504 1794.31 
505 1802.15 
506 1788.19 
507 1820.47 
508 1829.44 
509 1835.21 
510 1803.27 
511 1794.61 
512 1804.96 
513 1825.82 
514 1811.19 
515 1772.82 
516 1810.78 
517 1817.39 
518 1785.91 
519 1821.36 
520 1815.82 
521 1795.85 
522 1790.76 
523 1817.39 
524 1811.43 
525 1818.36 
526 1813.85 
527 1827.06 
528 1822.58 
529 1827.45 
530 1857.74 
531 1807.04 
532 1788.55 
533 1810.77 
534 1840.82 
535 1794.19 
536 1819.73 
537 1837.02 
538 1812.46 
539 1814.24 
540 1821.92 
541 1811.38 
542 1822.78 
543 1826.27 
544 1838.30 
545 1834.70 
546 1840.35 
547 1800.81 
548 1787.28 
549 1807.31 
550 1801.61 
551 1799.13 
552 1828.00 
553 1829.44 
554 1839.64 
555 1808.37 
556 1853.93 
557 1806.80 
558 1817.52 
559 1851.06 
560 1815.74 
561 1836.01 
562 1810.88 
563 1823.36 
564 1814.64 
565 1809.52 
566 1819.61 
567 1833.84 
568 1837.19 
569 1790.44 
570 1848.67 
571 1854.90 
572 1814.91 
573 1817.12 
574 1794.82 
575 1831.64 
576 1820.03 
577 1807.20 
578 1827.17 
579 1812.42 
580 1796.08 
581 1827.50 
582 1826.51 
583 1800.81 
584 1830.03 
585 1816.88 
586 1832.09 
587 1819.21 
588 1799.75 
589 1833.49 
590 1818.53 
591 1807.58 
592 1799.38 
593 1817.63 
594 1827.94 
595 1828.72 
596 1772.02 
597 1796.44 
598 1839.12 
599 1805.39 
600 1830.91 
601 1782.89 
602 1810.43 
603 1822.32 
604 1852.28 
605 1819.25 
606 1805.31 
607 1806.05 
608 1789.98 
609 1831.42 
610 1810.47 
611 1781.48 
612 1802.29 
613 1813.05 
614 1803.42 
615 1786.66 
616 1827.98 
617 1821.30 
618 1842.94 
619 1822.70 
620 1823.73 
621 1818.93 
622 1788.25 
623 1826.59 
624 1808.46 
625 1793.38 
626 1797.24 
627 1774.81 
628 1827.85 
629 1829.42 
630 1809.24 
631 1836.03 
632 1811.04 
633 1822.47 
634 1807.87 
635 1813.47 
636 1803.06 
637 1830.04 
638 1797.72 
639 1814.01 
640 1839.95 
641 1831.31 
642 1821.01 
643 1797.15 
644 1800.52 
645 1811.82 
646 1794.98 
647 1814.04 
648 1797.19 
649 1797.26 
650 1839.02 
651 1816.38 
652 1794.78 
653 1822.20 
654 1797.15 
655 1846.82 
656 1815.71 
657 1805.83 
658 1805.75 
659 1829.27 
660 1786.03 
661 1816.74 
662 1797.34 
663 1808.26 
664 1822.75 
665 1779.60 
666 1797.70 
667 1827.00 
668 1846.49 
669 1786.36 
670 1800.79 
671 1800.51 
672 1799.50 
673 1851.92 
674 1818.40 
675 1799.22 
676 1811.55 
677 1809.89 
678 1837.12 
679 1828.98 
680 1809.23 
681 1793.28 
682 1815.47 
683 1831.09 
684 1817.77 
685 1821.61 
686 1815.63 
687 1803.39 
688 1826.91 
689 1797.26 
690 1794.63 
691 1813.12 
692 1782.31 
693 1847.25 
694 1808.44 
695 1790.40 
696 1814.44 
697 1822.94 
698 1830.32 
699 1822.20 
700 1797.20 
701 1869.55 
702 1818.30 
703 1844.00 
704 1781.47 
705 1816.39 
706 1802.52 
707 1819.73 
708 1825.27 
709 1837.23 
710 1820.13 
711 1822.87 
712 1779.67 
713 1796.43 
714 1822.93 
715 1814.97 
716 1800.08 
717 1838.07 
718 1817.41 
719 1779.88 
720 1811.43 
721 1802.12 
722 1809.49 
723 1844.80 
724 1811.21 
725 1812.69 
726 1817.30 
727 1841.18 
728 1832.38 
729 1824.07 
730 1801.95 
731 1817.19 
732 1813.19 
733 1823.13 
734 1816.14 
735 1781.72 
736 1817.39 
737 1807.95 
738 1812.27 
739 1789.97 
740 1818.82 
741 1828.12 
742 1795.42 
743 1803.98 
744 1797.24 
745 1798.72 
746 1820.37 
747 1802.87 
748 1821.69 
749 1782.95 
750 1824.53 
751 1814.97 
752 1805.97 
753 1809.59 
754 1795.05 
755 1842.18 
756 1811.97 
757 1808.11 
758 1801.41 
759 1813.03 
760 1844.06 
761 1786.34 
762 1808.02 
763 1837.65 
764 1842.94 
765 1795.39 
766 1809.81 
767 1821.27 
768 1824.09 
769 1791.40 
770 1808.25 
771 1845.12 
772 1783.50 
773 1830.18 
774 1819.37 
775 1825.31 
776 1791.55 
777 1834.55 
778 1835.28 
779 1853.82 
780 1833.55 
781 1820.06 
782 1794.83 
783 1833.93 
784 1840.19 
785 1810.13 
786 1809.35 
787 1813.60 
788 1809.71 
789 1797.35 
790 1800.01 
791 1804.42 
792 1810.76 
793 1846.69 
794 1812.18 
795 1791.10 
796 1813.15 
797 1834.94 
798 1802.61 
799 1809.27 
800 1836.54 
801 1804.00 
802 1784.03 
803 1817.28 
804 1811.61 
805 1787.47 
806 1825.49 
807 1823.36 
808 1798.66 
809 1794.30 
810 1801.64 
811 1811.53 
812 1828.65 
813 1835.47 
814 1805.51 
815 1798.11 
816 1813.28 
817 1804.19 
818 1805.86 
819 1804.20 
820 1815.75 
821 1809.39 
822 1821.24 
823 1791.18 
824 1794.18 
825 1846.05 
826 1825.14 
827 1791.37 
828 1837.19 
829 1810.67 
830 1815.02 
831 1836.05 
832 1841.64 
833 1831.79 
834 1805.48 
835 1818.09 
836 1811.73 
837 1815.04 
838 1813.73 
839 1818.28 
840 1795.21 
841 1791.63 
842 1826.25 
843 1829.02 
844 1796.69 
845 1798.31 
846 1817.71 
847 1798.56 
848 1816.66 
849 1807.32 
850 1831.07 
851 1821.44 
852 1832.93 
853 1807.79 
854 1808.59 
855 1832.15 
856 1813.27 
857 1826.42 
858 1827.24 
859 1824.48 
860 1810.04 
861 1823.04 
862 1776.57 
863 1836.84 
864 1799.36 
865 1779.09 
866 1809.83 
867 1819.41 
868 1816.64 
869 1831.18 
870 1820.59 
871 1817.94 
872 1774.83 
873 1813.50 
874 1794.23 
875 1829.81 
876 1856.20 
877 1783.60 
878 1803.50 
879 1819.06 
880 1823.33 
881 1806.93 
882 1813.02 
883 1831.75 
884 1810.18 
885 1808.62 
886 1814.86 
887 1843.56 
888 1817.66 
889 1801.53 
890 1785.37 
891 1818.95 
892 1825.74 
893 1830.12 
894 1822.05 
895 1818.58 
896 1818.30 
897 1805.95 
898 1821.92 
899 1796.95 
900 1816.50 
901 1813.06 
902 1810.13 
903 1821.93 
904 1835.18 
905 1796.39 
906 1780.48 
907 1825.43 
908 1812.66 
909 1807.14 
910 1821.83 
911 1804.42 
912 1828.90 
913 1841.86 
914 1806.26 
915 1835.52 
916 1823.05 
917 1821.49 
918 1810.97 
919 1805.04 
920 1827.06 
921 1858.64 
922 1837.57 
923 1792.54 
924 1839.48 
925 1807.88 
926 1839.89 
927 1833.16 
928 1797.89 
929 1804.06 
930 1823.99 
931 1810.44 
932 1760.54 
933 1861.47 
934 1797.55 
935 1813.53 
936 1822.54 
937 1781.15 
938 1800.36 
939 1830.31 
940 1797.29 
941 1832.72 
942 1801.03 
943 1828.07 
944 1818.15 
945 1790.83 
946 1837.46 
947 1822.20 
948 1848.63 
949 1824.28 
950 1816.42 
951 1844.68 
952 1795.34 
953 1803.09 
954 1842.94 
955 1837.82 
956 1792.92 
957 1831.33 
958 1856.82 
959 1814.55 
960 1857.08 
961 1796.87 
962 1828.88 
963 1810.08 
964 1812.54 
965 1831.02 
966 1837.11 
967 1805.53 
968 1842.23 
969 1811.54 
970 1823.99 
971 1800.49 
972 1820.25 
973 1790.23 
974 1795.83 
975 1815.69 
976 1795.34 
977 1821.63 
978 1799.46 
979 1843.91 
980 1851.12 
981 1786.30 
982 1847.44 
983 1807.04 
984 1843.48 
985 1788.06 
986 1793.39 
987 1804.10 
988 1785.78 
989 1810.37 
990 1814.07 
991 1838.75 
992 1803.44 
993 1826.63 
994 1815.34 
995 1783.37 
996 1800.04 
997 1816.73 
998 1808.43 
999 1791.63 
1000 1795.23 
1001 1829.45 
1002 1786.29 
1003 1836.99 
1004 1825.69 
1005 1830.82 
1006 1783.06 
1007 1850.84 
1008 1817.67 
1009 1804.67 
1010 1821.28 
1011 1855.10 
1012 1793.78 
1013 1814.16 
1014 1803.12 
1015 1822.18 
1016 1830.10 
1017 1806.30 
1018 1778.15 
1019 1809.70 
1020 1808.03 
1021 1812.35 
1022 1825.47 
1023 1793.40 
1024 1804.30 
1025 1815.18 
1026 1818.09 
1027 1835.82 
1028 1827.58 
1029 1810.05 
1030 1831.53 
1031 1796.54 
1032 1788.62 
1033 1825.51 
1034 1846.38 
1035 1824.15 
1036 1818.22 
1037 1801.84 
1038 1806.14 
1039 1820.73 
1040 1799.26 
1041 1828.05 
1042 1811.83 
1043 1830.71 
1044 1793.17 
1045 1809.11 
1046 1829.85 
1047 1836.60 
1048 1839.45 
1049 1816.64 
1050 1804.98 
1051 1801.57 
1052 1821.78 
1053 1847.30 
1054 1827.20 
1055 1812.61 
1056 1822.57 
1057 1813.60 
1058 1809.03 
1059 1799.58 
1060 1800.67 
1061 1852.48 
1062 1813.61 
1063 1801.50 
1064 1813.13 
1065 1774.35 
1066 1816.64 
1067 1812.57 
1068 1843.91 
1069 1817.69 
1070 1785.47 
1071 1813.84 
1072 1824.42 
1073 1809.91 
1074 1842.02 
1075 1828.90 
1076 1815.93 
1077 1786.12 
1078 1808.73 
1079 1801.07 
1080 1826.94 
1081 1840.31 
1082 1822.57 
1083 1852.21 
1084 1817.01 
1085 1802.15 
1086 1795.72 
1087 1833.03 
1088 1806.52 
1089 1846.34 
1090 1821.42 
1091 1846.38 
1092 1835.01 
1093 1814.79 
1094 1837.76 
1095 1819.19 
1096 1818.34 
1097 1804.64 
1098 1821.21 
1099 1831.32 
1100 1774.46 
1101 1819.99 
1102 1851.87 
1103 1798.52 
1104 1839.83 
1105 1807.62 
1106 1816.85 
1107 1800.31 
1108 1847.78 
1109 1821.59 
1110 1823.31 
1111 1828.39 
1112 1840.77 
1113 1815.61 
1114 1802.24 
1115 1812.49 
1116 1834.48 
1117 1838.17 
1118 1803.28 
1119 1805.03 
1120 1835.37 
1121 1814.82 
1122 1834.06 
1123 1796.55 
1124 1825.86 
1125 1770.77 
1126 1812.59 
1127 1831.97 
1128 1810.97 
1129 1812.59 
1130 1828.29 
1131 1808.83 
1132 1849.37 
1133 1827.17 
1134 1814.62 
1135 1807.26 
1136 1842.70 
1137 1834.10 
1138 1813.51 
1139 1825.43 
1140 1852.27 
1141 1787.15 
1142 1779.40 
1143 1825.44 
1144 1816.31 
1145 1819.93 
1146 1827.57 
1147 1840.61 
1148 1824.13 
1149 1828.30 
1150 1834.90 
1151 1810.81 
1152 1839.79 
1153 1820.04 
1154 1824.31 
1155 1822.11 
1156 1791.26 
1157 1815.36 
1158 1867.10 
1159 1808.14 
1160 1853.00 
1161 1829.63 
1162 1833.06 
1163 1811.85 
1164 1811.70 
1165 1787.34 
1166 1808.02 
1167 1792.91 
1168 1823.52 
1169 1812.21 
1170 1802.97 
1171 1826.81 
1172 1830.78 
1173 1861.52 
1174 1824.43 
1175 1844.33 
1176 1830.59 
1177 1812.70 
1178 1780.00 
1179 1840.02 
1180 1832.38 
1181 1804.28 
1182 1803.49 
1183 1810.08 
1184 1817.05 
1185 1808.68 
1186 1807.93 
1187 1794.92 
1188 1786.33 
1189 1820.60 
1190 1798.35 
1191 1827.86 
1192 1853.85 
1193 1837.15 
1194 1804.90 
1195 1804.97 
1196 1822.45 
1197 1813.79 
1198 1817.93 
1199 1819.18 
1200 1791.03 
1201 1788.29 
1202 1801.70 
1203 1818.12 
1204 1835.76 
1205 1794.68 
1206 1811.77 
1207 1779.87 
1208 1822.91 
1209 1810.97 
1210 1800.83 
1211 1795.97 
1212 1817.32 
1213 1831.68 
1214 1823.97 
1215 1788.66 
1216 1796.79 
1217 1839.91 
1218 1790.36 
1219 1833.31 
1220 1805.34 
1221 1835.41 
1222 1802.72 
1223 1798.07 
1224 1814.64 
1225 1807.27 
1226 1804.92 
1227 1839.42 
1228 1794.30 
1229 1806.53 
1230 1818.00 
1231 1796.68 
1232 1810.11 
1233 1820.94 
1234 1810.16 
1235 1850.06 
1236 1795.25 
1237 1813.63 
1238 1823.01 
1239 1792.03 
1240 1808.16 
1241 1813.94 
1242 1803.09 
1243 1813.87 
1244 1798.77 
1245 1814.79 
1246 1790.85 
1247 1787.11 
1248 1801.14 
1249 1812.74 
1250 1816.67 
1251 1813.02 
1252 1811.47 
1253 1810.97 
1254 1800.49 
1255 1809.13 
1256 1874.16 
1257 1801.18 
1258 1813.81 
1259 1812.00 
1260 1802.95 
1261 1809.32 
1262 1803.44 
1263 1835.24 
1264 1847.44 
1265 1843.98 
1266 1818.13 
1267 1811.84 
1268 1834.89 
1269 1848.28 
1270 1818.15 
1271 1822.60 
1272 1815.75 
1273 1816.48 
1274 1844.81 
1275 1818.57 
1276 1816.99 
1277 1828.14 
1278 1834.53 
1279 1835.40 
1280 1826.27 
1281 1820.89 
1282 1770.76 
1283 1787.15 
1284 1814.52 
1285 1838.12 
1286 1803.00 
1287 1822.91 
1288 1834.17 
1289 1847.04 
1290 1809.67 
1291 1817.56 
1292 1803.17 
1293 1852.57 
1294 1846.59 
1295 1824.84 
1296 1818.36 
1297 1822.82 
1298 1822.52 
1299 1834.15 
1300 1795.18 
1301 1827.06 
1302 1813.32 
1303 1837.67 
1304 1827.47 
1305 1809.31 
1306 1831.97 
1307 1802.13 
1308 1830.58 
1309 1795.12 
1310 1833.98 
1311 1794.74 
1312 1809.74 
1313 1801.10 
1314 1801.76 
1315 1834.71 
1316 1838.78 
1317 1829.99 
1318 1819.04 
1319 1827.24 
1320 1825.36 
1321 1818.59 
1322 1826.27 
1323 1810.64 
1324 1827.08 
1325 1823.90 
1326 1818.15 
1327 1803.34 
1328 1807.86 
1329 1822.19 
1330 1793.90 
1331 1827.18 
1332 1797.86 
1333 1799.85 
1334 1800.97 
1335 1810.27 
1336 1826.77 
1337 1797.74 
1338 1842.43 
1339 1827.31 
1340 1776.97 
1341 1816.91 
1342 1854.49 
1343 1821.88 
1344 1792.85 
1345 1816.60 
1346 1860.36 
1347 1838.40 
1348 1848.60 
1349 1820.53 
1350 1827.03 
1351 1838.75 
1352 1810.32 
1353 1796.26 
1354 1835.68 
1355 1840.54 
1356 1824.94 
1357 1830.83 
1358 1816.88 
1359 1794.32 
1360 1790.04 
1361 1815.53 
1362 1855.45 
1363 1798.75 
1364 1818.08 
1365 1815.76 
1366 1825.65 
1367 1802.19 
1368 1875.68 
1369 1835.01 
1370 1806.54 
1371 1811.64 
1372 1826.34 
1373 1785.37 
1374 1787.92 
1375 1826.00 
1376 1842.37 
1377 1846.06 
1378 1811.18 
1379 1830.91 
1380 1821.97 
1381 1786.41 
1382 1829.13 
1383 1832.14 
1384 1841.88 
1385 1824.74 
1386 1825.04 
1387 1825.01 
1388 1810.20 
1389 1833.79 
1390 1846.32 
1391 1847.29 
1392 1801.77 
1393 1805.37 
1394 1828.95 
1395 1826.61 
1396 1827.29 
1397 1805.21 
1398 1806.21 
1399 1847.81 
1400 1830.88 
1401 1835.59 
1402 1807.78 
1403 1836.37 
1404 1808.74 
1405 1836.27 
1406 1819.31 
1407 1807.07 
1408 1820.55 
1409 1805.06 
1410 1818.48 
1411 1830.12 
1412 1838.08 
1413 1782.03 
1414 1829.63 
1415 1812.26 
1416 1818.15 
1417 1816.83 
1418 1845.42 
1419 1818.30 
1420 1819.29 
1421 1801.36 
1422 1817.36 
1423 1813.23 
1424 1776.19 
1425 1827.36 
1426 1787.64 
1427 1817.77 
1428 1791.42 
1429 1813.85 
1430 1782.79 
1431 1842.40 
1432 1811.01 
1433 1843.83 
1434 1843.32 
1435 1826.99 
1436 1833.22 
1437 1800.22 
1438 1816.96 
1439 1812.10 
1440 1880.78 
1441 1816.15 
1442 1799.33 
1443 1844.91 
1444 1844.14 
1445 1851.75 
1446 1854.22 
1447 1800.46 
1448 1791.49 
1449 1823.73 
1450 1826.85 
1451 1803.85 
1452 1826.91 
1453 1828.88 
1454 1804.06 
1455 1808.26 
1456 1807.35 
1457 1834.65 
1458 1871.04 
1459 1809.49 
1460 1782.96 
1461 1826.13 
1462 1774.01 
1463 1798.02 
1464 1830.38 
1465 1847.29 
1466 1807.44 
1467 1818.00 
1468 1759.77 
1469 1826.56 
1470 1787.34 
1471 1801.47 
1472 1824.75 
1473 1821.36 
1474 1826.51 
1475 1810.32 
1476 1805.24 
1477 1869.37 
1478 1798.59 
1479 1822.34 
1480 1808.66 
1481 1771.27 
1482 1844.09 
1483 1807.34 
1484 1798.46 
1485 1807.35 
1486 1822.87 
1487 1820.60 
1488 1814.96 
1489 1820.52 
1490 1791.70 
1491 1838.67 
1492 1825.86 
1493 1820.02 
1494 1826.79 
1495 1843.19 
1496 1796.12 
1497 1826.86 
1498 1795.03 
1499 1777.73 
1500 1788.87 
1501 1818.21 
1502 1889.91 
1503 1814.81 
1504 1817.16 
1505 1823.22 
1506 1831.81 
1507 1817.19 
1508 1827.09 
1509 1811.16 
1510 1839.70 
1511 1834.36 
1512 1821.65 
1513 1846.47 
1514 1792.17 
1515 1785.66 
1516 1796.42 
1517 1779.45 
1518 1821.90 
1519 1833.24 
1520 1827.42 
1521 1822.61 
1522 1788.70 
1523 1804.94 
1524 1815.74 
1525 1836.08 
1526 1803.95 
1527 1830.21 
1528 1807.85 
1529 1797.91 
1530 1840.91 
1531 1814.69 
1532 1835.50 
1533 1836.32 
1534 1779.33 
1535 1814.20 
1536 1848.77 
1537 1843.28 
1538 1805.22 
1539 1823.91 
1540 1809.75 
1541 1817.04 
1542 1840.34 
1543 1840.83 
1544 1835.44 
1545 1799.45 
1546 1813.06 
1547 1795.35 
1548 1785.46 
1549 1816.07 
1550 1809.88 
1551 1795.22 
1552 1821.96 
1553 1795.35 
1554 1824.06 
1555 1851.84 
1556 1823.04 
1557 1828.69 
1558 1807.69 
1559 1812.76 
1560 1830.73 
1561 1808.89 
1562 1843.96 
1563 1834.16 
1564 1816.26 
1565 1827.83 
1566 1820.27 
1567 1818.81 
1568 1786.07 
1569 1809.67 
1570 1844.02 
1571 1806.96 
1572 1813.02 
1573 1819.73 
1574 1820.73 
1575 1820.69 
1576 1826.02 
1577 1842.75 
1578 1835.34 
1579 1862.14 
1580 1818.97 
1581 1793.24 
1582 1824.83 
1583 1770.20 
1584 1798.53 
1585 1809.67 
1586 1843.41 
1587 1818.00 
1588 1832.22 
1589 1829.02 
1590 1823.98 
1591 1805.61 
1592 1789.55 
1593 1810.09 
1594 1801.88 
1595 1840.27 
1596 1800.21 
1597 1823.08 
1598 1790.89 
1599 1827.65 
1600 1819.82 
1601 1821.04 
1602 1810.23 
1603 1817.76 
1604 1805.92 
1605 1798.90 
1606 1818.31 
1607 1845.07 
1608 1835.44 
1609 1806.80 
1610 1808.89 
1611 1798.56 
1612 1824.40 
1613 1824.67 
1614 1804.00 
1615 1830.44 
1616 1776.75 
1617 1857.42 
1618 1832.84 
1619 1841.65 
1620 1833.49 
1621 1828.82 
1622 1804.95 
1623 1819.73 
1624 1844.27 
1625 1833.98 
1626 1821.58 
1627 1817.27 
1628 1841.26 
1629 1837.03 
1630 1803.45 
1631 1833.45 
1632 1813.93 
1633 1820.32 
1634 1828.89 
1635 1852.78 
1636 1826.24 
1637 1834.74 
1638 1818.79 
1639 1775.12 
1640 1786.40 
1641 1825.73 
1642 1845.18 
1643 1796.68 
1644 1809.15 
1645 1797.65 
1646 1814.14 
1647 1822.69 
1648 1847.38 
1649 1813.87 
1650 1816.30 
1651 1828.01 
1652 1780.82 
1653 1796.39 
1654 1830.75 
1655 1806.67 
1656 1804.53 
1657 1812.47 
1658 1817.42 
1659 1817.69 
1660 1807.04 
1661 1810.24 
1662 1859.83 
1663 1780.72 
1664 1829.06 
1665 1807.88 
1666 1824.86 
1667 1842.22 
1668 1835.31 
1669 1807.20 
1670 1804.25 
1671 1828.12 
1672 1808.74 
1673 1850.39 
1674 1812.99 
1675 1807.62 
1676 1803.47 
1677 1819.31 
1678 1828.10 
1679 1822.75 
1680 1853.87 
1681 1840.03 
1682 1823.93 
1683 1828.13 
1684 1796.43 
1685 1814.65 
1686 1786.85 
1687 1768.43 
1688 1757.92 
1689 1841.24 
1690 1829.68 
1691 1823.55 
1692 1844.87 
1693 1855.67 
1694 1840.69 
1695 1807.62 
1696 1824.86 
1697 1807.51 
1698 1805.39 
1699 1804.84 
1700 1790.57 
1701 1796.27 
1702 1812.35 
1703 1814.18 
1704 1859.42 
1705 1829.41 
1706 1826.57 
1707 1818.14 
1708 1796.44 
1709 1833.93 
1710 1801.39 
1711 1829.60 
1712 1817.90 
1713 1838.26 
1714 1825.08 
1715 1846.73 
1716 1826.78 
1717 1824.45 
1718 1802.33 
1719 1828.38 
1720 1795.08 
1721 1845.06 
1722 1774.37 
1723 1823.33 
1724 1830.39 
1725 1826.80 
1726 1815.57 
1727 1801.59 
1728 1805.81 
1729 1834.01 
1730 1805.50 
1731 1807.86 
1732 1798.49 
1733 1821.26 
1734 1791.99 
1735 1842.78 
1736 1833.94 
1737 1833.71 
1738 1825.70 
1739 1826.22 
1740 1832.55 
1741 1783.59 
1742 1818.68 
1743 1830.42 
1744 1836.62 
1745 1830.71 
1746 1801.15 
1747 1807.21 
1748 1816.46 
1749 1807.31 
1750 1809.05 
1751 1794.47 
1752 1838.01 
1753 1856.79 
1754 1803.33 
1755 1857.08 
1756 1833.12 
1757 1838.07 
1758 1815.43 
1759 1844.45 
1760 1817.76 
1761 1830.01 
1762 1828.60 
1763 1827.86 
1764 1841.15 
1765 1832.37 
1766 1811.54 
1767 1798.99 
1768 1827.82 
1769 1834.96 
1770 1797.38 
1771 1818.68 
1772 1807.40 
1773 1811.28 
1774 1811.20 
1775 1809.90 
1776 1801.29 
1777 1820.21 
1778 1801.44 
1779 1824.06 
1780 1790.17 
1781 1820.56 
1782 1818.66 
1783 1825.34 
1784 1786.05 
1785 1803.02 
1786 1813.92 
1787 1819.51 
1788 1845.07 
1789 1846.63 
1790 1833.58 
1791 1823.80 
1792 1839.97 
1793 1803.32 
1794 1792.72 
1795 1816.53 
1796 1812.05 
1797 1834.90 
1798 1831.62 
1799 1811.91 
1800 1826.12 
1801 1830.83 
1802 1795.76 
1803 1831.77 
1804 1829.79 
1805 1819.91 
1806 1831.83 
1807 1808.20 
1808 1810.66 
1809 1775.09 
1810 1810.16 
1811 1843.77 
1812 1827.16 
1813 1836.12 
1814 1815.98 
1815 1830.50 
1816 1836.24 
1817 1821.62 
1818 1856.76 
1819 1789.74 
1820 1832.58 
1821 1831.27 
1822 1829.48 
1823 1831.14 
1824 1816.90 
1825 1799.54 
1826 1803.27 
1827 1846.97 
1828 1835.18 
1829 1780.22 
1830 1816.64 
1831 1809.67 
1832 1846.02 
1833 1844.81 
1834 1815.76 
1835 1829.31 
1836 1827.49 
1837 1851.09 
1838 1833.67 
1839 1789.17 
1840 1877.75 
1841 1840.04 
1842 1859.20 
1843 1808.92 
1844 1846.19 
1845 1808.44 
1846 1859.42 
1847 1813.37 
1848 1804.44 
1849 1790.53 
1850 1844.02 
1851 1837.94 
1852 1821.79 
1853 1829.77 
1854 1843.88 
1855 1812.60 
1856 1811.77 
1857 1805.43 
1858 1857.46 
1859 1801.43 
1860 1814.98 
1861 1846.22 
1862 1804.90 
1863 1830.93 
1864 1827.73 
1865 1846.47 
1866 1842.51 
1867 1832.21 
1868 1816.51 
1869 1801.79 
1870 1838.43 
1871 1808.30 
1872 1846.59 
1873 1823.55 
1874 1812.67 
1875 1804.67 
1876 1826.09 
1877 1816.91 
1878 1782.62 
1879 1855.75 
1880 1820.32 
1881 1817.06 
1882 1823.30 
1883 1818.76 
1884 1836.68 
1885 1794.97 
1886 1837.57 
1887 1837.61 
1888 1807.92 
1889 1805.51 
1890 1794.94 
1891 1820.67 
1892 1820.35 
1893 1816.73 
1894 1821.67 
1895 1839.70 
1896 1810.06 
1897 1823.31 
1898 1836.35 
1899 1840.18 
1900 1832.88 
1901 1820.92 
1902 1834.86 
1903 1815.36 
1904 1815.41 
1905 1852.49 
1906 1788.17 
1907 1805.90 
1908 1793.43 
1909 1791.47 
1910 1831.96 
1911 1810.55 
1912 1814.73 
1913 1815.11 
1914 1817.14 
1915 1826.46 
1916 1798.04 
1917 1805.96 
1918 1772.22 
1919 1817.06 
1920 1815.12 
1921 1810.55 
1922 1859.73 
1923 1828.84 
1924 1804.74 
1925 1825.56 
1926 1836.49 
1927 1824.00 
1928 1816.40 
1929 1813.50 
1930 1789.70 
1931 1821.32 
1932 1843.30 
1933 1841.96 
1934 1839.01 
1935 1835.65 
1936 1812.32 
1937 1817.58 
1938 1823.65 
1939 1811.72 
1940 1824.36 
1941 1834.52 
1942 1842.65 
1943 1831.00 
1944 1780.81 
1945 1836.86 
1946 1766.40 
1947 1832.43 
1948 1821.99 
1949 1831.78 
1950 1814.63 
1951 1784.37 
1952 1786.39 
1953 1844.22 
1954 1819.19 
1955 1835.96 
1956 1865.81 
1957 1786.21 
1958 1837.73 
1959 1828.02 
1960 1829.90 
1961 1828.42 
1962 1798.13 
1963 1834.56 
1964 1794.98 
1965 1793.02 
1966 1858.71 
1967 1828.22 
1968 1831.34 
1969 1798.93 
1970 1796.25 
1971 1804.57 
1972 1821.84 
1973 1805.38 
1974 1841.76 
1975 1838.77 
1976 1826.49 
1977 1820.63 
1978 1821.70 
1979 1853.46 
1980 1882.56 
1981 1832.94 
1982 1799.30 
1983 1825.51 
1984 1817.94 
1985 1835.34 
1986 1820.64 
1987 1841.86 
1988 1801.56 
1989 1832.86 
1990 1817.70 
1991 1826.01 
1992 1839.83 
1993 1844.13 
1994 1845.00 
1995 1814.45 
1996 1793.09 
1997 1828.89 
1998 1836.82 
1999 1802.05 
2000 1812.19 
2001 1812.75 
2002 1815.41 
2003 1837.31 
2004 1828.39 
2005 1812.39 
2006 1815.83 
2007 1806.61 
2008 1838.61 
2009 1845.79 
2010 1805.06 
2011 1825.16 
2012 1837.19 
2013 1835.66 
2014 1837.96 
2015 1825.84 
2016 1794.21 
2017 1818.19 
2018 1840.96 
2019 1804.08 
2020 1824.05 
2021 1856.68 
2022 1839.65 
2023 1805.20 
2024 1830.84 
2025 1832.43 
2026 1811.94 
2027 1814.49 
2028 1823.22 
2029 1820.34 
2030 1815.55 
2031 1810.68 
2032 1792.66 
2033 1829.97 
2034 1794.87 
2035 1835.17 
2036 1815.20 
2037 1836.26 
2038 1819.74 
2039 1811.45 
2040 1834.36 
2041 1861.16 
2042 1832.24 
2043 1816.70 
2044 1827.32 
2045 1829.49 
2046 1825.16 
2047 1827.59 
2048 1802.37 
2049 1829.88 
2050 1816.82 
2051 1844.93 
2052 1814.68 
2053 1834.59 
2054 1836.95 
2055 1805.09 
2056 1821.64 
2057 1825.36 
2058 1820.12 
2059 1788.01 
2060 1836.56 
2061 1819.59 
2062 1828.91 
2063 1802.16 
2064 1840.67 
2065 1820.33 
2066 1806.91 
2067 1828.61 
2068 1838.80 
2069 1827.02 
2070 1857.54 
2071 1842.72 
2072 1821.71 
2073 1836.35 
2074 1846.15 
2075 1845.88 
2076 1835.13 
2077 1808.69 
2078 1816.27 
2079 1819.88 
2080 1800.99 
2081 1851.14 
2082 1843.47 
2083 1823.89 
2084 1832.04 
2085 1831.94 
2086 1806.42 
2087 1795.77 
2088 1876.77 
2089 1827.26 
2090 1796.92 
2091 1858.91 
2092 1833.94 
2093 1833.19 
2094 1801.70 
2095 1811.64 
2096 1824.53 
2097 1833.55 
2098 1841.48 
2099 1862.25 
2100 1830.00 
2101 1831.44 
2102 1804.15 
2103 1787.54 
2104 1812.94 
2105 1820.78 
2106 1827.08 
2107 1827.04 
2108 1816.90 
2109 1835.42 
2110 1824.25 
2111 1828.10 
2112 1803.34 
2113 1847.75 
2114 1805.31 
2115 1803.19 
2116 1840.14 
2117 1861.09 
2118 1819.21 
2119 1819.80 
2120 1850.14 
2121 1836.43 
2122 1831.63 
2123 1845.67 
2124 1811.99 
2125 1818.31 
2126 1863.44 
2127 1805.46 
2128 1813.72 
2129 1819.65 
2130 1794.46 
2131 1831.50 
2132 1820.58 
2133 1824.54 
2134 1818.98 
2135 1805.33 
2136 1818.04 
2137 1817.96 
2138 1824.14 
2139 1821.35 
2140 1843.49 
2141 1828.17 
2142 1810.03 
2143 1819.99 
2144 1826.68 
2145 1809.02 
2146 1818.76 
2147 1847.07 
2148 1843.64 
2149 1787.47 
2150 1801.60 
2151 1837.44 
2152 1818.63 
2153 1832.03 
2154 1830.03 
2155 1836.94 
2156 1831.61 
2157 1851.93 
2158 1822.85 
2159 1832.07 
2160 1830.62 
2161 1835.58 
2162 1814.42 
2163 1796.15 
2164 1814.34 
2165 1840.81 
2166 1845.67 
2167 1851.96 
2168 1814.42 
2169 1822.06 
2170 1802.83 
2171 1833.73 
2172 1826.43 
2173 1818.91 
2174 1791.33 
2175 1851.63 
2176 1816.15 
2177 1841.47 
2178 1803.47 
2179 1792.78 
2180 1797.08 
2181 1842.48 
2182 1840.95 
2183 1812.84 
2184 1851.78 
2185 1820.90 
2186 1816.37 
2187 1816.23 
2188 1842.37 
2189 1822.11 
2190 1829.75 
2191 1805.49 
2192 1794.81 
2193 1868.76 
2194 1806.33 
2195 1831.04 
2196 1795.41 
2197 1830.34 
2198 1806.00 
2199 1855.43 
2200 1773.04 
2201 1818.89 
2202 1815.75 
2203 1847.00 
2204 1824.85 
2205 1821.96 
2206 1811.32 
2207 1805.95 
2208 1836.95 
2209 1842.92 
2210 1799.52 
2211 1832.29 
2212 1826.86 
2213 1824.14 
2214 1832.22 
2215 1811.50 
2216 1814.36 
2217 1788.46 
2218 1835.74 
2219 1799.07 
2220 1815.32 
2221 1806.15 
2222 1825.43 
2223 1803.94 
2224 1825.66 
2225 1815.09 
2226 1846.55 
2227 1837.92 
2228 1803.34 
2229 1777.21 
2230 1777.05 
2231 1837.36 
2232 1810.12 
2233 1849.88 
2234 1820.85 
2235 1824.08 
2236 1829.34 
2237 1829.99 
2238 1830.53 
2239 1800.05 
2240 1825.00 
2241 1835.92 
2242 1806.73 
2243 1790.26 
2244 1824.83 
2245 1796.24 
2246 1829.92 
2247 1825.48 
2248 1850.82 
2249 1857.18 
2250 1847.57 
2251 1812.54 
2252 1799.93 
2253 1816.51 
2254 1827.94 
2255 1795.38 
2256 1832.51 
2257 1819.74 
2258 1811.85 
2259 1835.19 
2260 1820.53 
2261 1832.82 
2262 1818.14 
2263 1820.98 
2264 1811.67 
2265 1825.13 
2266 1807.47 
2267 1794.54 
2268 1808.28 
2269 1855.03 
2270 1833.08 
2271 1844.80 
2272 1841.09 
2273 1788.66 
2274 1816.29 
2275 1826.91 
2276 1814.22 
2277 1818.85 
2278 1831.05 
2279 1845.31 
2280 1837.06 
2281 1847.49 
2282 1838.66 
2283 1828.62 
2284 1822.09 
2285 1824.80 
2286 1821.59 
2287 1864.64 
2288 1818.18 
2289 1823.15 
2290 1829.43 
2291 1830.26 
2292 1840.84 
2293 1843.25 
2294 1824.25 
2295 1841.81 
2296 1828.87 
2297 1809.57 
2298 1834.49 
2299 1812.17 
2300 1819.96 
2301 1815.81 
2302 1825.87 
2303 1857.98 
2304 1833.37 
2305 1865.28 
2306 1813.01 
2307 1827.73 
2308 1808.01 
2309 1802.71 
2310 1830.93 
2311 1821.30 
2312 1855.67 
2313 1837.62 
2314 1842.41 
2315 1823.84 
2316 1821.38 
2317 1865.38 
2318 1841.62 
2319 1838.86 
2320 1826.09 
2321 1840.33 
2322 1812.40 
2323 1844.37 
2324 1830.71 
2325 1825.87 
2326 1834.31 
2327 1815.71 
2328 1834.37 
2329 1794.15 
2330 1773.82 
2331 1836.85 
2332 1838.59 
2333 1818.12 
2334 1827.60 
2335 1796.73 
2336 1810.05 
2337 1806.08 
2338 1828.80 
2339 1811.48 
2340 1812.98 
2341 1803.94 
2342 1801.77 
2343 1801.38 
2344 1831.55 
2345 1797.23 
2346 1840.97 
2347 1811.40 
2348 1838.17 
2349 1829.27 
2350 1816.25 
2351 1843.86 
2352 1819.81 
2353 1821.74 
2354 1836.93 
2355 1847.80 
2356 1825.56 
2357 1829.46 
2358 1810.72 
2359 1828.76 
2360 1829.23 
2361 1801.22 
2362 1809.72 
2363 1818.88 
2364 1796.92 
2365 1793.55 
2366 1794.53 
2367 1816.79 
2368 1843.21 
2369 1815.68 
2370 1830.75 
2371 1817.82 
2372 1804.61 
2373 1828.55 
2374 1828.51 
2375 1835.24 
2376 1835.29 
2377 1846.82 
2378 1833.13 
2379 1851.04 
2380 1825.70 
2381 1845.30 
2382 1823.48 
2383 1826.08 
2384 1799.46 
2385 1816.35 
2386 1798.46 
2387 1846.57 
2388 1840.46 
2389 1786.54 
2390 1822.31 
2391 1840.60 
2392 1826.91 
2393 1827.31 
2394 1820.00 
2395 1789.89 
2396 1798.62 
2397 1834.93 
2398 1841.73 
2399 1822.28 
2400 1834.54 
2401 1816.03 
2402 1855.57 
2403 1805.25 
2404 1822.42 
2405 1843.45 
2406 1825.58 
2407 1848.06 
2408 1809.46 
2409 1823.48 
2410 1801.92 
2411 1842.73 
2412 1816.36 
2413 1802.51 
2414 1828.66 
2415 1812.91 
2416 1817.79 
2417 1813.77 
2418 1834.32 
2419 1800.56 
2420 1824.75 
2421 1809.76 
2422 1839.51 
2423 1829.14 
2424 1815.31 
2425 1827.15 
2426 1837.45 
2427 1819.89 
2428 1813.51 
2429 1814.97 
2430 1844.64 
2431 1836.56 
2432 1842.42 
2433 1833.01 
2434 1814.11 
2435 1793.85 
