Seed 0:
0 -624.78 
1 -492.48 
2 -876.92 
3 -296.87 
4 200.44 
5 35.62 
6 0.11 
7 0.35 
8 -0.50 
9 -245.56 
10 1329.50 
11 832.29 
12 855.68 
13 902.08 
14 989.71 
15 1225.01 
16 1083.58 
17 1233.04 
18 1231.60 
19 1225.67 
20 1220.79 
21 1233.49 
22 2144.69 
23 2122.15 
24 2094.12 
25 2148.58 
26 2047.81 
27 1525.60 
28 2114.65 
29 2061.62 
30 2084.34 
31 2140.15 
32 2129.42 
33 2149.25 
34 2079.68 
35 2104.56 
36 2128.40 
37 2129.03 
38 2100.75 
39 2111.58 
40 2126.36 
41 2123.47 
42 2130.01 
43 2150.85 
44 2141.47 
45 2133.45 
46 2110.12 
47 2144.10 
48 2097.11 
49 2106.61 
50 2120.01 
51 2137.73 
52 2125.64 
53 2076.65 
54 2091.23 
55 2128.16 
56 2131.34 
57 2131.58 
58 2061.37 
59 2136.73 
60 2132.49 
61 2124.43 
62 2121.17 
63 2067.55 
64 2092.60 
65 2128.08 
66 2113.46 
67 2124.93 
68 2097.99 
69 2137.50 
70 2130.53 
71 2143.97 
72 2133.47 
73 2086.02 
74 2132.80 
75 2135.32 
76 2097.75 
77 2113.69 
78 2134.05 
79 2123.82 
80 2140.72 
81 2108.03 
82 2130.65 
83 2131.60 
84 2126.46 
85 2124.01 
86 2129.89 
87 2113.79 
88 2100.43 
89 2118.65 
90 2124.18 
91 2076.28 
92 2149.04 
93 2093.16 
94 2092.52 
95 2119.81 
96 2113.39 
97 2138.29 
98 2148.28 
99 2116.94 
100 2118.05 
101 2119.56 
102 2137.22 
103 2137.60 
104 2136.78 
105 2100.99 
106 2120.68 
107 2123.23 
108 2148.62 
109 2146.53 
110 2096.61 
111 2136.17 
112 2121.08 
113 2128.93 
114 2129.23 
115 2128.51 
116 2127.42 
117 2136.71 
118 2113.11 
119 2089.21 
120 2137.92 
121 2106.54 
122 2134.35 
123 2139.04 
124 2145.54 
125 2129.12 
126 2134.99 
127 2122.97 
128 2121.13 
129 2136.15 
130 2082.11 
131 2127.99 
132 2097.27 
133 2112.18 
134 2138.88 
135 2110.96 
136 2140.54 
137 2129.81 
138 2098.04 
139 2133.21 
140 2132.12 
141 2107.39 
142 2107.92 
143 2143.17 
144 2128.48 
145 2145.59 
146 2125.84 
147 2107.17 
148 2119.24 
149 2132.32 
150 2123.22 
151 2122.27 
152 2105.17 
153 2117.70 
154 2120.13 
155 2104.40 
156 2109.30 
157 2126.02 
158 2130.30 
159 2120.77 
160 2129.06 
161 2152.16 
162 2117.36 
163 2118.58 
164 2076.00 
165 2133.42 
166 2147.58 
167 2114.95 
168 2126.16 
169 2103.21 
170 2117.51 
171 2138.00 
172 2120.48 
173 2125.48 
174 2141.97 
175 2121.73 
176 2122.35 
177 2142.13 
178 2136.48 
179 2140.91 
180 2157.04 
181 2123.40 
182 2113.45 
183 2127.19 
184 2115.56 
185 2126.28 
186 2114.21 
187 2150.35 
188 2144.03 
189 2120.25 
190 2115.98 
191 2116.45 
192 2120.26 
193 2144.73 
194 2135.11 
195 2137.49 
196 2127.19 
197 2140.58 
198 2129.74 
199 2111.95 
200 2113.38 
201 2118.01 
202 2103.11 
203 2149.94 
204 2111.29 
205 2108.43 
206 2142.01 
207 2124.13 
208 2151.50 
209 2129.22 
210 2126.83 
211 2139.42 
212 2128.67 
213 2137.38 
214 2132.82 
215 2141.30 
216 2121.23 
217 2096.75 
218 2116.56 
219 2137.07 
220 2142.40 
221 2151.03 
222 2144.43 
223 2139.61 
224 2114.75 
225 2082.84 
226 2132.41 
227 2122.21 
228 2128.00 
229 2128.29 
230 2137.47 
231 2124.50 
232 2122.87 
233 2133.82 
234 2110.11 
235 2122.59 
236 2142.26 
237 2133.14 
238 2123.09 
239 2141.68 
240 2129.95 
241 2143.29 
242 2130.33 
243 2103.59 
244 2112.77 
245 2104.15 
246 2111.14 
247 2128.51 
248 2133.31 
249 2121.91 
250 2141.31 
251 2120.15 
252 2137.57 
253 2139.22 
254 2130.95 
255 2108.46 
256 2129.07 
257 2121.55 
258 2134.92 
259 2124.46 
260 2124.15 
261 2143.55 
262 2102.45 
263 2106.22 
264 2098.13 
265 2107.67 
266 2126.68 
267 2128.11 
268 2115.77 
269 2132.83 
270 2144.64 
271 2100.17 
272 2129.90 
273 2117.42 
274 2149.17 
275 2128.13 
276 2127.48 
277 2142.15 
278 2126.55 
279 2146.84 
280 2142.45 
281 2112.60 
282 2127.42 
283 2132.18 
284 2089.72 
285 2143.92 
286 2089.52 
287 2107.86 
288 2132.32 
289 2128.82 
290 2122.13 
291 2114.31 
292 2122.87 
293 2132.55 
294 2116.35 
295 2129.60 
296 2132.94 
297 2132.39 
298 2148.64 
299 2127.79 
300 2127.06 
301 2109.87 
302 2119.77 
303 2140.16 
304 2137.17 
305 2086.23 
306 2119.12 
307 2140.41 
308 2131.08 
309 2112.32 
310 2145.00 
311 2119.68 
312 2104.74 
313 2111.31 
314 2118.70 
315 2118.81 
316 2118.21 
317 2102.81 
318 2123.87 
319 2130.65 
320 2132.03 
321 2133.05 
322 2142.09 
323 2113.49 
324 2124.61 
325 2142.32 
326 2135.69 
327 2109.79 
328 2137.84 
329 2133.70 
330 2101.64 
331 2131.16 
332 2117.22 
333 2142.43 
334 2128.59 
335 2113.12 
336 2146.61 
337 2126.35 
338 2139.06 
339 2124.32 
340 2131.68 
341 2129.82 
342 2144.33 
343 2127.37 
344 2109.62 
345 2125.11 
346 2111.70 
347 2117.20 
348 2133.39 
349 2134.53 
350 2128.89 
351 2101.86 
352 2119.93 
353 2118.85 
354 2103.49 
355 2133.03 
356 2129.63 
357 2114.74 
358 2120.74 
359 2127.10 
360 2131.69 
361 2140.39 
362 2130.38 
363 2132.38 
364 2132.15 
365 2077.95 
366 2142.93 
367 2139.35 
368 2128.26 
369 2134.73 
370 2142.19 
371 2136.21 
372 2120.39 
373 2128.36 
374 2145.35 
375 2103.59 
376 2131.18 
377 2124.32 
378 2117.74 
379 2104.82 
380 2099.60 
381 2103.66 
382 2123.04 
383 2110.27 
384 2136.92 
385 2146.52 
386 2137.86 
387 2139.33 
388 2119.91 
389 2136.28 
390 2086.85 
391 2115.19 
392 2144.76 
393 2145.62 
394 2114.38 
395 2136.87 
396 2130.70 
397 2123.04 
398 2105.16 
399 2124.85 
400 2098.50 
401 2135.90 
402 2125.12 
403 2123.22 
404 2144.55 
405 2132.76 
406 2139.15 
407 2098.61 
408 2093.65 
409 2100.65 
410 2139.99 
411 2128.71 
412 2099.22 
413 2102.65 
414 2126.63 
415 2098.09 
416 2128.73 
417 2138.24 
418 2111.77 
419 2126.53 
420 2108.89 
421 2123.63 
422 2125.09 
423 2123.96 
424 2142.85 
425 2136.36 
426 2146.00 
427 2135.07 
428 2126.92 
429 2108.23 
430 2112.97 
431 2143.18 
432 2120.25 
433 2138.52 
434 2129.32 
435 2111.18 
436 2122.64 
437 2113.15 
438 2076.43 
439 2121.64 
440 2114.84 
441 2109.97 
442 2135.39 
443 2112.38 
444 2126.83 
445 2112.01 
446 2114.29 
447 2101.59 
448 2098.61 
449 2113.33 
450 2145.83 
451 2108.67 
452 2146.82 
453 2109.73 
454 2119.58 
455 2115.85 
456 2099.79 
457 2162.14 
458 2140.50 
459 2124.29 
460 2129.46 
461 2122.69 
462 2128.28 
463 2121.59 
464 2119.74 
465 2136.97 
466 2150.78 
467 2115.72 
468 2132.32 
469 2122.13 
470 2142.53 
471 2126.01 
472 2118.03 
473 2113.95 
474 2124.70 
475 2122.22 
476 2123.93 
477 2106.36 
478 2133.61 
479 2108.69 
480 2118.71 
481 2134.67 
482 2146.05 
483 2153.03 
484 2140.11 
485 2139.67 
486 2118.16 
487 2133.70 
488 2120.83 
489 2141.23 
490 2138.74 
491 2137.88 
492 2111.15 
493 2119.35 
494 2141.18 
495 2123.54 
496 2147.32 
497 2045.25 
498 2130.20 
499 2129.91 
500 2104.33 
501 2110.50 
502 2133.22 
503 2122.72 
504 2132.59 
505 2128.68 
506 2106.24 
507 2111.85 
508 2134.43 
509 2099.52 
510 2110.41 
511 2134.15 
512 2139.13 
513 2114.04 
514 2138.18 
515 2129.46 
516 2125.83 
517 2122.21 
518 2135.74 
519 2129.81 
520 2132.80 
521 2133.00 
522 2125.96 
523 2123.04 
524 2116.12 
525 2129.14 
526 2083.42 
527 2122.70 
528 2125.70 
529 2082.26 
530 2132.17 
531 2140.27 
532 2128.60 
533 2108.36 
534 2157.14 
535 2123.78 
536 2130.85 
537 2118.02 
538 2126.43 
539 2127.26 
540 2104.22 
541 2127.64 
542 2155.83 
543 2153.56 
544 2127.84 
545 2157.18 
546 2143.56 
547 2122.88 
548 2133.19 
549 2148.25 
550 2145.45 
551 2111.50 
552 2126.65 
553 2131.52 
554 2118.30 
555 2137.95 
556 2146.70 
557 2110.63 
558 2132.86 
559 2134.94 
560 2131.34 
561 2134.56 
562 2112.11 
563 2137.47 
564 2121.67 
565 2153.49 
566 2106.30 
567 2147.72 
568 2122.57 
569 2125.13 
570 2139.92 
571 2113.24 
572 2149.57 
573 2169.11 
574 2150.00 
575 2121.59 
576 2144.78 
577 2157.14 
578 2150.29 
579 2134.10 
580 2142.40 
581 2124.21 
582 2102.75 
583 2142.74 
584 2141.70 
585 2114.91 
586 2137.53 
587 2136.42 
588 2150.00 
589 2147.92 
590 2134.45 
591 2157.83 
592 2145.48 
593 2120.09 
594 2128.25 
595 2142.42 
596 2136.43 
597 2134.94 
598 2134.39 
599 2133.42 
600 2133.37 
601 2123.58 
602 2127.20 
603 2125.63 
604 2152.35 
605 2125.17 
606 2150.65 
607 2132.26 
608 2122.40 
609 2117.48 
610 2153.26 
611 2132.68 
612 2112.05 
613 2156.31 
614 2136.04 
615 2153.07 
616 2141.07 
617 2166.11 
618 2139.13 
619 2122.58 
620 2119.13 
621 2157.43 
622 2138.59 
623 2136.65 
624 2151.25 
625 2155.82 
626 2157.40 
627 2140.20 
628 2131.84 
629 2145.31 
630 2131.81 
631 2130.03 
632 2124.65 
633 2129.86 
634 2151.69 
635 2140.82 
636 2123.32 
637 2138.03 
638 2122.43 
639 2149.50 
640 2127.62 
641 2128.33 
642 2143.34 
643 2124.58 
644 2132.90 
645 2126.85 
646 2172.46 
647 2129.33 
648 2127.18 
649 2137.91 
650 2110.89 
651 2131.87 
652 2136.70 
653 2124.59 
654 2119.50 
655 2121.30 
656 2137.81 
657 2120.40 
658 2132.60 
659 2126.88 
660 2118.70 
661 2125.73 
662 2148.06 
663 2101.93 
664 2122.33 
665 2149.22 
666 2120.70 
667 2127.85 
668 2149.42 
669 2164.84 
670 2131.64 
671 2171.91 
672 2094.48 
673 2142.39 
674 2136.46 
675 2167.59 
676 2132.20 
677 2103.38 
678 2117.64 
679 2121.15 
680 2133.44 
681 2131.59 
682 2159.13 
683 2132.77 
684 2137.08 
685 2149.38 
686 2109.81 
687 2140.95 
688 2151.41 
689 2119.01 
690 2143.56 
691 2127.51 
692 2132.60 
693 2115.59 
694 2128.10 
695 2133.57 
696 2149.56 
697 2139.80 
698 2145.37 
699 2162.88 
700 2124.35 
701 2147.73 
702 2145.77 
703 2142.73 
704 2127.93 
705 2117.60 
706 2149.18 
707 2128.95 
708 2132.10 
709 2137.85 
710 2163.66 
711 2151.07 
712 2127.63 
713 2150.89 
714 2145.75 
715 2143.64 
716 2144.44 
717 2149.20 
718 2122.31 
719 2136.19 
720 2106.96 
721 2143.67 
722 2128.09 
723 2142.81 
724 2162.41 
725 2150.48 
726 2118.56 
727 2139.83 
728 2145.33 
729 2141.54 
730 2121.96 
731 2128.96 
732 2150.18 
733 2131.68 
734 2125.63 
735 2141.48 
736 2168.70 
737 2142.47 
738 2135.59 
739 2137.70 
740 2181.35 
741 2098.25 
742 2131.36 
743 2127.21 
744 2161.23 
745 2192.50 
746 2147.22 
747 2126.74 
748 2152.47 
749 2140.54 
750 2134.71 
751 2151.83 
752 2136.23 
753 2134.30 
754 2140.77 
755 2131.35 
756 2125.96 
757 2139.03 
758 2141.46 
759 2139.22 
760 2117.41 
761 2124.35 
762 2171.82 
763 2124.95 
764 2133.42 
765 2147.35 
766 2132.59 
767 2131.96 
768 2123.10 
769 2153.93 
770 2133.04 
771 2141.20 
772 2105.41 
773 2124.50 
774 2130.04 
775 2139.43 
776 2132.07 
777 2092.96 
778 2114.15 
779 2124.85 
780 2139.38 
781 2152.44 
782 2142.83 
783 2119.74 
784 2165.42 
785 2139.88 
786 2141.56 
787 2124.83 
788 2115.79 
789 2147.97 
790 2148.97 
791 2125.37 
792 2156.32 
793 2139.04 
794 2145.56 
795 2132.98 
796 2172.43 
797 2117.98 
798 2137.38 
799 2122.31 
800 2129.42 
801 2130.89 
802 2155.88 
803 2123.14 
804 2158.22 
805 2140.17 
806 2143.65 
807 2148.01 
808 2136.56 
809 2124.76 
810 2153.18 
811 2131.69 
812 2138.60 
813 2143.67 
814 2122.37 
815 2126.09 
816 2146.75 
817 2121.94 
818 2114.13 
819 2131.73 
820 2126.93 
821 2119.88 
822 2130.55 
823 2128.50 
824 2130.31 
825 2131.66 
826 2141.15 
827 2141.89 
828 2124.89 
829 2112.56 
830 2136.53 
831 2132.86 
832 2140.17 
833 2132.21 
834 2137.14 
835 2161.72 
836 2152.45 
837 2137.95 
838 2140.43 
839 2178.66 
840 2128.43 
841 2152.96 
842 2146.71 
843 2136.11 
844 2089.19 
845 2151.25 
846 2155.47 
847 2125.83 
848 2146.85 
849 2159.84 
850 2146.94 
851 2122.07 
852 2124.19 
853 2106.71 
854 2126.07 
855 2129.10 
856 2104.92 
857 2109.61 
858 2142.86 
859 2147.16 
860 2098.88 
861 2157.93 
862 2150.46 
863 2118.19 
864 2133.41 
865 2143.59 
866 2120.94 
867 2135.60 
868 2143.83 
869 2128.63 
870 2144.74 
871 2136.40 
872 2136.65 
873 2122.77 
874 2144.34 
875 2150.84 
876 2137.18 
877 2127.75 
878 2133.51 
879 2157.16 
880 2136.75 
881 2156.54 
882 2128.98 
883 2129.73 
884 2109.76 
885 2152.24 
886 2149.17 
887 2151.38 
888 2123.07 
889 2151.96 
890 2127.04 
891 2131.51 
892 2162.31 
893 2150.09 
894 2158.51 
895 2145.39 
896 2151.76 
897 2135.23 
898 2130.83 
899 2158.01 
900 2146.19 
901 2166.36 
902 2149.79 
903 2136.05 
904 2147.65 
905 2154.55 
906 2129.53 
907 2136.56 
908 2132.60 
909 2120.35 
910 2143.01 
911 2124.98 
912 2158.09 
913 2126.29 
914 2136.91 
915 2149.86 
916 2126.44 
917 2137.77 
918 2134.71 
919 2138.55 
920 2132.08 
921 2129.86 
922 2153.55 
923 2149.94 
924 2141.05 
925 2120.63 
926 2152.15 
927 2169.73 
928 2147.20 
929 2116.38 
930 2133.80 
931 2117.86 
932 2125.52 
933 2155.65 
934 2152.33 
935 2145.32 
936 2106.78 
937 2140.57 
938 2138.27 
939 2141.05 
940 2134.67 
941 2129.50 
942 2141.16 
943 2164.44 
944 2144.51 
945 2153.36 
946 2125.59 
947 2151.69 
948 2174.23 
949 2149.28 
950 2131.62 
951 2130.83 
952 2131.70 
953 2147.01 
954 2139.92 
955 2162.98 
956 2134.51 
957 2129.14 
958 2139.02 
959 2136.09 
960 2118.65 
961 2145.06 
962 2149.58 
963 2137.66 
964 2141.89 
965 2157.20 
966 2140.98 
967 2131.57 
968 2160.08 
969 2110.67 
970 2145.47 
971 2148.27 
972 2139.46 
973 2140.74 
974 2147.17 
975 2117.06 
976 2141.79 
977 2145.15 
978 2123.49 
979 2127.42 
980 2116.08 
981 2109.81 
982 2141.21 
983 2120.92 
984 2131.52 
985 2129.14 
986 2122.58 
987 2110.17 
988 2099.47 
989 2139.98 
990 2127.43 
991 2118.26 
992 2152.85 
993 2117.81 
994 2118.64 
995 2115.31 
996 2120.16 
997 2134.23 
998 2130.53 
999 2134.74 
1000 2098.16 
1001 2127.76 
1002 2130.61 
1003 2140.32 
1004 2139.49 
1005 2148.68 
1006 2125.47 
1007 2137.42 
1008 2145.07 
1009 2146.82 
1010 2122.53 
1011 2134.48 
1012 2130.79 
1013 2120.97 
1014 2123.75 
1015 2120.50 
1016 2124.65 
1017 2149.45 
1018 2142.76 
1019 2122.55 
1020 2147.36 
1021 2136.52 
1022 2100.63 
1023 2150.75 
1024 2140.77 
1025 2120.92 
1026 2136.12 
1027 2171.38 
1028 2142.90 
1029 2151.76 
1030 2127.77 
1031 2154.56 
1032 2147.47 
1033 2125.87 
1034 2135.13 
1035 2139.49 
1036 2141.33 
1037 2138.24 
1038 2137.48 
1039 2129.30 
1040 2164.45 
1041 2129.70 
1042 2146.19 
1043 2146.16 
1044 2133.55 
1045 2149.91 
1046 2131.68 
1047 2158.46 
1048 2102.17 
1049 2134.65 
1050 2126.17 
1051 2123.52 
1052 2126.32 
1053 2139.51 
1054 2142.58 
1055 2160.52 
1056 2136.26 
1057 2117.56 
1058 2123.08 
1059 2150.22 
1060 2148.47 
1061 2132.07 
1062 2094.89 
1063 2129.74 
1064 2129.07 
1065 2138.01 
1066 2138.15 
1067 2127.74 
1068 2135.23 
1069 2130.40 
1070 2115.06 
1071 2131.98 
1072 2141.48 
1073 2136.97 
1074 2098.61 
1075 2124.77 
1076 2135.81 
1077 2137.49 
1078 2130.84 
1079 2137.95 
1080 2136.99 
1081 2150.66 
1082 2136.05 
1083 2158.69 
1084 2139.89 
1085 2144.28 
1086 2143.70 
1087 2171.12 
1088 2091.18 
1089 2135.76 
1090 2163.63 
1091 2141.12 
1092 2145.73 
1093 2120.50 
1094 2134.46 
1095 2130.24 
1096 2132.30 
1097 2131.74 
1098 2127.45 
1099 2138.54 
1100 2124.92 
1101 2156.98 
1102 2139.37 
1103 2146.12 
1104 2119.68 
1105 2157.45 
1106 2145.03 
1107 2073.43 
1108 2127.57 
1109 2136.38 
1110 2121.99 
1111 2132.58 
1112 2146.49 
1113 2129.86 
1114 2134.27 
1115 2129.95 
1116 2144.90 
1117 2135.50 
1118 2139.38 
1119 2146.86 
1120 2159.98 
1121 2168.75 
1122 2135.24 
1123 2128.02 
1124 2131.85 
1125 2142.45 
1126 2133.62 
1127 2131.42 
1128 2148.58 
1129 2129.62 
1130 2111.73 
1131 2140.50 
1132 2138.75 
1133 2155.06 
1134 2132.98 
1135 2144.63 
1136 2122.58 
1137 2187.81 
1138 2139.13 
1139 2143.25 
1140 2125.06 
1141 2117.74 
1142 2162.34 
1143 2147.65 
1144 2126.05 
1145 2149.19 
1146 2140.78 
1147 2149.10 
1148 2144.32 
1149 2141.99 
1150 2140.19 
1151 2144.64 
1152 2145.61 
1153 2158.38 
1154 2150.88 
1155 2152.55 
1156 2141.53 
1157 2139.77 
1158 2123.55 
1159 2133.17 
1160 2132.04 
1161 2132.52 
1162 2137.45 
1163 2154.11 
1164 2125.56 
1165 2151.83 
1166 2155.14 
1167 2141.62 
1168 2142.22 
1169 2145.96 
1170 2120.17 
1171 2125.76 
1172 2157.61 
1173 2135.82 
1174 2166.13 
1175 2141.73 
1176 2149.86 
1177 2138.28 
1178 2120.23 
1179 2142.24 
1180 2127.15 
1181 2136.55 
1182 2136.39 
1183 2132.16 
1184 2128.12 
1185 2134.67 
1186 2144.13 
1187 2121.72 
1188 2158.63 
1189 2130.40 
1190 2143.09 
1191 2106.03 
1192 2142.53 
1193 2125.24 
1194 2143.11 
1195 2155.12 
1196 2134.83 
1197 2140.03 
1198 2140.47 
1199 2138.43 
1200 2139.01 
1201 2151.97 
1202 2136.89 
1203 2130.51 
1204 2150.61 
1205 2146.18 
1206 2122.66 
1207 2148.55 
1208 2110.92 
1209 2132.69 
1210 2144.68 
1211 2154.97 
1212 2169.28 
1213 2160.71 
1214 2127.40 
1215 2123.42 
1216 2140.32 
1217 2153.29 
1218 2121.14 
1219 2140.71 
1220 2131.77 
1221 2131.10 
1222 2121.49 
1223 2131.36 
1224 2136.97 
1225 2126.68 
1226 2122.94 
1227 2126.41 
1228 2161.27 
1229 2128.08 
1230 2097.72 
1231 2151.73 
1232 2129.11 
1233 2142.06 
1234 2090.61 
1235 2134.27 
1236 2135.19 
1237 2132.89 
1238 2143.21 
1239 2133.38 
1240 2138.94 
1241 2144.14 
1242 2122.74 
1243 2127.33 
1244 2159.49 
1245 2138.06 
1246 2143.28 
1247 2153.62 
1248 2138.65 
1249 2147.53 
1250 2129.66 
1251 2134.72 
1252 2131.70 
1253 2147.95 
1254 2140.02 
1255 2153.04 
1256 2150.22 
1257 2141.89 
1258 2127.09 
1259 2140.43 
1260 2110.25 
1261 2145.43 
1262 2142.95 
1263 2142.82 
1264 2096.96 
1265 2137.52 
1266 2151.52 
1267 2129.66 
1268 2152.85 
1269 2154.18 
1270 2146.80 
1271 2172.39 
1272 2125.86 
1273 2156.55 
1274 2139.03 
1275 2149.80 
1276 2139.28 
1277 2161.42 
1278 2146.76 
1279 2133.79 
1280 2146.67 
1281 2149.69 
1282 2161.22 
1283 2144.38 
1284 2135.77 
1285 2140.43 
1286 2122.16 
1287 2111.41 
1288 2143.30 
1289 2146.18 
1290 2142.99 
1291 2140.81 
1292 2132.09 
1293 2146.29 
1294 2124.14 
1295 2173.27 
1296 2132.93 
1297 2140.34 
1298 2111.43 
1299 2142.39 
1300 2135.26 
1301 2127.25 
1302 2139.79 
1303 2135.70 
1304 2171.29 
1305 2144.25 
1306 2129.74 
1307 2122.29 
1308 2157.46 
1309 2141.38 
1310 2139.01 
1311 2140.61 
1312 2138.13 
1313 2144.60 
1314 2135.37 
1315 2157.73 
1316 2144.58 
1317 2122.22 
1318 2153.73 
1319 2144.01 
1320 2129.79 
1321 2142.29 
1322 2144.48 
1323 2158.30 
1324 2127.00 
1325 2151.41 
1326 2140.76 
1327 2135.35 
1328 2141.28 
1329 2148.22 
1330 2121.92 
1331 2131.85 
1332 2141.87 
1333 2139.01 
1334 2120.89 
1335 2125.51 
1336 2131.03 
1337 2155.52 
1338 2144.25 
1339 2138.04 
1340 2137.37 
1341 2142.28 
1342 2169.90 
1343 2138.79 
1344 2137.45 
1345 2141.05 
1346 2128.44 
1347 2086.01 
1348 2167.25 
1349 2141.33 
1350 2144.17 
1351 2142.68 
1352 2107.92 
1353 2142.81 
1354 2136.50 
1355 2138.33 
1356 2127.11 
1357 2140.92 
1358 2123.33 
1359 2145.79 
1360 2130.79 
1361 2157.88 
1362 2137.06 
1363 2128.30 
1364 2138.78 
1365 2144.47 
1366 2152.73 
1367 2144.83 
1368 2110.62 
1369 2130.96 
1370 2126.03 
1371 2129.62 
1372 2144.35 
1373 2144.69 
1374 2139.19 
1375 2156.54 
1376 2135.28 
1377 2139.00 
1378 2141.48 
1379 2153.49 
1380 2156.40 
1381 2150.28 
1382 2132.97 
1383 2152.13 
1384 2151.53 
1385 2131.21 
1386 2160.67 
1387 2134.09 
1388 2139.21 
1389 2148.73 
1390 2135.24 
1391 2144.51 
1392 2132.38 
1393 2156.24 
1394 2143.85 
1395 2142.85 
1396 2142.56 
1397 2140.72 
1398 2121.77 
1399 2143.76 
1400 2134.06 
1401 2156.75 
1402 2167.44 
1403 2132.16 
1404 2156.77 
1405 2138.25 
1406 2145.98 
1407 2119.91 
1408 2136.41 
1409 2120.78 
1410 2119.78 
1411 2117.99 
1412 2144.11 
1413 2132.30 
1414 2156.11 
1415 2090.11 
1416 2131.54 
1417 2146.59 
1418 2121.92 
1419 2117.78 
1420 2167.32 
1421 2120.56 
1422 2170.71 
1423 2124.87 
1424 2129.19 
1425 2116.43 
1426 2113.22 
1427 2124.02 
1428 2120.30 
1429 2131.53 
1430 2141.96 
1431 2149.11 
1432 2098.01 
1433 2132.02 
1434 2127.06 
1435 2137.28 
1436 2156.34 
1437 2134.26 
1438 2133.14 
1439 2171.51 
1440 2130.83 
1441 2146.01 
1442 2137.32 
1443 2138.61 
1444 2140.83 
1445 2144.33 
1446 2157.69 
1447 2146.59 
1448 2134.54 
1449 2121.95 
1450 2138.60 
1451 2150.49 
1452 2112.73 
1453 2154.04 
1454 2141.08 
1455 2126.05 
1456 2124.95 
1457 2139.18 
1458 2159.85 
1459 2131.41 
1460 2138.60 
1461 2173.38 
1462 2140.65 
1463 2132.70 
1464 2144.67 
1465 2157.17 
1466 2144.61 
1467 2141.13 
1468 2168.14 
1469 2153.91 
1470 2155.68 
1471 2153.39 
1472 2132.60 
1473 2142.52 
1474 2140.27 
1475 2155.36 
1476 2141.23 
1477 2124.09 
1478 2107.47 
1479 2114.55 
1480 2132.00 
1481 2125.21 
1482 2135.92 
1483 2141.75 
1484 2110.97 
1485 2123.65 
1486 2130.16 
1487 2122.43 
1488 2156.20 
1489 2138.91 
1490 2138.40 
1491 2155.57 
1492 2130.74 
1493 2125.09 
1494 2144.98 
1495 2126.72 
1496 2128.44 
1497 2146.34 
1498 2124.92 
1499 2154.60 
1500 2142.94 
1501 2124.07 
1502 2160.91 
1503 2147.37 
1504 2131.29 
1505 2137.31 
1506 2181.87 
1507 2147.78 
1508 2134.06 
1509 2138.43 
1510 2128.23 
1511 2128.16 
1512 2132.31 
1513 2148.72 
1514 2133.66 
1515 2129.74 
1516 2166.03 
1517 2130.07 
1518 2130.00 
1519 2158.52 
1520 2136.08 
1521 2142.32 
1522 2168.12 
1523 2152.25 
1524 2129.22 
1525 2129.09 
1526 2131.53 
1527 2152.37 
1528 2138.39 
1529 2148.65 
1530 2110.47 
1531 2129.59 
1532 2140.01 
1533 2142.51 
1534 2130.23 
1535 2144.73 
1536 2145.62 
1537 2137.88 
1538 2173.11 
1539 2131.33 
1540 2127.60 
1541 2141.54 
1542 2151.78 
1543 2142.66 
1544 2140.46 
1545 2110.18 
1546 2149.69 
1547 2113.71 
1548 2139.45 
1549 2138.78 
1550 2179.97 
1551 2141.92 
1552 2169.36 
1553 2155.85 
1554 2156.93 
1555 2144.88 
1556 2133.72 
1557 2120.78 
1558 2130.09 
1559 2140.53 
1560 2139.23 
1561 2136.86 
1562 2140.37 
1563 2143.44 
1564 2143.36 
1565 2157.36 
1566 2152.59 
1567 2136.94 
1568 2149.53 
1569 2120.78 
1570 2120.71 
1571 2141.26 
1572 2114.36 
1573 2123.11 
1574 2134.25 
1575 2136.68 
1576 2113.97 
1577 2141.26 
1578 2124.97 
1579 2119.66 
1580 2123.98 
1581 2155.07 
1582 2168.76 
1583 2144.54 
1584 2128.21 
1585 2107.91 
1586 2143.89 
1587 2127.99 
1588 2149.54 
1589 2130.62 
1590 2134.86 
1591 2096.66 
1592 2091.99 
1593 2137.65 
1594 2120.61 
1595 2161.40 
1596 2150.29 
1597 2145.77 
1598 2139.89 
1599 2138.19 
1600 2156.55 
1601 2136.37 
1602 2172.24 
1603 2137.79 
1604 2144.63 
1605 2146.77 
1606 2153.91 
1607 2188.17 
1608 2143.31 
1609 2126.49 
1610 2136.84 
1611 2140.29 
1612 2136.05 
1613 2159.10 
1614 2136.35 
1615 2133.51 
1616 2133.88 
1617 2123.10 
1618 2165.54 
1619 2118.35 
1620 2168.98 
1621 2131.22 
1622 2142.01 
1623 2139.94 
1624 2153.44 
1625 2136.60 
1626 2136.28 
1627 2156.47 
1628 2120.76 
1629 2156.53 
1630 2122.22 
1631 2132.40 
1632 2160.02 
1633 2147.65 
1634 2145.44 
1635 2135.03 
1636 2142.72 
1637 2151.26 
1638 2110.79 
1639 2144.76 
1640 2159.31 
1641 2116.44 
1642 2158.45 
1643 2129.50 
1644 2139.08 
1645 2137.07 
1646 2119.57 
1647 2144.09 
1648 2145.54 
1649 2162.78 
1650 2126.60 
1651 2133.10 
1652 2133.15 
1653 2125.81 
1654 2118.83 
1655 2153.48 
1656 2123.96 
1657 2126.35 
1658 2145.59 
1659 2132.60 
1660 2116.31 
1661 2123.70 
1662 2131.72 
1663 2152.91 
1664 2122.75 
1665 2141.93 
1666 2132.61 
1667 2140.52 
1668 2133.34 
1669 2143.95 
1670 2125.42 
1671 2116.42 
1672 2159.54 
1673 2143.13 
1674 2145.97 
1675 2120.27 
1676 2118.82 
1677 2153.64 
1678 2123.34 
1679 2147.42 
1680 2145.96 
1681 2159.26 
1682 2140.83 
1683 2124.46 
1684 2140.90 
1685 2129.86 
1686 2147.19 
1687 2140.66 
1688 2138.89 
1689 2152.23 
1690 2176.65 
1691 2150.31 
1692 2128.79 
1693 2144.12 
1694 2150.70 
1695 2119.15 
1696 2128.86 
1697 2145.53 
1698 2145.97 
1699 2137.51 
1700 2154.43 
1701 2127.42 
1702 2144.29 
1703 2144.35 
1704 2163.20 
1705 2131.85 
1706 2119.67 
1707 2122.61 
1708 2128.29 
1709 2138.38 
1710 2132.33 
1711 2130.13 
1712 2176.38 
1713 2127.28 
1714 2154.14 
1715 2152.35 
1716 2146.65 
1717 2138.33 
1718 2111.56 
1719 2126.15 
1720 2145.76 
1721 2126.01 
1722 2136.68 
1723 2134.50 
1724 2131.45 
1725 2127.83 
1726 2146.39 
1727 2146.42 
1728 2156.69 
1729 2142.45 
1730 2103.31 
1731 2097.55 
1732 2130.60 
1733 2138.08 
1734 2137.71 
1735 2161.89 
1736 2136.77 
1737 2132.16 
1738 2143.78 
1739 2146.16 
1740 2150.33 
1741 2126.48 
1742 2137.76 
1743 2148.30 
1744 2139.58 
1745 2151.32 
1746 2144.15 
1747 2138.97 
1748 2122.43 
1749 2143.75 
1750 2128.35 
1751 2134.08 
1752 2141.73 
1753 2136.48 
1754 2122.71 
1755 2152.75 
1756 2157.01 
1757 2144.45 
1758 2132.46 
1759 2143.97 
1760 2147.01 
1761 2112.07 
1762 2132.09 
1763 2158.40 
1764 2127.89 
1765 2129.75 
1766 2123.79 
1767 2124.87 
1768 2135.74 
1769 2124.99 
1770 2125.83 
1771 2148.24 
1772 2125.72 
1773 2132.93 
1774 2152.45 
1775 2139.74 
1776 2144.51 
1777 2120.11 
1778 2169.24 
1779 2133.81 
1780 2126.70 
1781 2144.07 
1782 2163.64 
1783 2118.91 
1784 2145.11 
1785 2142.81 
1786 2137.45 
1787 2151.57 
1788 2123.73 
1789 2147.55 
1790 2140.37 
1791 2141.29 
1792 2147.68 
1793 2132.22 
1794 2102.20 
1795 2096.42 
1796 2153.48 
1797 2148.70 
1798 2121.48 
1799 2130.04 
1800 2146.98 
1801 2136.50 
1802 2119.32 
1803 2133.22 
1804 2151.65 
1805 2148.25 
1806 2149.37 
1807 2162.31 
1808 2145.87 
1809 2131.92 
1810 2151.38 
1811 2157.96 
1812 2142.20 
1813 2150.70 
1814 2118.59 
1815 2146.37 
1816 2140.84 
1817 2163.75 
1818 2136.71 
1819 2142.93 
1820 2134.92 
1821 2147.46 
1822 2131.66 
1823 2149.82 
1824 2134.61 
1825 2147.27 
1826 2131.71 
1827 2149.78 
1828 2134.23 
1829 2149.10 
1830 2145.64 
1831 2132.34 
1832 2154.68 
1833 2145.81 
1834 2146.83 
1835 2163.71 
1836 2131.97 
1837 2124.53 
1838 2158.15 
1839 2132.96 
1840 2146.41 
1841 2108.66 
1842 2142.02 
1843 2146.32 
1844 2111.10 
1845 2152.88 
1846 2126.31 
1847 2130.94 
1848 2130.58 
1849 2141.31 
1850 2145.12 
1851 2149.65 
1852 2100.45 
1853 2132.82 
1854 2138.06 
1855 2156.46 
1856 2158.10 
1857 2128.97 
1858 2133.40 
1859 2131.64 
1860 2129.23 
1861 2140.62 
1862 2141.26 
1863 2136.32 
1864 2123.69 
1865 2129.77 
1866 2152.55 
1867 2100.39 
1868 2154.30 
1869 2161.34 
1870 2148.68 
1871 2138.55 
1872 2120.29 
1873 2136.33 
1874 2139.34 
1875 2152.74 
1876 2126.91 
1877 2155.38 
1878 2103.40 
1879 2142.23 
1880 2135.07 
1881 2130.74 
1882 2107.99 
1883 2133.66 
1884 2150.09 
1885 2106.30 
1886 2148.43 
1887 2144.97 
1888 2133.46 
1889 2143.49 
1890 2140.44 
1891 2147.34 
1892 2145.49 
1893 2169.03 
1894 2112.35 
1895 2154.76 
1896 2151.47 
1897 2121.35 
1898 2124.36 
1899 2125.07 
1900 2133.84 
1901 2156.28 
1902 2131.56 
1903 2134.33 
1904 2150.01 
1905 2133.11 
1906 2138.79 
1907 2139.20 
1908 2150.33 
1909 2126.01 
1910 2140.27 
1911 2123.33 
1912 2159.09 
1913 2154.44 
1914 2116.77 
1915 2123.34 
1916 2154.95 
1917 2161.33 
1918 2134.49 
1919 2137.09 
1920 2108.05 
1921 2157.37 
1922 2127.04 
1923 2131.10 
1924 2141.12 
1925 2133.45 
1926 2147.53 
1927 2149.41 
1928 2140.42 
1929 2145.98 
1930 2145.39 
1931 2126.48 
1932 2139.18 
1933 2137.90 
1934 2108.21 
1935 2096.06 
1936 2134.24 
1937 2152.77 
1938 2142.44 
1939 2141.46 
1940 2135.13 
1941 2123.34 
1942 2159.74 
1943 2155.91 
1944 2138.54 
1945 2126.27 
1946 2127.51 
1947 2149.40 
1948 2146.79 
1949 2124.22 
1950 2138.97 
1951 2144.07 
1952 2126.37 
1953 2135.14 
1954 2111.95 
1955 2125.95 
1956 2139.57 
1957 2141.19 
1958 2141.76 
1959 2135.88 
1960 2143.01 
1961 2126.88 
1962 2155.29 
1963 2145.01 
1964 2134.73 
1965 2117.93 
1966 2098.33 
1967 2124.30 
1968 2125.91 
1969 2144.46 
1970 2138.49 
1971 2146.83 
1972 2159.43 
1973 2145.28 
1974 2127.29 
1975 2135.55 
1976 2137.54 
1977 2121.53 
1978 2134.10 
1979 2149.79 
1980 2142.26 
1981 2130.95 
1982 2151.89 
1983 2126.10 
1984 2126.68 
1985 2122.85 
1986 2146.58 
1987 2123.76 
1988 2146.43 
1989 2123.85 
1990 2150.89 
1991 2156.27 
1992 2140.81 
1993 2163.42 
1994 2125.31 
1995 2137.05 
1996 2145.99 
1997 2130.66 
1998 2140.16 
1999 2122.27 
2000 2147.24 
2001 2141.60 
2002 2138.31 
2003 2160.01 
2004 2125.55 
2005 2133.95 
2006 2113.54 
2007 2144.33 
2008 2139.21 
2009 2149.78 
2010 2141.35 
2011 2134.38 
2012 2146.08 
2013 2137.81 
2014 2093.36 
2015 2134.15 
2016 2148.46 
2017 2135.77 
2018 2136.82 
2019 2143.26 
2020 2143.16 
2021 2166.67 
2022 2126.61 
2023 2150.04 
2024 2141.45 
2025 2115.45 
2026 2147.55 
2027 2156.66 
2028 2153.77 
2029 2145.28 
2030 2137.77 
2031 2143.42 
2032 2121.20 
2033 2144.78 
2034 2149.40 
2035 2104.18 
2036 2140.77 
2037 2128.54 
2038 2138.07 
2039 2155.09 
2040 2149.84 
2041 2132.77 
2042 2148.61 
2043 2144.00 
2044 2099.93 
2045 2137.09 
2046 2134.57 
2047 2149.77 
2048 2151.00 
2049 2148.76 
2050 2150.02 
2051 2151.08 
2052 2150.43 
2053 2147.37 
2054 2125.24 
2055 2153.15 
2056 2147.90 
2057 2120.50 
2058 2131.41 
2059 2156.28 
2060 2129.85 
2061 2142.08 
2062 2179.98 
2063 2128.22 
2064 2115.95 
2065 2150.48 
2066 2146.04 
2067 2146.69 
2068 2146.19 
2069 2167.05 
2070 2125.71 
2071 2132.39 
2072 2114.20 
2073 2123.92 
2074 2127.43 
2075 2111.41 
2076 2146.12 
2077 2140.03 
2078 2150.56 
2079 2130.84 
2080 2133.05 
2081 2140.68 
2082 2144.37 
2083 2189.91 
2084 2121.42 
2085 2161.57 
2086 2147.11 
2087 2132.63 
2088 2158.00 
2089 2139.55 
2090 2134.05 
2091 2145.00 
2092 2114.11 
2093 2133.91 
2094 2150.08 
2095 2147.66 
2096 2135.10 
2097 2137.73 
2098 2130.47 
2099 2147.36 
2100 2145.91 
2101 2118.99 
2102 2143.43 
2103 2151.52 
2104 2137.93 
2105 2109.66 
2106 2130.33 
2107 2160.27 
2108 2148.33 
2109 2146.95 
2110 2149.66 
2111 2170.49 
2112 2137.48 
2113 2151.47 
2114 2138.46 
2115 2143.66 
2116 2141.07 
2117 2144.55 
2118 2147.99 
2119 2135.26 
2120 2145.89 
2121 2123.91 
2122 2149.34 
2123 2139.18 
2124 2153.06 
2125 2131.32 
2126 2153.89 
2127 2129.23 
2128 2169.06 
2129 2146.85 
2130 2156.42 
2131 2150.32 
2132 2149.22 
2133 2155.05 
2134 2109.00 
2135 2139.80 
2136 2151.24 
2137 2122.77 
2138 2150.24 
2139 2145.49 
2140 2128.21 
2141 2134.66 
2142 2143.99 
2143 2144.59 
2144 2117.61 
2145 2133.86 
2146 2139.89 
2147 2135.42 
2148 2095.97 
2149 2166.21 
2150 2126.58 
2151 2174.32 
2152 2123.31 
2153 2139.25 
2154 2135.51 
2155 2167.03 
2156 2134.36 
2157 2155.91 
2158 2125.36 
2159 2138.36 
2160 2132.31 
2161 2123.35 
2162 2129.20 
2163 2121.05 
2164 2137.22 
2165 2112.68 
2166 2135.53 
2167 2122.28 
2168 2145.18 
2169 2130.97 
2170 2127.66 
2171 2132.52 
2172 2142.34 
2173 2161.04 
2174 2145.36 
2175 2155.80 
2176 2111.93 
2177 2143.50 
2178 2142.67 
2179 2151.35 
2180 2125.48 
2181 2147.20 
2182 2140.76 
2183 2119.00 
2184 2157.11 
2185 2137.08 
2186 2128.33 
2187 2101.41 
2188 2138.21 
2189 2144.14 
2190 2114.98 
2191 2090.92 
2192 2115.76 
2193 2145.55 
2194 2116.81 
2195 2128.15 
2196 2138.48 
2197 2140.40 
2198 2140.99 
2199 2112.62 
2200 2117.07 
2201 2110.55 
2202 2115.94 
2203 2136.77 
2204 2131.67 
2205 2157.87 
2206 2129.12 
2207 2128.92 
2208 2119.75 
2209 2149.64 
2210 2144.45 
2211 2152.20 
2212 2135.92 
2213 2155.42 
2214 2122.60 
2215 2138.85 
2216 2119.16 
2217 2137.93 
2218 2128.80 
2219 2143.51 
2220 2134.98 
2221 2161.72 
2222 2130.88 
2223 2133.53 
2224 2120.33 
2225 2131.06 
2226 2148.02 
2227 2131.51 
2228 2141.57 
2229 2136.33 
2230 2124.09 
2231 2128.48 
2232 2135.44 
2233 2132.17 
2234 2106.60 
2235 2130.60 
2236 2139.24 
2237 2141.58 
2238 2114.01 
2239 2135.17 
2240 2137.56 
2241 2126.54 
2242 2145.91 
2243 2162.88 
2244 2167.82 
2245 2145.52 
2246 2141.58 
2247 2136.25 
2248 2142.70 
2249 2130.82 
2250 2140.48 
2251 2150.84 
2252 2130.88 
2253 2130.31 
2254 2135.76 
2255 2128.14 
2256 2159.20 
2257 2147.17 
2258 2140.70 
2259 2138.67 
2260 2165.81 
2261 2141.36 
2262 2138.75 
2263 2147.90 
2264 2143.83 
2265 2127.01 
2266 2118.66 
2267 2143.59 
2268 2132.99 
2269 2105.95 
2270 2126.63 
2271 2121.11 
2272 2121.29 
2273 2128.87 
2274 2143.78 
2275 2138.01 
2276 2121.43 
2277 2129.72 
2278 2130.97 
2279 2143.82 
2280 2118.60 
2281 2112.85 
2282 2134.29 
2283 2139.60 
2284 2131.10 
2285 2140.65 
2286 2121.79 
2287 2133.63 
2288 2136.70 
2289 2134.59 
2290 2140.31 
2291 2122.49 
2292 2135.16 
2293 2133.44 
2294 2130.22 
2295 2129.45 
2296 2148.11 
2297 2145.65 
2298 2115.55 
2299 2152.09 
2300 2141.97 
2301 2144.16 
2302 2171.10 
2303 2144.91 
2304 2134.69 
2305 2148.61 
2306 2141.73 
2307 2141.28 
2308 2098.68 
2309 2174.71 
2310 2157.96 
2311 2158.08 
2312 2138.64 
2313 2136.15 
2314 2145.97 
2315 2165.03 
2316 2127.96 
2317 2148.48 
2318 2130.20 
2319 2132.89 
2320 2171.55 
2321 2131.84 
2322 2125.78 
2323 2137.76 
2324 2115.40 
2325 2159.75 
2326 2134.76 
2327 2146.48 
2328 2122.91 
2329 2153.81 
2330 2080.01 
2331 2100.75 
2332 2125.65 
2333 2137.77 
2334 2115.47 
2335 2143.63 
2336 2138.54 
2337 2168.60 
2338 2167.33 
2339 2129.18 
2340 2117.36 
2341 2145.91 
2342 2147.14 
2343 2139.79 
2344 2145.55 
2345 2122.72 
2346 2148.54 
2347 2149.47 
2348 2137.55 
2349 2122.25 
2350 2155.78 
2351 2111.91 
2352 2136.77 
2353 2170.92 
2354 2143.02 
2355 2159.93 
2356 2133.69 
2357 2145.90 
2358 2164.52 
2359 2134.96 
2360 2142.61 
2361 2132.66 
2362 2134.32 
2363 2139.83 
2364 2132.16 
2365 2113.57 
2366 2174.68 
2367 2142.37 
2368 2134.90 
2369 2133.40 
2370 2152.34 
2371 2130.33 
2372 2128.06 
2373 2139.54 
2374 2153.57 
2375 2136.56 
2376 2142.13 
2377 2143.59 
2378 2165.49 
2379 2110.69 
2380 2148.31 
2381 2150.23 
2382 2133.43 
2383 2144.79 
2384 2148.19 
2385 2067.44 
2386 2177.32 
2387 2147.86 
2388 2126.93 
2389 2139.60 
2390 2164.97 
2391 2140.77 
2392 2153.16 
2393 2124.46 
2394 2141.86 
2395 2144.50 
2396 2112.00 
2397 2141.64 
2398 2139.12 
2399 2150.73 
2400 2148.56 
2401 2121.73 
2402 2150.97 
2403 2138.45 
2404 2145.55 
2405 2141.42 
2406 2130.52 
2407 2126.41 
2408 2148.72 
2409 2125.31 
2410 2136.07 
2411 2140.29 
2412 2135.95 
2413 2122.53 
2414 2121.54 
2415 2144.25 
2416 2142.03 
2417 2135.53 
0 2136.54 
1 2153.24 
2 2141.18 
3 2162.31 
4 2128.56 
5 2129.21 
6 2146.17 
7 2109.06 
8 2168.47 
9 2095.19 
10 2143.75 
11 2142.63 
12 2143.08 
13 2189.54 
14 2139.59 
15 2125.71 
16 2126.15 
17 2139.58 
18 2147.39 
19 2141.39 
20 2144.51 
21 2137.94 
22 2145.75 
23 2136.37 
24 2143.67 
25 2145.08 
26 2140.61 
27 2140.34 
28 2140.77 
29 2143.97 
30 2148.41 
31 2133.34 
32 2129.37 
33 2133.24 
34 2137.19 
35 2137.46 
36 2147.96 
37 2173.70 
38 2121.31 
39 2130.27 
40 2133.38 
41 2093.88 
42 2141.32 
43 2137.58 
44 2134.23 
45 2144.15 
46 2134.41 
47 2153.45 
48 2128.25 
49 2148.04 
50 2125.28 
51 2145.63 
52 2120.83 
53 2126.40 
54 2132.21 
55 2144.66 
56 2119.33 
57 2126.49 
58 2131.04 
59 2157.44 
60 2152.91 
61 2121.23 
62 2140.25 
63 2139.48 
64 2140.54 
65 2123.54 
66 2148.14 
67 2142.47 
68 2135.07 
69 2149.14 
70 2131.96 
71 2135.00 
72 2141.59 
73 2143.56 
74 2143.31 
75 2144.00 
76 2137.63 
77 2138.89 
78 2142.59 
79 2104.60 
80 2132.43 
81 2125.26 
82 2133.10 
83 2162.52 
84 2145.89 
85 2131.48 
86 2151.07 
87 2134.95 
88 2147.93 
89 2139.50 
90 2164.52 
91 2145.14 
92 2134.76 
93 2125.33 
94 2129.05 
95 2125.11 
96 2134.00 
97 2143.02 
98 2148.75 
99 2132.08 
100 2146.18 
101 2139.06 
102 2133.14 
103 2180.31 
104 2146.55 
105 2145.96 
106 2142.71 
107 2169.82 
108 2136.83 
109 2133.09 
110 2158.76 
111 2127.73 
112 2125.09 
113 2127.84 
114 2121.18 
115 2137.70 
116 2162.99 
117 2139.70 
118 2130.65 
119 2123.87 
120 2115.20 
121 2140.54 
122 2126.43 
123 2152.66 
124 2134.49 
125 2133.14 
126 2130.44 
127 2119.74 
128 2141.31 
129 2144.30 
130 2153.36 
131 2145.53 
132 2161.91 
133 2131.96 
134 2141.69 
135 2129.87 
136 2149.03 
137 2138.22 
138 2146.85 
139 2136.89 
140 2159.04 
141 2143.33 
142 2120.09 
143 2130.69 
144 2146.23 
145 2129.21 
146 2129.37 
147 2123.46 
148 2148.16 
149 2162.20 
150 2142.86 
151 2127.62 
152 2132.27 
153 2155.60 
154 2136.50 
155 2148.62 
156 2136.73 
157 2129.38 
158 2126.50 
159 2153.18 
160 2137.38 
161 2149.25 
162 2142.02 
163 2148.24 
164 2133.14 
165 2130.60 
166 2175.94 
167 2122.66 
168 2138.12 
169 2153.75 
170 2122.87 
171 2148.91 
172 2139.24 
173 2122.65 
174 2117.44 
175 2145.63 
176 2155.21 
177 2136.31 
178 2117.46 
179 2142.04 
180 2144.84 
181 2148.17 
182 2138.12 
183 2119.59 
184 2136.90 
185 2139.04 
186 2145.19 
187 2135.50 
188 2138.69 
189 2161.50 
190 2137.13 
191 2141.53 
192 2111.49 
193 2141.89 
194 2096.25 
195 2134.74 
196 2168.32 
197 2130.74 
198 2143.27 
199 2119.79 
200 2139.79 
201 2124.96 
202 2119.36 
203 2116.44 
204 2123.72 
205 2127.83 
206 2138.74 
207 2151.89 
208 2134.77 
209 2149.92 
210 2145.52 
211 2138.83 
212 2114.35 
213 2087.25 
214 2110.87 
215 2146.72 
216 2155.17 
217 2143.66 
218 2142.79 
219 2145.97 
220 2135.94 
221 2164.56 
222 2144.83 
223 2106.14 
224 2106.52 
225 2159.93 
226 2127.64 
227 2136.63 
228 2140.98 
229 2144.07 
230 2139.10 
231 2134.00 
232 2143.25 
233 2150.26 
234 2150.71 
235 2146.54 
236 2150.49 
237 2137.16 
238 2133.37 
239 2144.82 
240 2137.28 
241 2149.11 
242 2142.73 
243 2158.11 
244 2131.27 
245 2140.24 
246 2135.62 
247 2161.88 
248 2121.69 
249 2138.41 
250 2157.34 
251 2144.40 
252 2150.58 
253 2149.03 
254 2143.87 
255 2138.16 
256 2120.81 
257 2139.12 
258 2135.69 
259 2147.48 
260 2163.51 
261 2122.42 
262 2119.61 
263 2128.16 
264 2151.64 
265 2148.23 
266 2153.62 
267 2140.12 
268 2157.55 
269 2125.37 
270 2129.16 
271 2143.09 
272 2139.59 
273 2123.85 
274 2139.61 
275 2108.30 
276 2135.09 
277 2156.71 
278 2144.66 
279 2123.67 
280 2141.42 
281 2122.77 
282 2125.43 
283 2127.36 
284 2140.42 
285 2131.81 
286 2128.84 
287 2142.63 
288 2135.31 
289 2133.95 
290 2153.62 
291 2140.38 
292 2153.51 
293 2136.18 
294 2146.61 
295 2128.03 
296 2133.16 
297 2138.04 
298 2177.25 
299 2150.80 
300 2120.24 
301 2139.50 
302 2120.72 
303 2088.21 
304 2142.14 
305 2135.22 
306 2125.66 
307 2175.95 
308 2148.52 
309 2146.77 
310 2149.45 
311 2136.77 
312 2139.40 
313 2144.00 
314 2127.09 
315 2128.95 
316 2117.95 
317 2144.85 
318 2155.76 
319 2149.02 
320 2131.80 
321 2137.92 
322 2135.21 
323 2143.51 
324 2122.85 
325 2116.74 
326 2145.28 
327 2143.28 
328 2139.45 
329 2143.14 
330 2149.73 
331 2124.16 
332 2160.27 
333 2132.11 
334 2140.27 
335 2150.68 
336 2139.72 
337 2143.22 
338 2108.41 
339 2164.30 
340 2145.64 
341 2145.90 
342 2146.07 
343 2121.90 
344 2138.67 
345 2146.63 
346 2129.67 
347 2154.78 
348 2128.78 
349 2118.95 
350 2150.14 
351 2143.14 
352 2125.18 
353 2109.00 
354 2156.25 
355 2144.50 
356 2130.29 
357 2126.61 
358 2117.11 
359 2145.24 
360 2136.60 
361 2115.70 
362 2153.58 
363 2116.29 
364 2130.05 
365 2124.51 
366 2156.42 
367 2143.25 
368 2129.38 
369 2171.58 
370 2142.13 
371 2150.25 
372 2128.22 
373 2136.50 
374 2138.26 
375 2131.01 
376 2113.01 
377 2137.79 
378 2155.82 
379 2137.01 
380 2123.68 
381 2143.46 
382 2126.42 
383 2141.06 
384 2136.60 
385 2139.26 
386 2157.43 
387 2126.50 
388 2141.13 
389 2140.52 
390 2150.26 
391 2145.51 
392 2124.70 
393 2130.07 
394 2124.54 
395 2136.33 
396 2130.72 
397 2160.23 
398 2158.46 
399 2140.62 
400 2129.49 
401 2139.27 
402 2142.88 
403 2135.29 
404 2146.46 
405 2140.04 
406 2141.23 
407 2165.61 
408 2095.82 
409 2145.53 
410 2124.51 
411 2137.22 
412 2155.64 
413 2145.87 
414 2119.91 
415 2141.78 
416 2151.81 
417 2139.97 
418 2144.64 
419 2131.37 
420 2124.44 
421 2116.34 
422 2135.99 
423 2103.28 
424 2139.52 
425 2153.98 
426 2141.88 
427 2133.70 
428 2168.62 
429 2124.50 
430 2142.20 
431 2129.84 
432 2140.31 
433 2153.36 
434 2135.94 
435 2134.80 
436 2118.79 
437 2142.40 
438 2126.50 
439 2150.87 
440 2133.07 
441 2144.32 
442 2126.22 
443 2168.81 
444 2132.64 
445 2110.93 
446 2137.22 
447 2145.87 
448 2140.55 
449 2137.13 
450 2155.05 
451 2157.11 
452 2147.30 
453 2149.35 
454 2140.97 
455 2146.52 
456 2142.07 
457 2136.21 
458 2146.60 
459 2154.04 
460 2137.32 
461 2141.48 
462 2122.03 
463 2150.19 
464 2149.45 
465 2138.06 
466 2113.84 
467 2123.78 
468 2135.24 
469 2112.09 
470 2131.26 
471 2134.00 
472 2130.22 
473 2135.82 
474 2132.25 
475 2165.87 
476 2137.46 
477 2138.46 
478 2152.41 
479 2139.70 
480 2152.84 
481 2140.88 
482 2152.45 
483 2152.90 
484 2132.80 
485 2155.24 
486 2141.32 
487 2151.57 
488 2137.93 
489 2178.82 
490 2162.24 
491 2129.02 
492 2141.13 
493 2173.46 
494 2139.64 
495 2148.63 
496 2141.78 
497 2142.23 
498 2147.39 
499 2146.93 
500 2123.71 
501 2106.62 
502 2103.84 
503 2159.81 
504 2144.80 
505 2133.74 
506 2131.17 
507 2151.88 
508 2144.14 
509 2119.95 
510 2134.90 
511 2135.30 
512 2131.84 
513 2134.27 
514 2148.51 
515 2149.88 
516 2143.97 
517 2109.24 
518 2121.93 
519 2111.81 
520 2133.58 
521 2142.23 
522 2127.50 
523 2125.29 
524 2142.32 
525 2145.05 
526 2117.49 
527 2141.86 
528 2137.69 
529 2122.74 
530 2140.86 
531 2131.83 
532 2133.76 
533 2137.59 
534 2151.97 
535 2131.38 
536 2134.13 
537 2117.37 
538 2123.07 
539 2106.08 
540 2126.54 
541 2158.65 
542 2133.73 
543 2149.52 
544 2149.80 
545 2131.71 
546 2150.45 
547 2139.01 
548 2135.81 
549 2128.08 
550 2121.20 
551 2147.78 
552 2150.38 
553 2160.50 
554 2141.85 
555 2140.61 
556 2154.63 
557 2142.46 
558 2118.18 
559 2116.11 
560 2138.97 
561 2154.02 
562 2121.98 
563 2143.65 
564 2142.55 
565 2116.76 
566 2127.59 
567 2125.66 
568 2103.26 
569 2138.72 
570 2146.49 
571 2127.10 
572 2141.15 
573 2165.67 
574 2171.03 
575 2119.82 
576 2138.01 
577 2151.28 
578 2133.87 
579 2141.84 
580 2142.46 
581 2133.93 
582 2147.46 
583 2125.90 
584 2140.14 
585 2111.34 
586 2123.04 
587 2133.21 
588 2139.03 
589 2134.90 
590 2125.66 
591 2135.09 
592 2125.43 
593 2125.65 
594 2119.66 
595 2139.64 
596 2132.37 
597 2183.13 
598 2126.53 
599 2147.47 
600 2127.36 
601 2104.90 
602 2136.65 
603 2152.27 
604 2156.32 
605 2130.37 
606 2111.88 
607 2143.34 
608 2113.47 
609 2154.95 
610 2144.69 
611 2145.97 
612 2169.63 
613 2148.56 
614 2153.54 
615 2153.64 
616 2126.76 
617 2143.07 
618 2127.83 
619 2142.14 
620 2149.25 
621 2152.74 
622 2129.14 
623 2125.13 
624 2174.64 
625 2145.62 
626 2123.86 
627 2125.69 
628 2164.63 
629 2137.06 
630 2109.04 
631 2144.32 
632 2105.01 
633 2137.33 
634 2148.14 
635 2106.61 
636 2140.93 
637 2122.97 
638 2137.63 
639 2129.96 
640 2124.91 
641 2143.51 
642 2143.93 
643 2134.14 
644 2148.46 
645 2149.04 
646 2126.96 
647 2137.24 
648 2131.43 
649 2123.42 
650 2122.89 
651 2144.13 
652 2150.05 
653 2162.13 
654 2133.46 
655 2139.14 
656 2128.93 
657 2109.97 
658 2153.59 
659 2151.78 
660 2097.97 
661 2126.27 
662 2149.46 
663 2131.77 
664 2141.18 
665 2123.64 
666 2134.95 
667 2137.58 
668 2152.89 
669 2127.68 
670 2127.65 
671 2145.99 
672 2162.40 
673 2146.27 
674 2137.67 
675 2143.40 
676 2128.01 
677 2127.49 
678 2153.28 
679 2124.83 
680 2141.47 
681 2140.57 
682 2139.50 
683 2130.25 
684 2124.10 
685 2143.55 
686 2146.20 
687 2130.51 
688 2142.23 
689 2149.54 
690 2122.56 
691 2142.75 
692 2172.88 
693 2144.44 
694 2135.50 
695 2164.07 
696 2089.25 
697 2134.84 
698 2139.57 
699 2127.06 
700 2140.86 
701 2136.87 
702 2174.72 
703 2149.62 
704 2139.01 
705 2138.98 
706 2116.92 
707 2142.09 
708 2118.81 
709 2114.92 
710 2133.29 
711 2138.14 
712 2168.17 
713 2139.55 
714 2109.56 
715 2145.37 
716 2147.35 
717 2133.95 
718 2134.14 
719 2120.74 
720 2138.24 
721 2143.77 
722 2149.33 
723 2138.40 
724 2126.50 
725 2138.64 
726 2151.28 
727 2141.59 
728 2158.06 
729 2145.37 
730 2099.72 
731 2127.32 
732 2138.51 
733 2115.66 
734 2128.30 
735 2145.68 
736 2133.76 
737 2111.32 
738 2117.66 
739 2145.00 
740 2135.88 
741 2124.55 
742 2137.70 
743 2125.40 
744 2145.12 
745 2151.25 
746 2158.93 
747 2145.96 
748 2146.93 
749 2155.54 
750 2140.29 
751 2135.25 
752 2129.67 
753 2140.84 
754 2135.46 
755 2123.87 
756 2109.35 
757 2156.42 
758 2156.66 
759 2109.67 
760 2121.57 
761 2127.32 
762 2124.93 
763 2134.84 
764 2148.74 
765 2141.54 
766 2165.21 
767 2146.97 
768 2143.89 
769 2138.33 
770 2136.78 
771 2128.59 
772 2138.45 
773 2152.31 
774 2128.66 
775 2162.51 
776 2146.83 
777 2148.02 
778 2135.81 
779 2131.80 
780 2159.36 
781 2139.74 
782 2151.38 
783 2136.98 
784 2155.27 
785 2142.12 
786 2147.92 
787 2141.06 
788 2157.96 
789 2153.67 
790 2145.17 
791 2144.55 
792 2109.85 
793 2136.20 
794 2135.86 
795 2117.11 
796 2123.56 
797 2171.33 
798 2141.85 
799 2145.68 
800 2133.14 
801 2143.78 
802 2171.91 
803 2141.53 
804 2126.54 
805 2143.03 
806 2149.17 
807 2146.44 
808 2135.35 
809 2143.32 
810 2161.00 
811 2140.85 
812 2168.57 
813 2116.32 
814 2130.87 
815 2131.40 
816 2074.46 
817 2125.70 
818 2091.25 
819 2139.91 
820 2133.41 
821 2135.93 
822 2123.75 
823 2124.74 
824 2142.26 
825 2129.54 
826 2131.27 
827 2148.71 
828 2126.04 
829 2128.73 
830 2153.45 
831 2134.24 
832 2150.50 
833 2092.28 
834 2123.20 
835 2125.26 
836 2133.26 
837 2124.82 
838 2145.75 
839 2158.00 
840 2123.46 
841 2115.68 
842 2129.51 
843 2152.01 
844 2124.02 
845 2103.16 
846 2139.22 
847 2146.49 
848 2147.48 
849 2129.86 
850 2140.83 
851 2142.39 
852 2121.11 
853 2139.02 
854 2132.85 
855 2113.22 
856 2150.77 
857 2150.67 
858 2138.27 
859 2144.74 
860 2144.14 
861 2144.01 
862 2132.58 
863 2155.60 
864 2128.78 
865 2127.87 
866 2152.07 
867 2143.35 
868 2145.93 
869 2100.92 
870 2135.58 
871 2141.49 
872 2114.43 
873 2118.11 
874 2160.46 
875 2165.95 
876 2142.90 
877 2159.56 
878 2119.69 
879 2150.39 
880 2142.19 
881 2127.16 
882 2134.65 
883 2178.47 
884 2139.85 
885 2136.94 
886 2114.82 
887 2144.76 
888 2117.07 
889 2126.58 
890 2140.86 
891 2152.49 
892 2149.99 
893 2139.00 
894 2147.41 
895 2183.92 
896 2144.25 
897 2164.64 
898 2138.87 
899 2135.23 
900 2149.84 
901 2140.79 
902 2147.10 
903 2143.96 
904 2121.44 
905 2102.13 
906 2144.33 
907 2142.34 
908 2156.89 
909 2159.74 
910 2155.59 
911 2146.46 
912 2141.51 
913 2147.62 
914 2149.57 
915 2149.62 
916 2124.87 
917 2135.26 
918 2131.07 
919 2145.50 
920 2130.79 
921 2112.53 
922 2132.27 
923 2108.24 
924 2143.63 
925 2147.63 
926 2170.80 
927 2146.19 
928 2133.28 
929 2134.33 
930 2154.90 
931 2138.12 
932 2156.88 
933 2124.63 
934 2137.95 
935 2122.53 
936 2143.65 
937 2134.25 
938 2142.33 
939 2141.00 
940 2140.36 
941 2140.29 
942 2147.15 
943 2152.23 
944 2142.41 
945 2155.91 
946 2155.26 
947 2189.47 
948 2138.79 
949 2126.87 
950 2141.84 
951 2168.35 
952 2137.10 
953 2140.49 
954 2116.64 
955 2147.57 
956 2127.49 
957 2161.83 
958 2137.81 
959 2138.91 
960 2141.97 
961 2156.43 
962 2139.63 
963 2165.46 
964 2144.09 
965 2145.31 
966 2137.94 
967 2147.87 
968 2152.51 
969 2152.82 
970 2150.21 
971 2159.52 
972 2156.04 
973 2142.48 
974 2145.68 
975 2091.76 
976 2134.23 
977 2148.80 
978 2125.64 
979 2135.25 
980 2130.39 
981 2129.86 
982 2180.06 
983 2126.73 
984 2126.50 
985 2114.20 
986 2122.29 
987 2131.38 
988 2149.79 
989 2157.74 
990 2154.44 
991 2125.86 
992 2045.87 
993 2095.17 
994 2149.19 
995 2145.76 
996 2131.85 
997 2164.99 
998 2129.24 
999 2125.74 
1000 2139.96 
1001 2144.20 
1002 2142.06 
1003 2141.79 
1004 2141.49 
1005 2094.92 
1006 2146.99 
1007 2147.79 
1008 2136.65 
1009 2128.82 
1010 2132.14 
1011 2130.70 
1012 2132.37 
1013 2131.59 
1014 2145.22 
1015 2126.29 
1016 2133.00 
1017 2120.89 
1018 2139.78 
1019 2118.14 
1020 2134.65 
1021 2145.47 
1022 2138.01 
1023 2156.31 
1024 2155.75 
1025 2049.90 
1026 2127.11 
1027 2135.51 
1028 2166.43 
1029 2136.54 
1030 2117.88 
1031 2142.71 
1032 2138.11 
1033 2149.70 
1034 2135.60 
1035 2133.55 
1036 2143.50 
1037 2135.95 
1038 2147.12 
1039 2129.20 
1040 2153.42 
1041 2137.39 
1042 2146.83 
1043 2152.56 
1044 2106.92 
1045 2136.74 
1046 2133.52 
1047 2136.12 
1048 2140.46 
1049 2149.72 
1050 2142.87 
1051 2123.79 
1052 2173.60 
1053 2154.94 
1054 2138.37 
1055 2136.44 
1056 2142.95 
1057 2154.66 
1058 2136.52 
1059 2141.33 
1060 2138.32 
1061 2142.87 
1062 2130.80 
1063 2135.04 
1064 2121.38 
1065 2117.03 
1066 2144.26 
1067 2141.19 
1068 2135.38 
1069 2127.88 
1070 2156.01 
1071 2125.36 
1072 2131.69 
1073 2142.73 
1074 2117.22 
1075 2143.11 
1076 2119.60 
1077 2130.14 
1078 2143.88 
1079 2140.46 
1080 2134.96 
1081 2144.39 
1082 2127.72 
1083 2127.68 
1084 2140.58 
1085 2139.63 
1086 2145.62 
1087 2151.08 
1088 2106.72 
1089 2125.03 
1090 2135.82 
1091 2146.97 
1092 2169.50 
1093 2185.41 
1094 2122.91 
1095 2145.09 
1096 2103.83 
1097 2112.16 
1098 2159.91 
1099 2121.10 
1100 2091.24 
1101 2152.51 
1102 2127.66 
1103 2158.49 
1104 2151.60 
1105 2158.53 
1106 2150.75 
1107 2130.06 
1108 2160.33 
1109 2121.27 
1110 2134.41 
1111 2140.07 
1112 2149.29 
1113 2165.90 
1114 2135.00 
1115 2132.95 
1116 2144.36 
1117 2162.20 
1118 2167.65 
1119 2144.21 
1120 2158.85 
1121 2126.53 
1122 2139.36 
1123 2139.42 
1124 2127.24 
1125 2147.80 
1126 2138.89 
1127 2131.75 
1128 2105.76 
1129 2141.18 
1130 2141.81 
1131 2131.30 
1132 2134.84 
1133 2108.55 
1134 2128.12 
1135 2149.03 
1136 2099.50 
1137 2152.17 
1138 2127.41 
1139 2150.95 
1140 2138.99 
1141 2150.22 
1142 2123.37 
1143 2129.85 
1144 2155.96 
1145 2137.97 
1146 2142.82 
1147 2131.61 
1148 2093.70 
1149 2116.96 
1150 2140.64 
1151 2137.99 
1152 2145.55 
1153 2139.34 
1154 2132.89 
1155 2174.11 
1156 2135.71 
1157 2119.58 
1158 2150.16 
1159 2139.25 
1160 2149.54 
1161 2138.69 
1162 2123.18 
1163 2139.78 
1164 2141.31 
1165 2134.37 
1166 2130.41 
1167 2133.02 
1168 2142.66 
1169 2148.65 
1170 2140.36 
1171 2144.20 
1172 2143.28 
1173 2151.21 
1174 2165.22 
1175 2124.45 
1176 2115.81 
1177 2133.61 
1178 2147.63 
1179 2155.53 
1180 2186.59 
1181 2123.09 
1182 2129.80 
1183 2130.52 
1184 2154.80 
1185 2151.41 
1186 2120.82 
1187 2130.20 
1188 2141.60 
1189 2154.33 
1190 2160.53 
1191 2151.66 
1192 2118.58 
1193 2131.77 
1194 2153.19 
1195 2155.57 
1196 2138.94 
1197 2109.59 
1198 2145.70 
1199 2137.75 
1200 2145.84 
1201 2145.12 
1202 2119.14 
1203 2150.02 
1204 2141.69 
1205 2133.40 
1206 2143.07 
1207 2125.49 
1208 2104.49 
1209 2136.79 
1210 2128.22 
1211 2142.74 
1212 2129.21 
1213 2129.13 
1214 2115.26 
1215 2160.33 
1216 2124.06 
1217 2137.07 
1218 2150.02 
1219 2127.78 
1220 2115.73 
1221 2146.89 
1222 2140.57 
1223 2134.88 
1224 2133.05 
1225 2151.38 
1226 2085.84 
1227 2142.67 
1228 2144.65 
1229 2136.87 
1230 2138.62 
1231 2138.72 
1232 2141.89 
1233 2139.87 
1234 2135.00 
1235 2139.94 
1236 2088.12 
1237 2103.16 
1238 2150.12 
1239 2129.80 
1240 2118.59 
1241 2144.85 
1242 2124.91 
1243 2143.17 
1244 2143.72 
1245 2147.38 
1246 2138.32 
1247 2112.46 
1248 2143.79 
1249 2136.26 
1250 2144.28 
1251 2128.19 
1252 2159.43 
1253 2147.48 
1254 2146.08 
1255 2122.75 
1256 2172.14 
1257 2145.66 
1258 2141.36 
1259 2131.94 
1260 2131.47 
1261 2143.33 
1262 2155.11 
1263 2140.88 
1264 2132.87 
1265 2136.31 
1266 2131.50 
1267 2127.46 
1268 2131.45 
1269 2146.08 
1270 2153.81 
1271 2151.44 
1272 2116.92 
1273 2146.55 
1274 2158.51 
1275 2136.59 
1276 2119.95 
1277 2129.38 
1278 2105.66 
1279 2131.62 
1280 2145.91 
1281 2146.31 
1282 2166.83 
1283 2149.33 
1284 2150.58 
1285 2110.28 
1286 2161.19 
1287 2126.89 
1288 2126.69 
1289 2144.82 
1290 2117.31 
1291 2140.04 
1292 2140.40 
1293 2138.40 
1294 2149.56 
1295 2134.62 
1296 2144.61 
1297 2169.77 
1298 2137.85 
1299 2142.80 
1300 2130.65 
1301 2147.70 
1302 2163.48 
1303 2133.80 
1304 2121.42 
1305 2112.74 
1306 2138.01 
1307 2128.78 
1308 2112.51 
1309 2143.84 
1310 2142.91 
1311 2124.76 
1312 2125.56 
1313 2135.30 
1314 2137.92 
1315 2145.72 
1316 2136.70 
1317 2151.67 
1318 2146.68 
1319 2156.21 
1320 2152.64 
1321 2104.71 
1322 2153.26 
1323 2152.16 
1324 2151.59 
1325 2148.27 
1326 2151.42 
1327 2152.33 
1328 2143.21 
1329 2124.73 
1330 2139.56 
1331 2155.06 
1332 2138.72 
1333 2130.34 
1334 2155.94 
1335 2157.53 
1336 2139.03 
1337 2147.05 
1338 2109.35 
1339 2133.94 
1340 2167.17 
1341 2154.26 
1342 2141.60 
1343 2136.80 
1344 2128.64 
1345 2170.85 
1346 2127.78 
1347 2123.33 
1348 2144.50 
1349 2140.02 
1350 2136.63 
1351 2121.77 
1352 2108.77 
1353 2139.76 
1354 2139.05 
1355 2088.88 
1356 2138.93 
1357 2147.00 
1358 2102.14 
1359 2128.54 
1360 2129.33 
1361 2139.41 
1362 2137.59 
1363 2131.78 
1364 2144.59 
1365 2147.71 
1366 2139.33 
1367 2173.88 
1368 2148.26 
1369 2152.49 
1370 2137.45 
1371 2082.68 
1372 2146.84 
1373 2156.00 
1374 2136.18 
1375 2132.73 
1376 2136.12 
1377 2156.96 
1378 2144.67 
1379 2135.22 
1380 2138.16 
1381 2134.23 
1382 2134.71 
1383 2146.15 
1384 2135.04 
1385 2139.85 
1386 2098.75 
1387 2140.86 
1388 2100.29 
1389 2093.05 
1390 2130.62 
1391 2134.67 
1392 2151.03 
1393 2132.95 
1394 2129.55 
1395 2166.59 
1396 2129.34 
1397 2149.59 
1398 2128.55 
1399 2128.22 
1400 2150.22 
1401 2155.10 
1402 2134.58 
1403 2150.73 
1404 2128.09 
1405 2129.78 
1406 2176.53 
1407 2135.67 
1408 2134.63 
1409 2128.22 
1410 2124.35 
1411 2147.23 
1412 2121.75 
1413 2142.32 
1414 2147.71 
1415 2148.33 
1416 2143.43 
1417 2110.32 
1418 2144.01 
1419 2126.54 
1420 2143.52 
1421 2130.05 
1422 2162.02 
1423 2145.43 
1424 2069.87 
1425 2121.04 
1426 2122.53 
1427 2149.48 
1428 2099.45 
1429 2152.21 
1430 2136.81 
1431 2134.60 
1432 2141.46 
1433 2145.91 
1434 2152.40 
1435 2120.57 
1436 2138.33 
1437 2191.09 
1438 2134.75 
1439 2128.47 
1440 2115.13 
1441 2149.36 
1442 2132.23 
1443 2137.44 
1444 2122.53 
1445 2146.16 
1446 2150.40 
1447 2146.68 
1448 2126.46 
1449 2154.10 
1450 2145.14 
1451 2144.05 
1452 2114.80 
1453 2128.37 
1454 2133.23 
1455 2128.81 
1456 2157.23 
1457 2164.14 
1458 2123.32 
1459 2162.00 
1460 2107.38 
1461 2148.83 
1462 2125.98 
1463 2133.07 
1464 2149.32 
1465 2113.56 
1466 2158.10 
1467 2156.11 
1468 2149.43 
1469 2151.44 
1470 2145.23 
1471 2127.02 
1472 2131.75 
1473 2134.98 
1474 2177.26 
1475 2140.70 
1476 2148.50 
1477 2123.60 
1478 2159.53 
1479 2140.85 
1480 2145.80 
1481 2101.15 
1482 2171.80 
1483 2151.44 
1484 2095.19 
1485 2136.13 
1486 2051.65 
1487 2104.22 
1488 2140.27 
1489 2153.82 
1490 2130.02 
1491 2147.59 
1492 2154.26 
1493 2152.76 
1494 2116.31 
1495 2124.96 
1496 2131.66 
1497 2155.74 
1498 2144.45 
1499 2080.91 
1500 2137.83 
1501 2138.03 
1502 2130.17 
1503 2135.61 
1504 2170.08 
1505 2112.20 
1506 2167.56 
1507 2124.80 
1508 2127.39 
1509 2145.79 
1510 2145.08 
1511 2128.88 
1512 2146.10 
1513 2155.89 
1514 2127.03 
1515 2164.40 
1516 2116.91 
1517 2108.54 
1518 2156.71 
1519 2150.69 
1520 2147.16 
1521 2140.55 
1522 2151.72 
1523 2134.12 
1524 2159.47 
1525 2134.49 
1526 2132.73 
1527 2139.84 
1528 2156.69 
1529 2157.43 
1530 2139.48 
1531 2130.33 
1532 2122.31 
1533 2158.83 
1534 2146.18 
1535 2144.76 
1536 2149.24 
1537 2146.52 
1538 2125.34 
1539 2142.73 
1540 2143.02 
1541 2134.19 
1542 2131.78 
1543 2141.09 
1544 2144.04 
1545 2124.55 
1546 2142.05 
1547 2160.74 
1548 2123.02 
1549 2154.06 
1550 2149.11 
1551 2184.23 
1552 2140.27 
1553 2153.00 
1554 2151.31 
1555 2143.33 
1556 2145.33 
1557 2144.75 
1558 2136.05 
1559 2141.42 
1560 2127.60 
1561 2131.14 
1562 2130.35 
1563 2181.58 
1564 2162.86 
1565 2130.59 
1566 2148.90 
1567 2133.23 
1568 2129.88 
1569 2135.08 
1570 2134.64 
1571 2132.97 
1572 2152.12 
1573 2155.40 
1574 2153.81 
1575 2114.87 
1576 2151.33 
1577 2134.81 
1578 2148.71 
1579 2136.71 
1580 2142.67 
1581 2154.89 
1582 2156.24 
1583 2129.91 
1584 2121.01 
1585 2127.99 
1586 2160.85 
1587 2151.18 
1588 2135.62 
1589 2145.25 
1590 2117.23 
1591 2129.03 
1592 2141.08 
1593 2130.71 
1594 2137.25 
1595 2154.82 
1596 2134.88 
1597 2138.02 
1598 2138.60 
1599 2137.40 
1600 2147.54 
1601 2111.17 
1602 2155.80 
1603 2149.95 
1604 2135.66 
1605 2173.26 
1606 2143.19 
1607 2130.26 
1608 2149.33 
1609 2120.37 
1610 2156.87 
1611 2181.05 
1612 2130.17 
1613 2137.04 
1614 2136.82 
1615 2153.75 
1616 2136.64 
1617 2128.53 
1618 2138.91 
1619 2136.14 
1620 2130.90 
1621 2149.67 
1622 2135.52 
1623 2107.31 
1624 2139.42 
1625 2137.32 
1626 2134.69 
1627 2164.78 
1628 2145.76 
1629 2139.69 
1630 2156.90 
1631 2139.37 
1632 2160.03 
1633 2109.34 
1634 2169.98 
1635 2137.80 
1636 2122.02 
1637 2136.18 
1638 2152.15 
1639 2125.53 
1640 2124.48 
1641 2138.53 
1642 2143.57 
1643 2142.05 
1644 2151.44 
1645 2126.07 
1646 2142.48 
1647 2127.85 
1648 2121.79 
1649 2135.63 
1650 2147.52 
1651 2148.50 
1652 2123.26 
1653 2141.91 
1654 2142.69 
1655 2130.23 
1656 2157.22 
1657 2115.78 
1658 2143.98 
1659 2130.42 
1660 2169.49 
1661 2138.30 
1662 2179.63 
1663 2146.04 
1664 2171.68 
1665 2116.29 
1666 2138.34 
1667 2136.44 
1668 2142.53 
1669 2136.39 
1670 2144.71 
1671 2134.17 
1672 2137.83 
1673 2153.46 
1674 2139.32 
1675 2138.98 
1676 2149.06 
1677 2144.21 
1678 2145.50 
1679 2139.86 
1680 2153.54 
1681 2142.05 
1682 2128.37 
1683 2149.03 
1684 2123.53 
1685 2147.60 
1686 2116.48 
1687 2125.72 
1688 2145.89 
1689 2140.40 
1690 2147.28 
1691 2161.11 
1692 2136.47 
1693 2157.66 
1694 2114.55 
1695 2140.89 
1696 2096.87 
1697 2143.76 
1698 2126.38 
1699 2143.28 
1700 2145.67 
1701 2151.12 
1702 2144.95 
1703 2143.70 
1704 2130.37 
1705 2135.34 
1706 2144.67 
1707 2108.95 
1708 2145.78 
1709 2157.34 
1710 2101.40 
1711 2120.33 
1712 2146.94 
1713 2130.51 
1714 2152.11 
1715 2133.88 
1716 2165.85 
1717 2133.62 
1718 2136.64 
1719 2152.37 
1720 2157.88 
1721 2138.38 
1722 2138.76 
1723 2113.71 
1724 2142.40 
1725 2144.63 
1726 2130.97 
1727 2134.32 
1728 2121.72 
1729 2161.50 
1730 2139.59 
1731 2155.11 
1732 2130.73 
1733 2138.59 
1734 2126.25 
1735 2136.99 
1736 2133.23 
1737 2165.63 
1738 2155.05 
1739 2108.59 
1740 2143.12 
1741 2145.40 
1742 2114.98 
1743 2157.86 
1744 2142.35 
1745 2149.09 
1746 2132.28 
1747 2151.64 
1748 2145.78 
1749 2120.31 
1750 2146.70 
1751 2153.00 
1752 2151.92 
1753 2152.82 
1754 2124.71 
1755 2133.24 
1756 2085.60 
1757 2117.38 
1758 2144.46 
1759 2161.78 
1760 2143.50 
1761 2145.93 
1762 2139.23 
1763 2158.32 
1764 2138.13 
1765 2131.54 
1766 2135.95 
1767 2130.35 
1768 2143.37 
1769 2139.08 
1770 2163.50 
1771 2134.96 
1772 2151.29 
1773 2131.49 
1774 2129.52 
1775 2127.68 
1776 2141.07 
1777 2141.17 
1778 2125.26 
1779 2135.83 
1780 2144.10 
1781 2133.42 
1782 2141.72 
1783 2143.38 
1784 2141.78 
1785 2134.07 
1786 2154.27 
1787 2106.97 
1788 2119.69 
1789 2151.56 
1790 2134.61 
1791 2150.10 
1792 2161.32 
1793 2141.09 
1794 2117.42 
1795 2139.18 
1796 2142.31 
1797 2144.83 
1798 2153.62 
1799 2154.24 
1800 2142.74 
1801 2147.55 
1802 2124.20 
1803 2135.81 
1804 2130.61 
1805 2137.61 
1806 2118.33 
1807 2145.80 
1808 2152.96 
1809 2132.72 
1810 2143.75 
1811 2135.62 
1812 2142.09 
1813 2132.86 
1814 2134.72 
1815 2148.01 
1816 2133.68 
1817 2126.98 
1818 2126.79 
1819 2133.27 
1820 2135.89 
1821 2129.89 
1822 2121.99 
1823 2168.48 
1824 2146.44 
1825 2101.85 
1826 2127.89 
1827 2129.76 
1828 2137.69 
1829 2176.65 
1830 2156.23 
1831 2121.72 
1832 2148.63 
1833 2121.19 
1834 2103.72 
1835 2158.53 
1836 2143.22 
1837 2133.90 
1838 2119.86 
1839 2141.13 
1840 2146.10 
1841 2144.69 
1842 2148.15 
1843 2131.99 
1844 2148.88 
1845 2147.05 
1846 2153.67 
1847 2141.44 
1848 2152.66 
1849 2147.24 
1850 2125.00 
1851 2114.58 
1852 2153.36 
1853 2128.59 
1854 2146.84 
1855 2152.04 
1856 2143.95 
1857 2111.59 
1858 2142.07 
1859 2160.74 
1860 2142.66 
1861 2136.06 
1862 2146.51 
1863 2140.11 
1864 2130.14 
1865 2143.07 
1866 2138.71 
1867 2137.10 
1868 2138.43 
1869 2153.45 
1870 2146.15 
1871 2150.25 
1872 2140.55 
1873 2135.57 
1874 2130.63 
1875 2086.43 
1876 2128.99 
1877 2139.81 
1878 2141.63 
1879 2118.45 
1880 2139.88 
1881 2127.80 
1882 2142.51 
1883 2142.81 
1884 2129.61 
1885 2148.47 
1886 2129.58 
1887 2136.33 
1888 2131.98 
1889 2130.21 
1890 2124.56 
1891 2123.34 
1892 2100.70 
1893 2142.33 
1894 2148.20 
1895 2131.20 
1896 2156.46 
1897 2144.11 
1898 2162.84 
1899 2117.99 
1900 2150.30 
1901 2140.30 
1902 2144.48 
1903 2143.81 
1904 2166.59 
1905 2129.81 
1906 2166.28 
1907 2132.71 
1908 2147.36 
1909 2138.25 
1910 2134.92 
1911 2144.87 
1912 2140.92 
1913 2119.02 
1914 2148.20 
1915 2148.18 
1916 2158.39 
1917 2143.26 
1918 2154.74 
1919 2130.17 
1920 2155.09 
1921 2074.05 
1922 2139.53 
1923 2142.80 
1924 2154.47 
1925 2141.75 
1926 2138.93 
1927 2130.03 
1928 2155.26 
1929 2101.87 
1930 2150.82 
1931 2166.78 
1932 2154.94 
1933 2131.50 
1934 2144.85 
1935 2093.19 
1936 2129.12 
1937 2146.26 
1938 2131.37 
1939 2133.91 
1940 2133.76 
1941 2132.68 
1942 2127.22 
1943 2146.75 
1944 2144.02 
1945 2141.40 
1946 2141.19 
1947 2123.28 
1948 2150.83 
1949 2147.15 
1950 2136.81 
1951 2163.02 
1952 2138.98 
1953 2135.97 
1954 2120.79 
1955 2106.58 
1956 2136.09 
1957 2127.65 
1958 2137.51 
1959 2147.67 
1960 2110.37 
1961 2167.99 
1962 2133.06 
1963 2139.96 
1964 2143.11 
1965 2124.18 
1966 2139.38 
1967 2142.67 
1968 2144.67 
1969 2135.22 
1970 2149.11 
1971 2145.98 
1972 2128.33 
1973 2137.86 
1974 2147.28 
1975 2117.43 
1976 2139.50 
1977 2119.18 
1978 2140.87 
1979 2154.34 
1980 2144.66 
1981 2147.64 
1982 2141.07 
1983 2138.14 
1984 2121.36 
1985 2130.88 
1986 2145.87 
1987 2146.18 
1988 2129.21 
1989 2090.41 
1990 2138.06 
1991 2144.75 
1992 2119.19 
1993 2125.96 
1994 2143.21 
1995 2128.36 
1996 2129.23 
1997 2149.11 
1998 2154.60 
1999 2147.04 
2000 2147.88 
2001 2115.75 
2002 2140.19 
2003 2109.61 
2004 2137.56 
2005 2131.99 
2006 2133.25 
2007 2138.35 
2008 2150.40 
2009 2136.84 
2010 2125.15 
2011 2148.71 
2012 2109.00 
2013 2126.86 
2014 2135.24 
2015 2133.80 
2016 2103.72 
2017 2164.54 
2018 2159.37 
2019 2169.94 
2020 2146.15 
2021 2182.35 
2022 2147.29 
2023 2137.96 
2024 2166.54 
2025 2117.82 
2026 2125.12 
2027 2156.08 
2028 2153.04 
2029 2147.49 
2030 2139.80 
2031 2136.60 
2032 2146.39 
2033 2125.20 
2034 2114.55 
2035 2138.09 
2036 2135.73 
2037 2142.16 
2038 2160.27 
2039 2163.60 
2040 2136.70 
2041 2153.89 
2042 2138.85 
2043 2111.23 
2044 2152.29 
2045 2137.91 
2046 2145.34 
2047 2137.33 
2048 2135.45 
2049 2102.84 
2050 2139.41 
2051 2131.42 
2052 2143.14 
2053 2158.53 
2054 2138.25 
2055 2124.66 
2056 2133.76 
2057 2132.33 
2058 2138.54 
2059 2131.86 
2060 2185.09 
2061 2141.65 
2062 2150.00 
2063 2156.63 
2064 2132.13 
2065 2142.16 
2066 2142.79 
2067 2116.96 
2068 2117.95 
2069 2121.95 
2070 2139.15 
2071 2148.84 
2072 2135.01 
2073 2126.85 
2074 2142.09 
2075 2122.40 
2076 2126.08 
2077 2144.61 
2078 2116.79 
2079 2140.46 
2080 2144.81 
2081 2145.24 
2082 2144.01 
2083 2132.06 
2084 2130.83 
2085 2126.55 
2086 2140.07 
2087 2127.36 
2088 2142.40 
2089 2134.50 
2090 2139.73 
2091 2120.04 
2092 2118.47 
2093 2153.13 
2094 2127.44 
2095 2160.00 
2096 2141.25 
2097 2127.44 
2098 2147.79 
2099 2142.41 
2100 2138.25 
2101 2120.25 
2102 2148.47 
2103 2131.72 
2104 2119.71 
2105 2132.77 
2106 2155.48 
2107 2132.04 
2108 2152.09 
2109 2115.96 
2110 2123.30 
2111 2143.64 
2112 2139.34 
2113 2141.11 
2114 2132.58 
2115 2132.63 
2116 2142.95 
2117 2143.52 
2118 2137.42 
2119 2121.94 
2120 2144.72 
2121 2171.55 
2122 2150.16 
2123 2150.23 
2124 2138.45 
2125 2145.79 
2126 2150.32 
2127 2137.77 
2128 2133.65 
2129 2162.96 
2130 2150.53 
2131 2142.60 
2132 2155.89 
2133 2145.53 
2134 2139.86 
2135 2123.97 
2136 2156.63 
2137 2131.56 
2138 2151.63 
2139 2141.21 
2140 2140.83 
2141 2125.40 
2142 2142.68 
2143 2126.90 
2144 2140.47 
2145 2153.02 
2146 2135.02 
2147 2140.96 
2148 2142.89 
2149 2111.17 
2150 2140.58 
2151 2134.86 
2152 2119.75 
2153 2130.80 
2154 2157.67 
2155 2148.55 
2156 2119.38 
2157 2139.61 
2158 2147.24 
2159 2146.02 
2160 2141.07 
2161 2133.30 
2162 2125.79 
2163 2151.35 
2164 2138.09 
2165 2146.89 
2166 2089.45 
2167 2124.97 
2168 2160.03 
2169 2125.93 
2170 2155.99 
2171 2156.07 
2172 2143.40 
2173 2129.59 
2174 2149.57 
2175 2146.42 
2176 2145.38 
2177 2141.66 
2178 2133.23 
2179 2148.81 
2180 2123.93 
2181 2155.08 
2182 2111.45 
2183 2156.83 
2184 2144.73 
2185 2142.37 
2186 2137.38 
2187 2122.56 
2188 2125.87 
2189 2120.87 
2190 2148.86 
2191 2135.90 
2192 2126.76 
2193 2136.20 
2194 2151.55 
2195 2139.31 
2196 2153.81 
2197 2148.14 
2198 2154.24 
2199 2162.53 
2200 2147.99 
2201 2135.33 
2202 2129.59 
2203 2137.83 
2204 2135.59 
2205 2155.36 
2206 2126.11 
2207 2139.92 
2208 2132.39 
2209 2119.84 
2210 2132.70 
2211 2156.34 
2212 2148.48 
2213 2136.04 
2214 2139.15 
2215 2150.25 
2216 2140.39 
2217 2123.11 
2218 2139.94 
2219 2139.04 
2220 2139.26 
2221 2153.57 
2222 2149.71 
2223 2143.66 
2224 2142.97 
2225 2143.71 
2226 2180.76 
2227 2135.29 
2228 2134.99 
2229 2147.21 
2230 2139.18 
2231 2130.17 
2232 2119.27 
2233 2128.65 
2234 2138.20 
2235 2136.23 
2236 2155.22 
2237 2127.66 
2238 2161.07 
2239 2165.13 
2240 2158.76 
2241 2119.45 
2242 2141.58 
2243 2142.02 
2244 2133.21 
2245 2156.27 
2246 2180.32 
2247 2127.29 
2248 2150.09 
2249 2121.94 
2250 2121.71 
2251 2139.18 
2252 2180.37 
2253 2136.21 
2254 2135.98 
2255 2151.90 
2256 2148.15 
2257 2149.56 
2258 2116.07 
2259 2143.57 
2260 2125.85 
2261 2150.24 
2262 2151.27 
2263 2125.85 
2264 2138.37 
2265 2137.08 
2266 2158.47 
2267 2150.82 
2268 2140.89 
2269 2144.57 
2270 2164.31 
2271 2135.06 
2272 2151.83 
2273 2143.73 
2274 2119.24 
2275 2141.79 
2276 2102.32 
2277 2146.76 
2278 2129.13 
2279 2148.62 
2280 2146.69 
2281 2127.22 
2282 2145.03 
2283 2170.18 
2284 2137.96 
2285 2119.57 
2286 2137.97 
2287 2134.44 
2288 2124.56 
2289 2151.45 
2290 2144.72 
2291 2131.97 
2292 2131.50 
2293 2145.55 
2294 2161.38 
2295 2156.70 
2296 2123.83 
2297 2156.98 
2298 2096.09 
2299 2144.03 
2300 2146.57 
2301 2160.21 
2302 2140.03 
2303 2156.46 
2304 2122.55 
2305 2131.32 
2306 2093.59 
2307 2127.28 
2308 2151.81 
2309 2147.01 
2310 2125.40 
2311 2124.32 
2312 2124.95 
2313 2137.46 
2314 2144.52 
2315 2139.52 
2316 2136.68 
2317 2129.39 
2318 2155.21 
2319 2151.88 
2320 2126.67 
2321 2129.62 
2322 2141.78 
2323 2130.32 
2324 2147.27 
2325 2156.43 
2326 2140.05 
2327 2144.66 
2328 2135.07 
2329 2136.76 
2330 2134.65 
2331 2100.70 
2332 2132.93 
2333 2143.68 
2334 2148.66 
2335 2155.05 
2336 2127.39 
2337 2137.65 
2338 2166.62 
2339 2163.12 
2340 2154.09 
2341 2126.99 
2342 2155.32 
2343 2141.60 
2344 2146.95 
2345 2142.34 
2346 2147.13 
2347 2147.47 
2348 2136.42 
2349 2142.47 
2350 2150.87 
2351 2133.18 
2352 2158.10 
2353 2136.12 
2354 2146.16 
2355 2140.65 
2356 2144.15 
2357 2127.63 
2358 2140.47 
2359 2161.85 
2360 2160.25 
2361 2147.09 
2362 2152.01 
2363 2141.33 
2364 2135.61 
2365 2153.47 
2366 2148.40 
2367 2142.79 
2368 2151.95 
2369 2155.24 
2370 2156.61 
2371 2141.19 
2372 2142.74 
2373 2173.22 
2374 2142.44 
2375 2147.49 
2376 2142.64 
2377 2142.57 
2378 2146.98 
2379 2163.74 
2380 2136.73 
2381 2180.04 
2382 2124.57 
2383 2132.00 
2384 2132.95 
2385 2144.58 
2386 2144.35 
2387 2137.64 
2388 2133.97 
2389 2140.68 
2390 2156.52 
2391 2116.95 
2392 2143.83 
2393 2141.76 
2394 2135.44 
2395 2146.84 
2396 2130.62 
2397 2124.83 
2398 2133.76 
2399 2141.24 
2400 2119.77 
2401 2105.23 
2402 2164.75 
2403 2131.09 
2404 2145.03 
2405 2134.13 
2406 2152.73 
2407 2143.00 
2408 2117.03 
