Seed 0:
0 -118.08 
1 -0.34 
2 141.74 
3 1174.26 
4 0.31 
5 871.93 
6 663.00 
7 667.84 
8 1220.90 
9 1057.19 
10 1964.84 
11 1917.83 
12 1887.45 
13 1974.54 
14 1959.53 
15 1968.30 
16 1971.11 
17 1935.78 
18 1941.19 
19 1978.80 
20 1977.58 
21 1905.46 
22 1962.42 
23 1955.79 
24 1967.38 
25 1940.69 
26 1974.73 
27 1977.42 
28 1947.86 
29 1961.21 
30 1968.52 
31 1913.93 
32 1966.22 
33 1968.07 
34 1917.83 
35 1973.26 
36 1967.89 
37 1954.62 
38 1972.43 
39 1977.75 
40 1972.35 
41 1960.58 
42 1971.03 
43 1961.70 
44 1971.15 
45 1975.22 
46 1956.17 
47 1969.95 
48 1964.72 
49 1949.87 
50 1976.62 
51 1977.08 
52 1953.69 
53 1979.76 
54 1969.51 
55 1963.61 
56 1939.27 
57 1976.57 
58 1980.26 
59 1977.30 
60 1927.54 
61 1962.40 
62 1976.87 
63 1964.02 
64 1949.91 
65 1961.45 
66 1960.16 
67 1964.99 
68 1970.36 
69 1951.34 
70 1955.21 
71 1976.37 
72 1966.56 
73 1978.22 
74 1960.25 
75 1962.28 
76 1972.27 
77 1974.86 
78 1976.12 
79 1972.73 
80 1966.01 
81 1977.04 
82 1959.91 
83 1970.74 
84 1970.51 
85 1955.19 
86 1970.65 
87 1975.58 
88 1972.62 
89 1945.52 
90 1965.22 
91 1956.49 
92 1960.58 
93 1977.48 
94 1976.31 
95 1972.25 
96 1963.59 
97 1970.00 
98 1945.23 
99 1960.35 
100 1977.68 
101 1974.74 
102 1956.04 
103 1956.46 
104 1976.74 
105 1923.06 
106 1975.13 
107 1950.34 
108 1953.57 
109 1971.65 
110 1967.35 
111 1978.01 
112 1976.10 
113 1966.26 
114 1976.80 
115 1944.01 
116 1976.51 
117 1961.83 
118 1975.56 
119 1965.29 
120 1973.17 
121 1951.72 
122 1950.52 
123 1959.05 
124 1963.55 
125 1960.92 
126 1973.94 
127 1960.91 
128 1948.76 
129 1974.38 
130 1975.30 
131 1956.59 
132 1966.00 
133 1972.92 
134 1961.53 
135 1962.89 
136 1959.97 
137 1963.15 
138 1959.88 
139 1965.92 
140 1963.03 
141 1962.78 
142 1976.12 
143 1978.64 
144 1952.71 
145 1979.87 
146 1942.75 
147 1952.27 
148 1976.09 
149 1977.60 
150 1970.95 
151 1974.69 
152 1960.04 
153 1950.37 
154 1958.94 
155 1953.63 
156 1973.84 
157 1975.34 
158 1961.94 
159 1952.92 
160 1971.80 
161 1958.53 
162 1959.55 
163 1974.82 
164 1964.40 
165 1959.43 
166 1971.79 
167 1956.38 
168 1958.44 
169 1963.68 
170 1970.51 
171 1965.19 
172 1973.71 
173 1976.80 
174 1952.10 
175 1964.18 
176 1972.98 
177 1966.15 
178 1973.93 
179 1967.01 
180 1977.99 
181 1960.22 
182 1976.73 
183 1956.30 
184 1961.09 
185 1948.79 
186 1968.87 
187 1974.17 
188 1978.02 
189 1965.63 
190 1972.06 
191 1972.64 
192 1959.32 
193 1952.47 
194 1975.44 
195 1964.04 
196 1964.88 
197 1960.95 
198 1975.81 
199 1978.49 
200 1967.59 
201 1966.30 
202 1978.82 
203 1957.63 
204 1967.29 
205 1976.49 
206 1976.39 
207 1978.90 
208 1974.40 
209 1971.02 
210 1979.71 
211 1959.22 
212 1977.56 
213 1880.68 
214 1978.98 
215 1964.49 
216 1970.78 
217 1973.57 
218 1908.97 
219 1973.53 
220 1973.96 
221 1980.81 
222 1974.18 
223 1975.13 
224 1962.54 
225 1974.40 
226 1956.74 
227 1959.36 
228 1968.08 
229 1955.49 
230 1969.99 
231 1974.24 
232 1968.26 
233 1905.04 
234 1978.24 
235 1968.23 
236 1958.91 
237 1959.87 
238 1958.52 
239 1954.11 
240 1971.73 
241 1943.48 
242 1973.20 
243 1966.64 
244 1977.26 
245 1964.57 
246 1978.13 
247 1935.17 
248 1959.70 
249 1965.16 
250 1968.68 
251 1965.97 
252 1940.30 
253 1967.36 
254 1956.72 
255 1974.48 
256 1954.75 
257 1942.15 
258 1955.99 
259 1970.98 
260 1978.12 
261 1979.01 
262 1978.21 
263 1961.67 
264 1973.09 
265 1935.94 
266 1971.11 
267 1965.70 
268 1962.88 
269 1971.91 
270 1963.10 
271 1979.31 
272 1979.90 
273 1975.73 
274 1977.26 
275 1956.19 
276 1967.87 
277 1954.15 
278 1954.17 
279 1970.23 
280 1940.44 
281 1974.16 
282 1974.97 
283 1975.77 
284 1916.14 
285 1933.15 
286 1961.40 
287 1947.87 
288 1979.44 
289 1959.22 
290 1960.81 
291 1923.81 
292 1964.37 
293 1958.86 
294 1970.78 
295 1966.92 
296 1969.54 
297 1978.29 
298 1970.65 
299 1952.16 
300 1969.27 
301 1957.33 
302 1961.81 
303 1974.43 
304 1957.69 
305 1968.77 
306 1932.74 
307 1978.47 
308 1979.69 
309 1975.15 
310 1953.50 
311 1974.27 
312 1980.13 
313 1964.90 
314 1962.16 
315 1975.02 
316 1963.85 
317 1969.27 
318 1976.93 
319 1957.97 
320 1970.38 
321 1976.12 
322 1978.08 
323 1973.58 
324 1954.14 
325 1978.31 
326 1974.56 
327 1972.66 
328 1958.85 
329 1980.16 
330 1946.92 
331 1945.27 
332 1962.42 
333 1977.50 
334 1968.57 
335 1967.72 
336 1976.10 
337 1967.94 
338 1973.04 
339 1953.73 
340 1959.53 
341 1975.65 
342 1958.80 
343 1969.64 
344 1976.04 
345 1950.18 
346 1961.69 
347 1957.35 
348 1949.13 
349 1961.53 
350 1961.65 
351 1977.55 
352 1956.44 
353 1971.21 
354 1936.51 
355 1927.26 
356 1954.50 
357 1977.59 
358 1963.13 
359 1967.09 
360 1970.22 
361 1958.45 
362 1951.90 
363 1975.40 
364 1966.49 
365 1974.33 
366 1975.63 
367 1964.25 
368 1964.47 
369 1974.51 
370 1971.61 
371 1975.08 
372 1973.68 
373 1912.98 
374 1953.91 
375 1976.75 
376 1960.85 
377 1976.93 
378 1957.86 
379 1971.97 
380 1974.71 
381 1974.91 
382 1973.85 
383 1976.86 
384 1970.09 
385 1970.07 
386 1962.41 
387 1962.25 
388 1960.96 
389 1966.03 
390 1973.43 
391 1960.06 
392 1914.33 
393 1962.69 
394 1982.71 
395 1967.85 
396 1978.19 
397 1957.99 
398 1977.20 
399 1977.30 
400 1964.77 
401 1964.83 
402 1975.09 
403 1930.03 
404 1956.40 
405 1975.55 
406 1956.64 
407 1977.25 
408 1966.27 
409 1958.18 
410 1954.44 
411 1976.81 
412 1972.99 
413 1973.17 
414 1962.57 
415 1968.99 
416 1963.73 
417 1972.93 
418 1978.00 
419 1949.01 
420 1970.32 
421 1957.49 
422 1973.93 
423 1963.76 
424 1962.94 
425 1973.91 
426 1954.43 
427 1973.86 
428 1971.80 
429 1975.51 
430 1965.00 
431 1977.61 
432 1963.95 
433 1961.88 
434 1975.35 
435 1971.75 
436 1954.16 
437 1977.55 
438 1980.63 
439 1935.48 
440 1963.38 
441 1972.95 
442 1970.18 
443 1980.17 
444 1978.08 
445 1959.82 
446 1979.90 
447 1978.52 
448 1973.50 
449 1961.04 
450 1976.79 
451 1954.96 
452 1956.04 
453 1977.49 
454 1972.77 
455 1974.03 
456 1968.71 
457 1960.89 
458 1965.16 
459 1957.95 
460 1975.69 
461 1965.48 
462 1971.75 
463 1926.89 
464 1958.95 
465 1975.47 
466 1974.28 
467 1951.99 
468 1978.42 
469 1980.51 
470 1976.84 
471 1971.01 
472 1924.99 
473 1962.30 
474 1953.63 
475 1967.26 
476 1973.79 
477 1975.16 
478 1978.71 
479 1939.02 
480 1972.44 
481 1928.30 
482 1959.09 
483 1963.19 
484 1957.84 
485 1978.40 
486 1933.03 
487 1919.34 
488 1969.34 
489 1960.80 
490 1963.97 
491 1962.24 
492 1947.95 
493 1961.20 
494 1958.77 
495 1976.37 
496 1950.79 
497 1963.49 
498 1951.57 
499 1964.23 
500 1964.66 
501 1970.15 
502 1977.54 
503 1972.68 
504 1980.49 
505 1973.82 
506 1972.22 
507 1975.95 
508 1977.00 
509 1978.67 
510 1961.90 
511 1958.94 
512 1972.73 
513 1978.97 
514 1946.67 
515 1970.80 
516 1963.44 
517 1974.56 
518 1961.76 
519 1964.04 
520 1957.97 
521 1964.71 
522 1967.56 
523 1976.86 
524 1962.62 
525 1969.74 
526 1972.29 
527 1970.71 
528 1974.81 
529 1957.42 
530 1978.85 
531 1969.95 
532 1971.46 
533 1979.21 
534 1967.89 
535 1970.61 
536 1979.94 
537 1963.69 
538 1960.69 
539 1974.99 
540 1973.04 
541 1959.54 
542 1975.98 
543 1972.03 
544 1973.04 
545 1942.37 
546 1943.22 
547 1964.30 
548 1975.59 
549 1963.57 
550 1963.67 
551 1977.35 
552 1959.62 
553 1952.85 
554 1958.45 
555 1969.90 
556 1932.28 
557 1959.91 
558 1954.50 
559 1956.44 
560 1969.42 
561 1958.95 
562 1958.99 
563 1964.94 
564 1974.77 
565 1977.52 
566 1970.54 
567 1974.30 
568 1972.60 
569 1982.02 
570 1977.88 
571 1963.52 
572 1974.61 
573 1973.66 
574 1975.61 
575 1975.93 
576 1972.00 
577 1969.31 
578 1975.12 
579 1947.34 
580 1957.55 
581 1972.21 
582 1960.37 
583 1975.98 
584 1976.51 
585 1964.56 
586 1969.05 
587 1924.43 
588 1959.36 
589 1965.29 
590 1970.50 
591 1973.60 
592 1975.80 
593 1957.02 
594 1952.61 
595 1977.76 
596 1968.94 
597 1963.12 
598 1958.92 
599 1979.17 
600 1927.40 
601 1953.81 
602 1960.78 
603 1966.11 
604 1978.74 
605 1975.75 
606 1970.38 
607 1928.50 
608 1972.41 
609 1963.15 
610 1959.70 
611 1970.31 
612 1977.31 
613 1968.01 
614 1971.25 
615 1969.65 
616 1977.02 
617 1968.93 
618 1963.39 
619 1968.43 
620 1977.50 
621 1955.72 
622 1957.98 
623 1956.72 
624 1962.09 
625 1969.60 
626 1960.00 
627 1966.41 
628 1966.38 
629 1968.59 
630 1959.08 
631 1961.14 
632 1971.45 
633 1977.44 
634 1963.49 
635 1957.46 
636 1957.75 
637 1978.93 
638 1974.26 
639 1968.45 
640 1959.77 
641 1944.27 
642 1979.59 
643 1964.49 
644 1961.17 
645 1971.36 
646 1966.66 
647 1977.29 
648 1976.96 
649 1964.58 
650 1972.26 
651 1973.46 
652 1978.78 
653 1973.17 
654 1964.30 
655 1969.43 
656 1971.36 
657 1964.07 
658 1975.40 
659 1973.87 
660 1962.80 
661 1967.44 
662 1973.54 
663 1967.35 
664 1958.72 
665 1951.10 
666 1979.33 
667 1969.71 
668 1972.52 
669 1970.48 
670 1969.63 
671 1978.24 
672 1971.82 
673 1966.30 
674 1966.94 
675 1921.00 
676 1953.43 
677 1973.86 
678 1979.02 
679 1963.81 
680 1967.67 
681 1976.05 
682 1971.25 
683 1945.16 
684 1974.91 
685 1978.25 
686 1957.61 
687 1961.93 
688 1972.44 
689 1977.52 
690 1951.35 
691 1963.61 
692 1980.86 
693 1962.32 
694 1957.64 
695 1967.12 
696 1974.59 
697 1962.94 
698 1980.20 
699 1968.55 
700 1968.12 
701 1967.41 
702 1977.34 
703 1953.12 
704 1980.05 
705 1971.82 
706 1978.82 
707 1963.36 
708 1975.84 
709 1977.95 
710 1970.21 
711 1966.21 
712 1970.08 
713 1959.50 
714 1967.68 
715 1970.09 
716 1976.30 
717 1950.84 
718 1963.54 
719 1970.49 
720 1974.55 
721 1975.81 
722 1972.85 
723 1971.69 
724 1961.05 
725 1975.56 
726 1978.98 
727 1964.22 
728 1976.64 
729 1971.65 
730 1969.32 
731 1973.43 
732 1970.74 
733 1954.77 
734 1976.78 
735 1969.83 
736 1975.37 
737 1969.44 
738 1970.54 
739 1978.05 
740 1977.41 
741 1963.15 
742 1967.48 
743 1969.75 
744 1957.99 
745 1963.99 
746 1974.37 
747 1975.78 
748 1937.66 
749 1977.28 
750 1970.35 
751 1970.74 
752 1836.51 
753 1970.45 
754 1974.27 
755 1946.00 
756 1974.46 
757 1957.17 
758 1971.68 
759 1965.68 
760 1962.09 
761 1974.12 
762 1979.32 
763 1965.24 
764 1976.65 
765 1973.36 
766 1963.80 
767 1961.22 
768 1974.27 
769 1960.23 
770 1976.68 
771 1941.73 
772 1964.39 
773 1957.33 
774 1971.45 
775 1969.31 
776 1973.63 
777 1975.26 
778 1978.23 
779 1978.25 
780 1981.01 
781 1973.80 
782 1976.67 
783 1964.23 
784 1970.07 
785 1974.68 
786 1938.89 
787 1978.49 
788 1935.38 
789 1978.74 
790 1979.16 
791 1959.09 
792 1973.29 
793 1974.58 
794 1957.71 
795 1969.67 
796 1944.28 
797 1962.12 
798 1962.73 
799 1954.44 
800 1974.72 
801 1979.37 
802 1968.81 
803 1965.81 
804 1964.90 
805 1972.86 
806 1944.48 
807 1965.59 
808 1969.39 
809 1973.66 
810 1947.64 
811 1930.89 
812 1974.07 
813 1975.99 
814 1972.08 
815 1958.16 
816 1951.02 
817 1976.57 
818 1951.56 
819 1969.93 
820 1961.12 
821 1979.26 
822 1981.15 
823 1971.58 
824 1962.10 
825 1940.90 
826 1935.15 
827 1971.69 
828 1967.68 
829 1981.76 
830 1968.98 
831 1975.06 
832 1973.26 
833 1976.06 
834 1971.45 
835 1975.73 
836 1963.31 
837 1966.58 
838 1976.15 
839 1966.27 
840 1976.53 
841 1979.10 
842 1975.26 
843 1943.67 
844 1924.97 
845 1975.46 
846 1972.40 
847 1945.89 
848 1970.65 
849 1969.79 
850 1978.51 
851 1960.75 
852 1955.09 
853 1945.52 
854 1962.75 
855 1972.42 
856 1978.80 
857 1926.30 
858 1933.98 
859 1973.68 
860 1972.99 
861 1966.03 
862 1976.40 
863 1915.92 
864 1959.77 
865 1969.06 
866 1954.57 
867 1978.12 
868 1964.94 
869 1934.76 
870 1973.31 
871 1974.61 
872 1975.57 
873 1967.32 
874 1928.55 
875 1929.64 
876 1976.30 
877 1976.21 
878 1967.09 
879 1976.39 
880 1972.47 
881 1975.12 
882 1953.82 
883 1975.85 
884 1966.30 
885 1959.23 
886 1953.83 
887 1936.63 
888 1969.40 
889 1955.13 
890 1964.05 
891 1953.66 
892 1966.50 
893 1972.14 
894 1954.97 
895 1975.56 
896 1981.36 
897 1956.66 
898 1952.06 
899 1956.48 
900 1978.15 
901 1980.35 
902 1961.15 
903 1952.36 
904 1973.31 
905 1959.69 
906 1969.22 
907 1978.18 
908 1976.64 
909 1967.94 
910 1874.26 
911 1970.51 
912 1979.04 
913 1977.08 
914 1970.89 
915 1964.17 
916 1944.65 
917 1977.01 
918 1978.86 
919 1956.95 
920 1961.91 
921 1969.73 
922 1953.03 
923 1962.17 
924 1970.67 
925 1979.09 
926 1972.70 
927 1976.31 
928 1975.35 
929 1974.79 
930 1978.94 
931 1966.78 
932 1981.04 
933 1976.62 
934 1929.26 
935 1964.02 
936 1945.76 
937 1979.46 
938 1976.69 
939 1957.27 
940 1979.44 
941 1975.76 
942 1971.13 
943 1949.92 
944 1972.20 
945 1950.67 
946 1939.20 
947 1972.33 
948 1973.43 
949 1973.72 
950 1932.09 
951 1961.14 
952 1978.52 
953 1961.33 
954 1963.39 
955 1957.02 
956 1952.08 
957 1974.76 
958 1936.81 
959 1948.12 
960 1973.77 
961 1948.11 
962 1938.13 
963 1972.59 
964 1968.07 
965 1962.33 
966 1967.29 
967 1923.76 
968 1955.50 
969 1957.72 
970 1958.30 
971 1960.78 
972 1960.77 
973 1942.27 
974 1965.30 
975 1968.30 
976 1974.26 
977 1973.94 
978 1962.12 
979 1976.02 
980 1974.72 
981 1975.29 
982 1942.58 
983 1964.49 
984 1963.73 
985 1976.07 
986 1938.01 
987 1977.24 
988 1963.14 
989 1968.10 
990 1965.63 
991 1975.84 
992 1956.97 
993 1961.32 
994 1943.14 
995 1973.25 
996 1977.78 
997 1976.95 
998 1975.91 
999 1977.09 
1000 1943.22 
1001 1978.33 
1002 1973.76 
1003 1979.17 
1004 1967.97 
1005 1957.84 
1006 1961.84 
1007 1969.09 
1008 1961.23 
1009 1964.45 
1010 1970.40 
1011 1962.17 
1012 1974.49 
1013 1978.35 
1014 1976.92 
1015 1972.26 
1016 1979.50 
1017 1959.78 
1018 1978.82 
1019 1959.58 
1020 1971.50 
1021 1973.19 
1022 1966.17 
1023 1972.22 
1024 1978.93 
1025 1957.65 
1026 1977.80 
1027 1960.86 
1028 1955.09 
1029 1960.46 
1030 1960.33 
1031 1979.24 
1032 1963.07 
1033 1957.98 
1034 1951.96 
1035 1978.13 
1036 1946.97 
1037 1927.08 
1038 1975.94 
1039 1974.25 
1040 1971.98 
1041 1969.76 
1042 1963.62 
1043 1958.69 
1044 1966.96 
1045 1962.62 
1046 1974.44 
1047 1967.45 
1048 1957.65 
1049 1958.92 
1050 1948.19 
1051 1959.12 
1052 1968.00 
1053 1978.26 
1054 1961.32 
1055 1962.06 
1056 1967.38 
1057 1977.12 
1058 1966.49 
1059 1960.64 
1060 1972.88 
1061 1967.06 
1062 1968.63 
1063 1975.24 
1064 1955.28 
1065 1977.42 
1066 1971.25 
1067 1917.89 
1068 1977.64 
1069 1971.00 
1070 1969.26 
1071 1974.83 
1072 1963.48 
1073 1957.41 
1074 1977.99 
1075 1962.39 
1076 1978.30 
1077 1944.97 
1078 1970.32 
1079 1962.08 
1080 1978.13 
1081 1973.82 
1082 1958.24 
1083 1954.43 
1084 1972.49 
1085 1966.09 
1086 1967.87 
1087 1954.36 
1088 1972.17 
1089 1963.04 
1090 1970.37 
1091 1977.43 
1092 1971.79 
1093 1969.26 
1094 1975.19 
1095 1954.52 
1096 1971.96 
1097 1976.11 
1098 1975.65 
1099 1972.18 
1100 1963.16 
1101 1975.30 
1102 1957.48 
1103 1971.91 
1104 1972.16 
1105 1947.03 
1106 1949.38 
1107 1975.08 
1108 1957.02 
1109 1979.84 
1110 1965.46 
1111 1972.39 
1112 1973.12 
1113 1962.94 
1114 1959.09 
1115 1981.35 
1116 1965.00 
1117 1964.29 
1118 1963.68 
1119 1968.02 
1120 1929.01 
1121 1976.13 
1122 1975.07 
1123 1954.59 
1124 1947.42 
1125 1978.82 
1126 1960.44 
1127 1955.95 
1128 1975.97 
1129 1974.81 
1130 1956.66 
1131 1957.80 
1132 1975.72 
1133 1978.21 
1134 1974.67 
1135 1968.52 
1136 1969.92 
1137 1975.21 
1138 1946.03 
1139 1976.60 
1140 1977.90 
1141 1963.74 
1142 1952.28 
1143 1950.21 
1144 1968.02 
1145 1976.82 
1146 1969.07 
1147 1980.26 
1148 1979.84 
1149 1978.06 
1150 1975.03 
1151 1973.78 
1152 1961.22 
1153 1962.10 
1154 1965.66 
1155 1975.55 
1156 1951.33 
1157 1962.30 
1158 1977.10 
1159 1974.46 
1160 1973.29 
1161 1973.16 
1162 1976.40 
1163 1949.04 
1164 1958.00 
1165 1971.23 
1166 1966.00 
1167 1973.91 
1168 1956.16 
1169 1961.18 
1170 1979.38 
1171 1977.03 
1172 1947.35 
1173 1961.63 
1174 1970.87 
1175 1962.87 
1176 1972.73 
1177 1971.63 
1178 1973.80 
1179 1964.83 
1180 1968.14 
1181 1964.33 
1182 1976.25 
1183 1970.81 
1184 1973.83 
1185 1981.84 
1186 1963.51 
1187 1975.27 
1188 1964.83 
1189 1966.17 
1190 1934.59 
1191 1953.53 
1192 1966.06 
1193 1975.98 
1194 1956.20 
1195 1964.75 
1196 1975.50 
1197 1940.86 
1198 1979.15 
1199 1953.09 
1200 1941.60 
1201 1953.17 
1202 1966.41 
1203 1924.55 
1204 1969.88 
1205 1975.75 
1206 1971.11 
1207 1956.97 
1208 1976.39 
1209 1972.35 
1210 1975.37 
1211 1974.49 
1212 1963.89 
1213 1972.31 
1214 1979.33 
1215 1978.78 
1216 1973.34 
1217 1961.96 
1218 1978.00 
1219 1968.54 
1220 1965.63 
1221 1974.31 
1222 1970.00 
1223 1971.69 
1224 1960.03 
1225 1978.23 
1226 1974.31 
1227 1899.30 
1228 1941.11 
1229 1977.08 
1230 1978.37 
1231 1952.25 
1232 1978.09 
1233 1942.93 
1234 1968.95 
1235 1967.63 
1236 1960.39 
1237 1963.84 
1238 1978.03 
1239 1967.77 
1240 1974.05 
1241 1976.18 
1242 1962.97 
1243 1972.78 
1244 1975.30 
1245 1978.06 
1246 1964.92 
1247 1980.74 
1248 1978.47 
1249 1966.04 
1250 1935.15 
1251 1971.52 
1252 1970.06 
1253 1969.05 
1254 1980.43 
1255 1974.97 
1256 1970.20 
1257 1973.44 
1258 1964.67 
1259 1950.40 
1260 1976.43 
1261 1976.58 
1262 1907.68 
1263 1977.30 
1264 1960.67 
1265 1972.14 
1266 1971.95 
1267 1959.57 
1268 1959.16 
1269 1966.28 
1270 1967.23 
1271 1947.74 
1272 1965.61 
1273 1965.53 
1274 1976.33 
1275 1947.40 
1276 1974.16 
1277 1951.56 
1278 1967.44 
1279 1937.27 
1280 1969.90 
1281 1950.93 
1282 1931.23 
1283 1962.95 
1284 1973.03 
1285 1957.13 
1286 1939.39 
1287 1971.38 
1288 1959.13 
1289 1922.34 
1290 1976.66 
1291 1970.90 
1292 1932.64 
1293 1968.56 
1294 1974.08 
1295 1938.54 
1296 1954.83 
1297 1962.73 
1298 1963.14 
1299 1931.95 
1300 1950.22 
1301 1977.42 
1302 1952.07 
1303 1942.09 
1304 1971.50 
1305 1959.89 
1306 1975.80 
1307 1977.90 
1308 1978.79 
1309 1975.01 
1310 1977.89 
1311 1979.24 
1312 1970.71 
1313 1973.58 
1314 1960.69 
1315 1978.16 
1316 1957.17 
1317 1955.75 
1318 1977.28 
1319 1972.41 
1320 1955.31 
1321 1932.35 
1322 1931.67 
1323 1978.04 
1324 1958.06 
1325 1968.65 
1326 1969.04 
1327 1976.49 
1328 1973.23 
1329 1959.37 
1330 1972.15 
1331 1962.73 
1332 1960.41 
1333 1959.95 
1334 1970.23 
1335 1968.04 
1336 1955.28 
1337 1971.80 
1338 1971.20 
1339 1960.99 
1340 1978.14 
1341 1979.06 
1342 1978.67 
1343 1980.95 
1344 1977.98 
1345 1963.34 
1346 1958.33 
1347 1972.71 
1348 1974.33 
1349 1955.52 
1350 1978.19 
1351 1970.19 
1352 1969.10 
1353 1970.00 
1354 1965.62 
1355 1945.44 
1356 1961.06 
1357 1942.88 
1358 1979.98 
1359 1970.11 
1360 1975.55 
1361 1966.62 
1362 1967.54 
1363 1959.97 
1364 1970.57 
1365 1960.67 
1366 1958.99 
1367 1975.75 
1368 1962.34 
1369 1919.19 
1370 1966.24 
1371 1958.20 
1372 1972.66 
1373 1964.84 
1374 1978.95 
1375 1953.46 
1376 1973.86 
1377 1972.12 
1378 1953.77 
1379 1974.67 
1380 1978.45 
1381 1954.97 
1382 1978.01 
1383 1974.31 
1384 1971.40 
1385 1973.90 
1386 1970.13 
1387 1978.63 
1388 1951.28 
1389 1979.27 
1390 1980.04 
1391 1976.42 
1392 1951.34 
1393 1976.34 
1394 1980.06 
1395 1974.23 
1396 1973.49 
1397 1970.56 
1398 1973.10 
1399 1958.92 
1400 1963.45 
1401 1958.24 
1402 1960.84 
1403 1972.95 
1404 1976.23 
1405 1925.08 
1406 1970.66 
1407 1975.19 
1408 1974.42 
1409 1944.45 
1410 1959.25 
1411 1970.98 
1412 1977.77 
1413 1963.84 
1414 1980.42 
1415 1968.45 
1416 1952.29 
1417 1949.97 
1418 1938.16 
1419 1972.53 
1420 1973.80 
1421 1950.76 
1422 1928.38 
1423 1964.42 
1424 1963.20 
1425 1973.23 
1426 1965.88 
1427 1943.03 
1428 1970.45 
1429 1966.23 
1430 1972.84 
1431 1949.65 
1432 1969.95 
1433 1976.10 
1434 1966.82 
1435 1974.52 
1436 1951.09 
1437 1978.77 
1438 1960.12 
1439 1976.47 
1440 1968.55 
1441 1949.07 
1442 1972.02 
1443 1963.68 
1444 1957.53 
1445 1974.95 
1446 1972.16 
1447 1976.06 
1448 1972.39 
1449 1977.54 
1450 1966.88 
1451 1969.00 
1452 1963.20 
1453 1953.13 
1454 1972.56 
1455 1978.63 
1456 1962.41 
1457 1974.84 
1458 1974.71 
1459 1977.26 
1460 1958.17 
1461 1945.56 
1462 1980.75 
1463 1967.63 
1464 1948.84 
1465 1975.82 
1466 1955.98 
1467 1976.38 
1468 1975.96 
1469 1969.25 
1470 1931.48 
1471 1946.96 
1472 1970.41 
1473 1975.76 
1474 1944.80 
1475 1979.26 
1476 1972.63 
1477 1960.37 
1478 1969.36 
1479 1955.64 
1480 1975.13 
1481 1975.51 
1482 1976.70 
1483 1981.80 
1484 1943.34 
1485 1977.85 
1486 1971.44 
1487 1978.43 
1488 1974.42 
1489 1974.36 
1490 1977.05 
1491 1948.72 
1492 1977.67 
1493 1973.94 
1494 1929.31 
1495 1970.74 
1496 1975.02 
1497 1980.18 
1498 1969.84 
1499 1980.25 
1500 1972.44 
1501 1967.88 
1502 1976.78 
1503 1959.43 
1504 1978.06 
1505 1961.39 
1506 1967.50 
1507 1973.85 
1508 1976.10 
1509 1964.56 
1510 1969.22 
1511 1971.64 
1512 1946.61 
1513 1975.46 
1514 1959.89 
1515 1949.18 
1516 1958.03 
1517 1970.56 
1518 1960.61 
1519 1973.27 
1520 1974.83 
1521 1972.36 
1522 1913.71 
1523 1975.41 
1524 1949.10 
1525 1965.46 
1526 1972.28 
1527 1954.88 
1528 1977.46 
1529 1971.10 
1530 1962.26 
1531 1980.71 
1532 1976.22 
1533 1964.37 
1534 1965.02 
1535 1973.78 
1536 1977.71 
1537 1956.80 
1538 1977.06 
1539 1969.25 
1540 1966.45 
1541 1976.93 
1542 1973.53 
1543 1977.31 
1544 1966.46 
1545 1957.69 
1546 1957.62 
1547 1977.68 
1548 1956.18 
1549 1964.69 
1550 1977.28 
1551 1973.26 
1552 1961.72 
1553 1941.01 
1554 1979.18 
1555 1959.46 
1556 1977.86 
1557 1973.63 
1558 1957.42 
1559 1974.40 
1560 1953.41 
1561 1962.84 
1562 1967.93 
1563 1914.87 
1564 1976.44 
1565 1960.54 
1566 1959.60 
1567 1972.46 
1568 1978.09 
1569 1973.27 
1570 1975.95 
1571 1973.92 
1572 1968.74 
1573 1974.34 
1574 1968.21 
1575 1975.35 
1576 1978.45 
1577 1973.57 
1578 1957.81 
1579 1973.44 
1580 1971.91 
1581 1970.40 
1582 1972.72 
1583 1971.41 
1584 1960.03 
1585 1976.49 
1586 1931.56 
1587 1964.92 
1588 1920.79 
1589 1972.96 
1590 1900.16 
1591 1929.61 
1592 1980.27 
1593 1970.88 
1594 1970.79 
1595 1963.72 
1596 1975.44 
1597 1960.48 
1598 1972.70 
1599 1962.32 
1600 1963.75 
1601 1959.36 
1602 1982.26 
1603 1968.70 
1604 1977.69 
1605 1953.65 
1606 1974.50 
1607 1964.78 
1608 1959.01 
1609 1962.55 
1610 1978.84 
1611 1963.21 
1612 1974.95 
1613 1958.49 
1614 1966.70 
1615 1979.03 
1616 1959.78 
1617 1958.67 
1618 1966.60 
1619 1955.31 
1620 1961.57 
1621 1978.67 
1622 1962.82 
1623 1968.02 
1624 1964.22 
1625 1970.16 
1626 1973.11 
1627 1972.28 
1628 1978.77 
1629 1979.23 
1630 1976.63 
1631 1978.80 
1632 1971.44 
1633 1961.50 
1634 1970.99 
1635 1973.96 
1636 1973.80 
1637 1974.84 
1638 1977.15 
1639 1977.70 
1640 1973.08 
1641 1957.09 
1642 1974.76 
1643 1970.76 
1644 1968.04 
1645 1978.23 
1646 1972.05 
1647 1974.35 
1648 1972.31 
1649 1958.02 
1650 1970.60 
1651 1969.81 
1652 1954.24 
1653 1971.43 
1654 1978.31 
1655 1957.87 
1656 1977.15 
1657 1963.15 
1658 1963.44 
1659 1972.50 
1660 1973.88 
1661 1950.88 
1662 1978.40 
1663 1963.27 
1664 1977.08 
1665 1977.22 
1666 1978.00 
1667 1972.37 
1668 1960.28 
1669 1950.74 
1670 1970.75 
1671 1971.79 
1672 1940.79 
1673 1968.16 
1674 1976.85 
1675 1964.98 
1676 1975.72 
1677 1979.73 
1678 1968.07 
1679 1958.90 
1680 1949.28 
1681 1952.14 
1682 1977.82 
1683 1975.16 
1684 1975.67 
1685 1979.48 
1686 1974.24 
1687 1967.45 
1688 1928.28 
1689 1968.95 
1690 1965.07 
1691 1943.74 
1692 1957.84 
1693 1971.51 
1694 1972.92 
1695 1976.00 
1696 1904.57 
1697 1939.47 
1698 1969.16 
1699 1963.61 
1700 1950.46 
1701 1951.01 
1702 1975.98 
1703 1970.68 
1704 1963.64 
1705 1967.09 
1706 1961.64 
1707 1973.42 
1708 1958.17 
1709 1972.63 
1710 1965.84 
1711 1958.18 
1712 1979.31 
1713 1962.13 
1714 1977.99 
1715 1958.12 
1716 1966.88 
1717 1980.86 
1718 1973.78 
1719 1974.93 
1720 1971.55 
1721 1966.65 
1722 1980.03 
1723 1971.90 
1724 1967.64 
1725 1961.99 
1726 1968.57 
1727 1967.69 
1728 1972.61 
1729 1978.74 
1730 1977.10 
1731 1979.66 
1732 1951.37 
1733 1963.14 
1734 1958.76 
1735 1965.79 
1736 1962.57 
1737 1980.62 
1738 1972.29 
1739 1970.22 
1740 1972.07 
1741 1940.67 
1742 1977.58 
1743 1971.60 
1744 1974.61 
1745 1967.82 
1746 1978.12 
1747 1958.45 
1748 1976.01 
1749 1978.37 
1750 1980.28 
1751 1972.38 
1752 1961.61 
1753 1972.10 
1754 1970.84 
1755 1960.13 
1756 1962.33 
1757 1976.73 
1758 1980.00 
1759 1971.69 
1760 1980.88 
1761 1972.76 
1762 1967.73 
1763 1974.80 
1764 1973.11 
1765 1970.22 
1766 1978.98 
1767 1968.77 
1768 1916.83 
1769 1971.54 
1770 1975.98 
1771 1980.57 
1772 1966.67 
1773 1943.23 
1774 1979.90 
1775 1975.54 
1776 1956.91 
1777 1973.20 
1778 1931.85 
1779 1976.87 
1780 1962.92 
1781 1977.54 
1782 1952.94 
1783 1977.77 
1784 1973.48 
1785 1952.54 
1786 1956.81 
1787 1963.60 
1788 1960.51 
1789 1934.61 
1790 1978.43 
1791 1979.09 
1792 1977.96 
1793 1962.28 
1794 1973.95 
1795 1961.38 
1796 1956.11 
1797 1974.70 
1798 1977.62 
1799 1979.53 
1800 1956.32 
1801 1957.96 
1802 1975.13 
1803 1959.03 
1804 1956.48 
1805 1964.22 
1806 1970.37 
1807 1972.58 
1808 1972.78 
1809 1976.10 
1810 1978.56 
1811 1945.91 
1812 1968.42 
1813 1970.38 
1814 1962.70 
1815 1968.81 
1816 1957.48 
1817 1953.60 
1818 1969.85 
1819 1957.80 
1820 1981.85 
1821 1973.92 
1822 1980.58 
1823 1960.54 
1824 1963.76 
1825 1974.82 
1826 1977.82 
1827 1970.91 
1828 1970.35 
1829 1958.44 
1830 1978.16 
1831 1966.25 
1832 1964.75 
1833 1951.92 
1834 1962.55 
1835 1975.72 
1836 1968.37 
1837 1952.75 
1838 1959.36 
1839 1946.18 
1840 1976.63 
1841 1965.88 
1842 1961.78 
1843 1980.10 
1844 1931.07 
1845 1963.32 
1846 1978.03 
1847 1966.19 
1848 1963.50 
1849 1962.46 
1850 1952.19 
1851 1969.66 
1852 1965.76 
1853 1969.24 
1854 1923.91 
1855 1969.27 
1856 1966.22 
1857 1978.01 
1858 1969.81 
1859 1961.79 
1860 1980.03 
1861 1973.63 
1862 1964.53 
1863 1964.45 
1864 1972.24 
1865 1958.77 
1866 1959.49 
1867 1955.66 
1868 1955.99 
1869 1965.24 
1870 1954.86 
1871 1956.01 
1872 1951.11 
1873 1966.64 
1874 1933.63 
1875 1976.02 
1876 1963.18 
1877 1951.61 
1878 1972.03 
1879 1968.40 
1880 1933.62 
1881 1966.12 
1882 1979.35 
1883 1974.19 
1884 1946.09 
1885 1973.92 
1886 1950.18 
1887 1972.33 
1888 1960.59 
1889 1979.42 
1890 1971.62 
1891 1978.91 
1892 1972.07 
1893 1972.38 
1894 1964.80 
1895 1960.06 
1896 1893.47 
1897 1973.29 
1898 1958.42 
1899 1970.85 
1900 1974.14 
1901 1952.21 
1902 1973.57 
1903 1949.59 
1904 1976.84 
1905 1973.88 
1906 1979.65 
1907 1959.24 
1908 1965.66 
1909 1971.17 
1910 1976.55 
1911 1962.53 
1912 1968.28 
1913 1971.74 
1914 1968.44 
1915 1965.29 
1916 1974.80 
1917 1960.14 
1918 1963.60 
1919 1974.10 
1920 1943.10 
1921 1970.16 
1922 1973.42 
1923 1978.00 
1924 1959.35 
1925 1973.32 
1926 1961.36 
1927 1966.39 
1928 1938.69 
1929 1957.71 
1930 1976.82 
1931 1947.42 
1932 1974.40 
1933 1959.26 
1934 1972.25 
1935 1974.72 
1936 1962.10 
1937 1958.54 
1938 1961.41 
1939 1971.33 
1940 1945.57 
1941 1929.33 
1942 1958.46 
1943 1966.17 
1944 1949.92 
1945 1973.43 
1946 1962.13 
1947 1968.86 
1948 1950.68 
1949 1974.23 
1950 1974.30 
1951 1961.68 
1952 1947.74 
1953 1958.43 
1954 1964.46 
1955 1974.75 
1956 1972.13 
1957 1976.84 
1958 1951.07 
1959 1974.41 
1960 1980.29 
1961 1957.91 
1962 1961.80 
1963 1973.11 
1964 1965.87 
1965 1969.76 
1966 1972.29 
1967 1977.46 
1968 1964.79 
1969 1967.34 
1970 1978.30 
1971 1961.58 
1972 1981.55 
1973 1964.55 
1974 1976.87 
1975 1976.16 
1976 1956.38 
1977 1957.46 
1978 1969.93 
1979 1947.69 
1980 1965.36 
1981 1959.66 
1982 1968.43 
1983 1972.59 
1984 1959.28 
1985 1911.45 
1986 1960.85 
1987 1960.12 
1988 1959.17 
1989 1965.00 
1990 1973.75 
1991 1976.46 
1992 1972.59 
1993 1937.30 
1994 1946.45 
1995 1976.13 
1996 1960.62 
1997 1973.80 
1998 1963.26 
1999 1954.17 
2000 1968.84 
2001 1938.38 
2002 1974.01 
2003 1978.52 
2004 1980.17 
2005 1974.43 
2006 1960.81 
2007 1969.70 
2008 1973.60 
2009 1961.70 
2010 1978.40 
2011 1980.44 
2012 1980.65 
2013 1970.72 
2014 1977.89 
2015 1974.23 
2016 1975.78 
2017 1963.95 
2018 1969.04 
2019 1977.33 
2020 1972.12 
2021 1960.26 
2022 1958.90 
2023 1966.29 
2024 1974.70 
2025 1956.37 
2026 1981.62 
2027 1973.13 
2028 1950.25 
2029 1977.46 
2030 1968.41 
2031 1959.29 
2032 1976.15 
2033 1973.66 
2034 1978.89 
2035 1965.72 
2036 1977.89 
2037 1978.58 
2038 1960.24 
2039 1979.75 
2040 1964.66 
2041 1968.15 
2042 1967.16 
2043 1979.80 
2044 1953.19 
2045 1975.16 
2046 1976.08 
2047 1953.23 
2048 1962.75 
2049 1961.23 
2050 1978.06 
2051 1974.14 
2052 1960.63 
2053 1975.78 
2054 1964.27 
2055 1962.15 
2056 1976.39 
2057 1973.36 
2058 1961.84 
2059 1958.37 
2060 1966.52 
2061 1975.85 
2062 1948.01 
2063 1971.01 
2064 1975.62 
2065 1975.84 
2066 1971.04 
2067 1960.01 
2068 1958.97 
2069 1947.55 
2070 1975.77 
2071 1974.20 
2072 1971.98 
2073 1971.79 
2074 1970.19 
2075 1974.35 
2076 1976.15 
2077 1965.12 
2078 1972.69 
2079 1962.23 
2080 1946.10 
2081 1966.69 
2082 1956.90 
2083 1962.36 
2084 1974.97 
2085 1981.32 
2086 1970.94 
2087 1977.12 
2088 1972.65 
2089 1962.60 
2090 1964.35 
2091 1947.16 
2092 1972.98 
2093 1979.68 
2094 1975.74 
2095 1977.95 
2096 1968.70 
2097 1975.38 
2098 1970.39 
2099 1963.11 
2100 1969.47 
2101 1967.19 
2102 1974.63 
2103 1969.28 
2104 1975.03 
2105 1973.43 
2106 1971.07 
2107 1976.72 
2108 1967.43 
2109 1936.67 
2110 1975.10 
2111 1971.30 
2112 1967.14 
2113 1974.28 
2114 1977.72 
2115 1976.67 
2116 1978.85 
2117 1977.42 
2118 1966.96 
2119 1968.78 
2120 1964.68 
2121 1982.44 
2122 1961.50 
2123 1973.96 
2124 1966.70 
2125 1978.16 
2126 1970.25 
2127 1980.94 
2128 1971.75 
2129 1971.94 
2130 1970.65 
2131 1950.09 
2132 1966.31 
2133 1976.29 
2134 1969.28 
2135 1971.72 
2136 1977.67 
2137 1969.48 
2138 1971.45 
2139 1961.16 
2140 1974.89 
2141 1958.06 
2142 1953.58 
2143 1961.79 
2144 1971.54 
2145 1965.27 
2146 1960.95 
2147 1953.88 
2148 1965.33 
2149 1965.51 
2150 1964.06 
2151 1975.51 
2152 1975.19 
2153 1964.90 
2154 1977.39 
2155 1969.86 
2156 1976.77 
2157 1974.12 
2158 1976.52 
2159 1971.77 
2160 1968.26 
2161 1956.52 
2162 1973.83 
2163 1976.64 
2164 1963.23 
2165 1962.18 
2166 1975.23 
2167 1944.50 
2168 1979.27 
2169 1940.02 
2170 1958.94 
2171 1960.00 
2172 1975.32 
2173 1970.77 
2174 1980.07 
2175 1970.91 
2176 1971.81 
2177 1975.89 
2178 1969.60 
2179 1962.13 
2180 1960.54 
2181 1949.46 
2182 1967.24 
2183 1962.68 
2184 1975.28 
2185 1926.67 
2186 1969.70 
2187 1973.41 
2188 1974.73 
2189 1975.94 
2190 1980.09 
2191 1980.44 
2192 1976.07 
2193 1970.38 
2194 1980.76 
2195 1967.41 
2196 1958.46 
2197 1955.38 
2198 1974.93 
2199 1968.68 
2200 1946.74 
2201 1978.50 
2202 1943.94 
2203 1960.75 
2204 1974.25 
2205 1970.10 
2206 1976.60 
2207 1968.71 
2208 1973.62 
2209 1960.60 
2210 1948.95 
2211 1947.79 
2212 1976.27 
2213 1970.97 
2214 1973.66 
2215 1966.82 
2216 1968.21 
2217 1980.70 
2218 1971.05 
2219 1975.66 
2220 1972.23 
2221 1916.24 
2222 1969.95 
2223 1968.63 
2224 1967.57 
2225 1972.76 
2226 1958.04 
2227 1977.34 
2228 1978.97 
2229 1960.35 
2230 1979.56 
2231 1964.91 
2232 1942.42 
2233 1975.88 
2234 1976.16 
2235 1965.80 
2236 1978.15 
2237 1929.89 
2238 1975.27 
2239 1966.60 
2240 1972.72 
2241 1969.73 
2242 1923.47 
2243 1962.92 
2244 1964.43 
2245 1971.70 
2246 1963.92 
2247 1955.09 
2248 1961.43 
2249 1934.84 
2250 1960.54 
2251 1958.47 
2252 1955.81 
2253 1965.54 
2254 1974.95 
2255 1974.22 
2256 1945.05 
2257 1974.04 
2258 1950.22 
2259 1968.06 
2260 1975.60 
2261 1948.37 
2262 1972.91 
2263 1972.18 
2264 1968.74 
2265 1924.99 
2266 1962.82 
2267 1978.58 
2268 1965.27 
2269 1975.70 
2270 1976.60 
2271 1954.48 
2272 1979.58 
2273 1944.20 
2274 1964.89 
2275 1974.66 
2276 1923.30 
2277 1965.23 
2278 1971.45 
2279 1975.44 
2280 1973.47 
2281 1974.66 
2282 1967.69 
2283 1973.64 
2284 1968.53 
2285 1951.84 
2286 1973.85 
2287 1971.42 
2288 1968.84 
2289 1973.06 
2290 1974.50 
2291 1940.30 
2292 1965.91 
2293 1975.93 
2294 1974.79 
2295 1959.47 
2296 1979.94 
2297 1974.80 
2298 1969.75 
2299 1962.58 
2300 1975.69 
2301 1957.89 
2302 1974.34 
2303 1975.83 
2304 1977.29 
2305 1971.37 
2306 1971.39 
2307 1952.05 
2308 1954.26 
2309 1969.47 
2310 1975.16 
2311 1967.07 
2312 1973.65 
2313 1975.61 
2314 1977.13 
2315 1961.73 
2316 1955.30 
2317 1964.03 
2318 1945.81 
2319 1979.85 
2320 1965.64 
2321 1971.80 
2322 1970.63 
2323 1961.63 
2324 1979.05 
2325 1978.07 
2326 1980.47 
2327 1975.91 
2328 1950.81 
2329 1970.71 
2330 1966.14 
2331 1970.72 
2332 1975.84 
2333 1975.40 
2334 1963.33 
2335 1952.64 
2336 1972.34 
2337 1973.98 
2338 1968.37 
2339 1974.53 
2340 1972.31 
2341 1969.49 
2342 1974.48 
2343 1958.62 
2344 1968.48 
2345 1933.42 
2346 1972.00 
2347 1979.04 
2348 1962.63 
2349 1975.03 
2350 1976.90 
2351 1971.76 
2352 1931.51 
2353 1945.16 
2354 1959.87 
2355 1950.02 
2356 1978.85 
2357 1974.58 
2358 1961.83 
2359 1977.23 
2360 1974.94 
2361 1966.41 
2362 1978.43 
2363 1976.97 
2364 1972.06 
2365 1978.62 
2366 1974.69 
2367 1976.31 
2368 1973.32 
2369 1960.15 
2370 1973.93 
2371 1968.51 
2372 1976.58 
2373 1971.80 
2374 1971.21 
2375 1975.32 
2376 1978.12 
2377 1971.52 
2378 1942.54 
2379 1924.18 
2380 1977.45 
2381 1957.70 
2382 1978.15 
2383 1958.96 
2384 1972.38 
2385 1978.70 
2386 1970.09 
2387 1975.22 
2388 1967.60 
2389 1979.53 
2390 1959.71 
2391 1964.56 
2392 1975.13 
2393 1972.92 
2394 1976.12 
2395 1973.65 
2396 1976.53 
2397 1956.44 
2398 1977.35 
2399 1969.65 
2400 1938.95 
2401 1961.06 
2402 1957.41 
2403 1976.26 
2404 1978.52 
2405 1909.24 
2406 1954.11 
2407 1964.14 
2408 1975.74 
0 1971.06 
1 1968.55 
2 1977.46 
3 1927.93 
4 1967.24 
5 1978.69 
6 1964.91 
7 1970.33 
8 1979.71 
9 1974.64 
10 1975.23 
11 1975.56 
12 1950.47 
13 1967.77 
14 1971.61 
15 1957.62 
16 1959.16 
17 1976.08 
18 1976.29 
19 1955.81 
20 1934.86 
21 1975.11 
22 1975.05 
23 1975.41 
24 1973.09 
25 1968.94 
26 1956.14 
27 1963.94 
28 1963.26 
29 1972.78 
30 1977.80 
31 1965.08 
32 1967.07 
33 1941.27 
34 1965.75 
35 1963.69 
36 1963.55 
37 1976.62 
38 1962.47 
39 1975.67 
40 1959.35 
41 1969.15 
42 1963.25 
43 1979.49 
44 1976.88 
45 1971.97 
46 1965.55 
47 1959.38 
48 1979.34 
49 1972.66 
50 1975.64 
51 1965.00 
52 1963.23 
53 1974.78 
54 1976.15 
55 1946.40 
56 1961.95 
57 1966.15 
58 1960.37 
59 1950.59 
60 1972.02 
61 1980.11 
62 1974.23 
63 1975.20 
64 1960.70 
65 1976.10 
66 1954.83 
67 1969.96 
68 1972.58 
69 1973.44 
70 1978.27 
71 1974.65 
72 1965.07 
73 1976.96 
74 1944.95 
75 1978.18 
76 1974.98 
77 1979.05 
78 1975.50 
79 1970.11 
80 1969.14 
81 1939.23 
82 1958.26 
83 1955.25 
84 1976.15 
85 1965.18 
86 1972.83 
87 1971.82 
88 1974.26 
89 1973.03 
90 1975.82 
91 1961.72 
92 1977.01 
93 1932.04 
94 1977.37 
95 1969.30 
96 1974.95 
97 1975.02 
98 1976.03 
99 1976.90 
100 1949.74 
101 1973.39 
102 1959.79 
103 1979.84 
104 1975.56 
105 1979.24 
106 1965.58 
107 1975.86 
108 1960.02 
109 1957.46 
110 1928.24 
111 1973.90 
112 1968.85 
113 1973.08 
114 1924.84 
115 1959.92 
116 1954.92 
117 1973.30 
118 1977.02 
119 1965.07 
120 1978.13 
121 1977.21 
122 1977.52 
123 1959.71 
124 1931.48 
125 1957.45 
126 1972.53 
127 1973.99 
128 1973.52 
129 1952.25 
130 1947.25 
131 1953.59 
132 1972.30 
133 1973.36 
134 1972.32 
135 1954.88 
136 1966.08 
137 1978.58 
138 1909.73 
139 1961.92 
140 1964.44 
141 1980.02 
142 1951.33 
143 1981.12 
144 1975.12 
145 1959.19 
146 1969.88 
147 1977.60 
148 1973.58 
149 1956.03 
150 1969.45 
151 1978.90 
152 1974.11 
153 1974.97 
154 1940.45 
155 1974.98 
156 1976.45 
157 1956.61 
158 1977.74 
159 1971.05 
160 1952.87 
161 1961.09 
162 1952.22 
163 1970.65 
164 1977.15 
165 1978.12 
166 1969.87 
167 1969.39 
168 1977.97 
169 1968.76 
170 1976.24 
171 1978.20 
172 1977.46 
173 1977.82 
174 1979.36 
175 1972.51 
176 1961.08 
177 1975.83 
178 1974.13 
179 1974.90 
180 1959.84 
181 1967.41 
182 1960.70 
183 1974.12 
184 1951.14 
185 1974.29 
186 1972.34 
187 1964.00 
188 1971.24 
189 1968.10 
190 1976.50 
191 1976.24 
192 1974.00 
193 1978.38 
194 1973.25 
195 1928.24 
196 1980.23 
197 1964.51 
198 1975.45 
199 1966.61 
200 1958.12 
201 1967.22 
202 1971.70 
203 1970.68 
204 1959.39 
205 1976.92 
206 1927.39 
207 1975.71 
208 1930.69 
209 1977.37 
210 1969.77 
211 1968.95 
212 1962.71 
213 1973.10 
214 1976.11 
215 1976.62 
216 1975.48 
217 1960.78 
218 1959.43 
219 1977.30 
220 1963.57 
221 1966.45 
222 1968.52 
223 1971.19 
224 1971.33 
225 1970.79 
226 1947.87 
227 1969.88 
228 1966.77 
229 1952.12 
230 1976.15 
231 1970.65 
232 1977.94 
233 1969.17 
234 1975.30 
235 1960.53 
236 1972.91 
237 1973.71 
238 1962.03 
239 1974.98 
240 1970.38 
241 1977.98 
242 1961.43 
243 1967.70 
244 1969.92 
245 1972.77 
246 1971.79 
247 1957.82 
248 1960.13 
249 1970.64 
250 1980.70 
251 1977.25 
252 1966.74 
253 1970.15 
254 1968.66 
255 1941.61 
256 1976.37 
257 1949.76 
258 1971.79 
259 1958.62 
260 1974.53 
261 1963.21 
262 1953.25 
263 1973.99 
264 1964.25 
265 1974.88 
266 1973.60 
267 1961.53 
268 1957.49 
269 1970.15 
270 1974.17 
271 1965.33 
272 1971.33 
273 1974.07 
274 1975.97 
275 1966.01 
276 1947.86 
277 1974.97 
278 1977.47 
279 1978.70 
280 1965.66 
281 1975.58 
282 1955.59 
283 1972.25 
284 1976.82 
285 1980.37 
286 1974.80 
287 1961.42 
288 1975.11 
289 1953.53 
290 1969.60 
291 1970.76 
292 1975.80 
293 1972.02 
294 1977.64 
295 1977.41 
296 1973.80 
297 1970.38 
298 1979.86 
299 1959.78 
300 1964.63 
301 1972.94 
302 1978.59 
303 1977.81 
304 1964.64 
305 1968.59 
306 1979.22 
307 1977.85 
308 1976.44 
309 1974.11 
310 1972.44 
311 1972.05 
312 1971.88 
313 1974.77 
314 1961.88 
315 1921.62 
316 1977.03 
317 1976.29 
318 1962.87 
319 1970.93 
320 1961.60 
321 1978.70 
322 1968.20 
323 1971.74 
324 1968.63 
325 1971.92 
326 1973.54 
327 1971.09 
328 1974.41 
329 1978.37 
330 1971.82 
331 1967.63 
332 1958.53 
333 1969.39 
334 1973.22 
335 1974.32 
336 1969.02 
337 1973.68 
338 1969.36 
339 1948.25 
340 1958.33 
341 1978.50 
342 1955.47 
343 1972.97 
344 1956.28 
345 1964.78 
346 1977.55 
347 1964.24 
348 1976.24 
349 1965.97 
350 1962.77 
351 1965.65 
352 1979.21 
353 1967.11 
354 1979.10 
355 1960.10 
356 1970.20 
357 1959.58 
358 1949.50 
359 1946.75 
360 1948.75 
361 1978.65 
362 1958.53 
363 1981.28 
364 1957.03 
365 1961.23 
366 1970.05 
367 1970.99 
368 1971.79 
369 1964.65 
370 1971.03 
371 1969.32 
372 1977.14 
373 1979.81 
374 1962.88 
375 1961.37 
376 1969.64 
377 1976.91 
378 1975.47 
379 1956.62 
380 1950.55 
381 1929.22 
382 1965.26 
383 1938.37 
384 1971.04 
385 1972.16 
386 1955.70 
387 1943.59 
388 1976.05 
389 1975.97 
390 1952.15 
391 1968.82 
392 1961.64 
393 1979.06 
394 1978.22 
395 1971.08 
396 1973.26 
397 1953.75 
398 1978.82 
399 1951.46 
400 1964.80 
401 1926.65 
402 1977.38 
403 1980.27 
404 1974.96 
405 1973.16 
406 1968.10 
407 1963.34 
408 1963.34 
409 1960.78 
410 1973.72 
411 1926.21 
412 1958.28 
413 1963.94 
414 1975.34 
415 1978.66 
416 1959.03 
417 1963.15 
418 1978.30 
419 1974.39 
420 1974.94 
421 1964.23 
422 1964.79 
423 1973.11 
424 1977.26 
425 1979.06 
426 1962.51 
427 1948.64 
428 1977.11 
429 1968.95 
430 1973.16 
431 1973.90 
432 1981.37 
433 1975.41 
434 1956.68 
435 1971.93 
436 1976.01 
437 1977.40 
438 1978.78 
439 1962.01 
440 1978.29 
441 1965.94 
442 1979.21 
443 1978.00 
444 1981.27 
445 1974.69 
446 1966.89 
447 1975.15 
448 1972.71 
449 1967.23 
450 1968.15 
451 1968.81 
452 1971.29 
453 1959.92 
454 1973.70 
455 1978.03 
456 1966.14 
457 1971.02 
458 1976.48 
459 1973.24 
460 1955.25 
461 1950.41 
462 1956.60 
463 1880.90 
464 1976.18 
465 1973.02 
466 1972.97 
467 1959.65 
468 1974.23 
469 1967.78 
470 1895.68 
471 1957.34 
472 1973.43 
473 1963.75 
474 1895.73 
475 1977.04 
476 1980.80 
477 1977.69 
478 1977.73 
479 1976.33 
480 1974.74 
481 1962.10 
482 1973.42 
483 1973.97 
484 1978.41 
485 1951.96 
486 1965.25 
487 1957.01 
488 1977.22 
489 1975.02 
490 1980.24 
491 1979.17 
492 1978.23 
493 1950.01 
494 1964.82 
495 1968.18 
496 1972.75 
497 1974.70 
498 1971.84 
499 1959.19 
500 1960.02 
501 1943.17 
502 1961.09 
503 1959.26 
504 1978.10 
505 1977.81 
506 1944.29 
507 1942.26 
508 1971.25 
509 1971.45 
510 1972.02 
511 1977.22 
512 1978.46 
513 1954.98 
514 1974.97 
515 1975.10 
516 1959.14 
517 1977.21 
518 1960.65 
519 1972.43 
520 1969.23 
521 1952.27 
522 1961.20 
523 1957.31 
524 1973.83 
525 1939.79 
526 1948.87 
527 1969.29 
528 1973.94 
529 1977.16 
530 1960.59 
531 1967.59 
532 1969.09 
533 1970.98 
534 1972.00 
535 1962.32 
536 1980.55 
537 1979.31 
538 1973.18 
539 1960.53 
540 1948.09 
541 1976.03 
542 1966.89 
543 1977.08 
544 1947.40 
545 1959.50 
546 1955.71 
547 1957.00 
548 1964.03 
549 1934.74 
550 1973.31 
551 1969.15 
552 1978.74 
553 1976.66 
554 1979.21 
555 1981.92 
556 1981.14 
557 1937.24 
558 1961.14 
559 1974.61 
560 1964.34 
561 1974.33 
562 1976.13 
563 1976.48 
564 1958.55 
565 1979.41 
566 1973.61 
567 1974.38 
568 1954.07 
569 1926.46 
570 1976.99 
571 1935.45 
572 1963.12 
573 1977.08 
574 1958.59 
575 1965.54 
576 1966.66 
577 1965.74 
578 1975.28 
579 1977.60 
580 1957.87 
581 1977.56 
582 1958.99 
583 1961.24 
584 1981.40 
585 1953.72 
586 1946.09 
587 1981.05 
588 1971.54 
589 1937.60 
590 1960.05 
591 1971.12 
592 1967.33 
593 1968.92 
594 1958.38 
595 1961.56 
596 1975.04 
597 1962.81 
598 1962.03 
599 1975.38 
600 1960.57 
601 1919.57 
602 1924.81 
603 1944.33 
604 1974.44 
605 1969.28 
606 1979.39 
607 1923.63 
608 1973.54 
609 1960.86 
610 1905.10 
611 1969.06 
612 1971.97 
613 1945.83 
614 1970.42 
615 1965.66 
616 1969.31 
617 1975.93 
618 1963.30 
619 1968.65 
620 1979.58 
621 1962.10 
622 1964.20 
623 1968.24 
624 1960.81 
625 1978.28 
626 1972.96 
627 1973.40 
628 1976.40 
629 1975.18 
630 1968.82 
631 1976.11 
632 1974.29 
633 1944.63 
634 1975.80 
635 1973.90 
636 1977.85 
637 1975.64 
638 1975.02 
639 1949.10 
640 1951.40 
641 1969.60 
642 1957.98 
643 1906.09 
644 1974.52 
645 1971.23 
646 1972.10 
647 1980.29 
648 1944.34 
649 1972.72 
650 1969.97 
651 1965.25 
652 1952.41 
653 1958.83 
654 1977.73 
655 1980.84 
656 1974.85 
657 1960.66 
658 1948.41 
659 1967.88 
660 1976.39 
661 1970.82 
662 1960.51 
663 1972.49 
664 1975.06 
665 1956.93 
666 1952.02 
667 1924.60 
668 1967.07 
669 1975.64 
670 1975.49 
671 1966.06 
672 1977.34 
673 1953.74 
674 1973.18 
675 1976.75 
676 1968.41 
677 1944.22 
678 1970.54 
679 1976.71 
680 1949.97 
681 1974.29 
682 1978.73 
683 1969.18 
684 1975.66 
685 1976.41 
686 1950.76 
687 1973.40 
688 1976.01 
689 1979.17 
690 1976.97 
691 1970.27 
692 1973.79 
693 1964.27 
694 1970.38 
695 1953.63 
696 1974.19 
697 1965.12 
698 1974.23 
699 1941.90 
700 1956.21 
701 1975.24 
702 1976.92 
703 1958.75 
704 1969.47 
705 1882.63 
706 1975.52 
707 1973.45 
708 1960.14 
709 1972.78 
710 1972.25 
711 1979.49 
712 1967.25 
713 1894.95 
714 1975.55 
715 1964.78 
716 1961.08 
717 1976.56 
718 1979.53 
719 1969.68 
720 1969.52 
721 1962.40 
722 1981.09 
723 1967.93 
724 1979.78 
725 1943.67 
726 1964.93 
727 1979.04 
728 1968.68 
729 1979.52 
730 1963.36 
731 1974.89 
732 1976.86 
733 1968.81 
734 1968.67 
735 1956.92 
736 1973.98 
737 1966.83 
738 1978.67 
739 1966.25 
740 1954.45 
741 1980.36 
742 1979.14 
743 1969.11 
744 1976.21 
745 1953.87 
746 1948.64 
747 1975.78 
748 1978.42 
749 1978.55 
750 1972.51 
751 1976.22 
752 1978.45 
753 1937.08 
754 1978.14 
755 1968.43 
756 1968.21 
757 1964.18 
758 1977.83 
759 1973.98 
760 1941.86 
761 1975.49 
762 1971.00 
763 1977.30 
764 1964.37 
765 1973.46 
766 1958.44 
767 1979.56 
768 1979.46 
769 1978.06 
770 1970.76 
771 1975.15 
772 1969.95 
773 1972.22 
774 1975.67 
775 1974.81 
776 1974.28 
777 1955.89 
778 1974.39 
779 1975.35 
780 1952.52 
781 1976.30 
782 1949.92 
783 1965.58 
784 1959.44 
785 1982.29 
786 1971.84 
787 1973.54 
788 1967.29 
789 1979.62 
790 1957.29 
791 1971.25 
792 1972.16 
793 1973.37 
794 1943.05 
795 1967.47 
796 1976.95 
797 1979.50 
798 1957.81 
799 1960.70 
800 1959.46 
801 1964.14 
802 1974.85 
803 1979.04 
804 1918.71 
805 1975.72 
806 1972.87 
807 1952.03 
808 1969.18 
809 1964.33 
810 1974.69 
811 1969.33 
812 1975.26 
813 1956.51 
814 1971.91 
815 1976.54 
816 1960.05 
817 1967.40 
818 1972.54 
819 1960.88 
820 1966.98 
821 1976.10 
822 1930.64 
823 1975.29 
824 1976.16 
825 1977.41 
826 1962.30 
827 1977.79 
828 1977.10 
829 1973.36 
830 1973.53 
831 1966.69 
832 1961.66 
833 1973.78 
834 1970.79 
835 1976.48 
836 1979.56 
837 1976.96 
838 1967.10 
839 1975.22 
840 1979.20 
841 1974.18 
842 1956.21 
843 1975.01 
844 1967.80 
845 1947.43 
846 1970.17 
847 1963.28 
848 1979.30 
849 1978.94 
850 1960.43 
851 1973.12 
852 1973.86 
853 1976.34 
854 1966.01 
855 1972.22 
856 1969.46 
857 1968.65 
858 1954.78 
859 1940.55 
860 1973.00 
861 1971.79 
862 1960.82 
863 1935.81 
864 1977.61 
865 1972.45 
866 1972.31 
867 1936.75 
868 1968.59 
869 1950.42 
870 1980.38 
871 1974.77 
872 1968.59 
873 1951.27 
874 1976.40 
875 1975.76 
876 1965.85 
877 1969.99 
878 1972.44 
879 1960.26 
880 1963.55 
881 1947.74 
882 1973.98 
883 1979.49 
884 1973.63 
885 1974.24 
886 1972.15 
887 1965.45 
888 1977.28 
889 1976.72 
890 1978.12 
891 1959.33 
892 1976.20 
893 1955.13 
894 1950.43 
895 1969.48 
896 1963.66 
897 1969.81 
898 1971.08 
899 1921.66 
900 1975.75 
901 1952.01 
902 1974.78 
903 1974.13 
904 1952.33 
905 1977.36 
906 1959.58 
907 1975.20 
908 1977.53 
909 1957.14 
910 1979.79 
911 1959.41 
912 1978.65 
913 1970.16 
914 1973.26 
915 1970.99 
916 1978.87 
917 1958.36 
918 1978.11 
919 1971.00 
920 1958.48 
921 1974.40 
922 1964.15 
923 1975.92 
924 1964.80 
925 1960.82 
926 1941.63 
927 1974.23 
928 1979.57 
929 1973.53 
930 1976.47 
931 1946.83 
932 1980.61 
933 1977.81 
934 1971.64 
935 1971.14 
936 1973.53 
937 1959.40 
938 1962.10 
939 1962.87 
940 1977.89 
941 1974.37 
942 1972.56 
943 1964.69 
944 1959.07 
945 1965.53 
946 1964.54 
947 1977.13 
948 1946.83 
949 1974.10 
950 1973.99 
951 1972.31 
952 1957.29 
953 1977.33 
954 1978.68 
955 1930.28 
956 1970.31 
957 1978.85 
958 1914.32 
959 1955.61 
960 1967.46 
961 1980.44 
962 1961.48 
963 1967.09 
964 1972.35 
965 1970.92 
966 1959.93 
967 1956.19 
968 1977.65 
969 1957.91 
970 1976.30 
971 1975.65 
972 1968.04 
973 1958.91 
974 1966.16 
975 1973.14 
976 1973.59 
977 1955.71 
978 1968.65 
979 1975.88 
980 1978.23 
981 1973.24 
982 1976.56 
983 1976.38 
984 1970.86 
985 1962.73 
986 1974.05 
987 1977.24 
988 1969.66 
989 1979.16 
990 1962.35 
991 1974.96 
992 1972.68 
993 1972.53 
994 1969.59 
995 1950.47 
996 1977.90 
997 1963.55 
998 1974.20 
999 1971.98 
1000 1975.08 
1001 1970.33 
1002 1976.42 
1003 1981.63 
1004 1974.55 
1005 1963.27 
1006 1971.73 
1007 1976.42 
1008 1971.11 
1009 1969.84 
1010 1977.41 
1011 1943.34 
1012 1974.61 
1013 1972.52 
1014 1962.24 
1015 1972.70 
1016 1961.56 
1017 1978.79 
1018 1958.49 
1019 1974.95 
1020 1961.26 
1021 1980.18 
1022 1930.47 
1023 1968.35 
1024 1945.98 
1025 1980.23 
1026 1978.65 
1027 1950.39 
1028 1977.99 
1029 1940.15 
1030 1979.13 
1031 1968.02 
1032 1976.82 
1033 1974.06 
1034 1971.94 
1035 1972.70 
1036 1961.04 
1037 1960.39 
1038 1975.92 
1039 1982.38 
1040 1952.26 
1041 1974.67 
1042 1974.21 
1043 1971.05 
1044 1977.99 
1045 1956.15 
1046 1963.14 
1047 1968.67 
1048 1978.26 
1049 1974.17 
1050 1975.14 
1051 1972.97 
1052 1979.52 
1053 1972.67 
1054 1970.40 
1055 1969.84 
1056 1978.93 
1057 1975.78 
1058 1977.50 
1059 1948.92 
1060 1969.58 
1061 1967.95 
1062 1976.18 
1063 1972.15 
1064 1962.82 
1065 1979.15 
1066 1960.84 
1067 1965.50 
1068 1943.40 
1069 1971.70 
1070 1975.21 
1071 1970.89 
1072 1964.69 
1073 1963.69 
1074 1958.83 
1075 1966.60 
1076 1966.62 
1077 1959.67 
1078 1981.09 
1079 1963.49 
1080 1977.70 
1081 1973.82 
1082 1972.46 
1083 1976.58 
1084 1974.32 
1085 1971.57 
1086 1973.87 
1087 1978.36 
1088 1951.39 
1089 1959.73 
1090 1969.03 
1091 1957.29 
1092 1932.23 
1093 1979.45 
1094 1982.68 
1095 1965.37 
1096 1973.01 
1097 1978.27 
1098 1963.13 
1099 1971.06 
1100 1972.82 
1101 1948.04 
1102 1980.10 
1103 1962.39 
1104 1967.33 
1105 1966.08 
1106 1975.77 
1107 1980.42 
1108 1972.12 
1109 1963.82 
1110 1961.95 
1111 1970.63 
1112 1968.15 
1113 1977.08 
1114 1970.47 
1115 1972.19 
1116 1974.82 
1117 1959.14 
1118 1954.55 
1119 1977.14 
1120 1918.28 
1121 1956.96 
1122 1972.87 
1123 1967.93 
1124 1966.98 
1125 1972.31 
1126 1973.66 
1127 1954.09 
1128 1976.52 
1129 1952.57 
1130 1978.09 
1131 1972.83 
1132 1958.06 
1133 1950.91 
1134 1979.99 
1135 1971.92 
1136 1974.84 
1137 1977.62 
1138 1974.94 
1139 1952.23 
1140 1978.41 
1141 1969.42 
1142 1977.41 
1143 1975.79 
1144 1968.25 
1145 1976.07 
1146 1976.10 
1147 1964.12 
1148 1968.98 
1149 1975.22 
1150 1948.92 
1151 1975.42 
1152 1959.43 
1153 1977.37 
1154 1977.54 
1155 1963.83 
1156 1974.59 
1157 1964.14 
1158 1978.43 
1159 1976.13 
1160 1974.60 
1161 1973.97 
1162 1976.77 
1163 1975.79 
1164 1957.66 
1165 1978.72 
1166 1967.62 
1167 1966.47 
1168 1976.23 
1169 1963.23 
1170 1963.33 
1171 1942.43 
1172 1970.74 
1173 1964.88 
1174 1956.27 
1175 1976.17 
1176 1973.43 
1177 1982.37 
1178 1971.19 
1179 1942.67 
1180 1976.76 
1181 1961.36 
1182 1976.50 
1183 1969.95 
1184 1955.42 
1185 1967.80 
1186 1965.75 
1187 1920.74 
1188 1962.61 
1189 1968.26 
1190 1976.76 
1191 1959.12 
1192 1970.05 
1193 1976.17 
1194 1931.57 
1195 1976.94 
1196 1960.86 
1197 1979.77 
1198 1960.11 
1199 1974.79 
1200 1954.59 
1201 1975.15 
1202 1973.13 
1203 1977.76 
1204 1964.91 
1205 1964.17 
1206 1974.83 
1207 1960.18 
1208 1960.22 
1209 1971.44 
1210 1979.06 
1211 1966.04 
1212 1959.24 
1213 1977.78 
1214 1968.37 
1215 1978.76 
1216 1972.58 
1217 1959.42 
1218 1976.82 
1219 1958.38 
1220 1975.95 
1221 1958.67 
1222 1967.43 
1223 1976.25 
1224 1975.70 
1225 1978.84 
1226 1980.96 
1227 1969.92 
1228 1959.65 
1229 1967.88 
1230 1976.40 
1231 1968.70 
1232 1978.38 
1233 1960.98 
1234 1973.48 
1235 1979.23 
1236 1965.71 
1237 1979.22 
1238 1962.12 
1239 1978.12 
1240 1967.77 
1241 1977.46 
1242 1957.98 
1243 1967.35 
1244 1973.63 
1245 1967.69 
1246 1974.89 
1247 1979.24 
1248 1958.90 
1249 1958.75 
1250 1976.53 
1251 1958.70 
1252 1974.93 
1253 1975.73 
1254 1974.19 
1255 1961.23 
1256 1959.24 
1257 1975.36 
1258 1950.25 
1259 1956.70 
1260 1969.61 
1261 1969.03 
1262 1973.91 
1263 1979.28 
1264 1977.13 
1265 1963.79 
1266 1965.63 
1267 1971.24 
1268 1962.14 
1269 1970.93 
1270 1979.30 
1271 1975.31 
1272 1964.57 
1273 1978.55 
1274 1944.23 
1275 1974.98 
1276 1960.10 
1277 1978.60 
1278 1977.43 
1279 1976.91 
1280 1976.02 
1281 1971.42 
1282 1961.94 
1283 1970.90 
1284 1966.10 
1285 1979.50 
1286 1948.32 
1287 1964.18 
1288 1934.17 
1289 1950.36 
1290 1975.53 
1291 1950.85 
1292 1971.28 
1293 1965.98 
1294 1970.07 
1295 1973.56 
1296 1973.54 
1297 1928.80 
1298 1977.02 
1299 1970.45 
1300 1963.72 
1301 1980.84 
1302 1980.94 
1303 1973.64 
1304 1978.14 
1305 1978.65 
1306 1963.42 
1307 1976.67 
1308 1952.88 
1309 1975.30 
1310 1960.51 
1311 1966.74 
1312 1974.43 
1313 1953.20 
1314 1928.04 
1315 1974.55 
1316 1966.31 
1317 1972.26 
1318 1926.94 
1319 1979.19 
1320 1957.28 
1321 1955.44 
1322 1958.18 
1323 1965.55 
1324 1967.59 
1325 1978.79 
1326 1967.99 
1327 1972.62 
1328 1927.16 
1329 1974.64 
1330 1960.87 
1331 1974.04 
1332 1968.75 
1333 1979.73 
1334 1943.76 
1335 1963.73 
1336 1973.93 
1337 1968.92 
1338 1972.47 
1339 1970.75 
1340 1919.89 
1341 1969.01 
1342 1945.40 
1343 1921.27 
1344 1963.24 
1345 1964.54 
1346 1973.66 
1347 1973.83 
1348 1973.99 
1349 1955.44 
1350 1979.19 
1351 1971.34 
1352 1952.17 
1353 1978.75 
1354 1977.51 
1355 1978.41 
1356 1969.88 
1357 1975.32 
1358 1961.96 
1359 1957.63 
1360 1972.29 
1361 1967.34 
1362 1979.11 
1363 1969.63 
1364 1958.84 
1365 1978.16 
1366 1974.98 
1367 1956.19 
1368 1972.63 
1369 1977.34 
1370 1978.04 
1371 1963.95 
1372 1969.24 
1373 1973.83 
1374 1969.48 
1375 1968.61 
1376 1977.82 
1377 1974.50 
1378 1968.13 
1379 1968.23 
1380 1964.17 
1381 1960.53 
1382 1941.60 
1383 1976.50 
1384 1946.92 
1385 1975.48 
1386 1976.98 
1387 1978.01 
1388 1961.80 
1389 1976.02 
1390 1962.67 
1391 1960.35 
1392 1957.00 
1393 1975.51 
1394 1978.62 
1395 1960.26 
1396 1976.46 
1397 1976.94 
1398 1954.75 
1399 1974.43 
1400 1976.78 
1401 1974.27 
1402 1949.93 
1403 1962.09 
1404 1950.50 
1405 1978.54 
1406 1976.11 
1407 1959.99 
1408 1965.04 
1409 1960.99 
1410 1952.97 
1411 1973.49 
1412 1972.42 
1413 1979.52 
1414 1944.45 
1415 1972.08 
1416 1956.63 
1417 1977.21 
1418 1968.90 
1419 1951.10 
1420 1967.00 
1421 1962.74 
1422 1974.99 
1423 1961.46 
1424 1969.13 
1425 1957.31 
1426 1974.65 
1427 1970.44 
1428 1957.94 
1429 1976.34 
1430 1976.25 
1431 1976.08 
1432 1973.09 
1433 1977.58 
1434 1939.55 
1435 1968.46 
1436 1969.01 
1437 1974.03 
1438 1969.17 
1439 1972.05 
1440 1968.54 
1441 1977.19 
1442 1967.49 
1443 1979.39 
1444 1973.43 
1445 1964.29 
1446 1975.61 
1447 1970.27 
1448 1974.67 
1449 1973.73 
1450 1972.21 
1451 1967.72 
1452 1937.75 
1453 1974.54 
1454 1963.17 
1455 1977.97 
1456 1970.32 
1457 1967.82 
1458 1962.70 
1459 1976.17 
1460 1972.11 
1461 1965.50 
1462 1970.54 
1463 1975.47 
1464 1968.64 
1465 1956.36 
1466 1967.99 
1467 1975.38 
1468 1974.88 
1469 1972.58 
1470 1951.50 
1471 1977.98 
1472 1975.96 
1473 1971.27 
1474 1959.86 
1475 1980.97 
1476 1958.75 
1477 1952.11 
1478 1947.60 
1479 1975.78 
1480 1953.62 
1481 1943.30 
1482 1959.33 
1483 1976.69 
1484 1969.21 
1485 1969.80 
1486 1977.85 
1487 1978.22 
1488 1974.12 
1489 1975.63 
1490 1972.32 
1491 1943.17 
1492 1973.34 
1493 1943.33 
1494 1964.06 
1495 1960.06 
1496 1977.02 
1497 1977.44 
1498 1980.31 
1499 1979.05 
1500 1976.29 
1501 1977.20 
1502 1920.03 
1503 1978.13 
1504 1938.61 
1505 1935.20 
1506 1974.55 
1507 1979.27 
1508 1974.18 
1509 1978.53 
1510 1936.55 
1511 1968.41 
1512 1963.40 
1513 1973.48 
1514 1963.18 
1515 1962.21 
1516 1962.25 
1517 1954.73 
1518 1978.82 
1519 1969.77 
1520 1966.27 
1521 1967.88 
1522 1978.50 
1523 1958.66 
1524 1960.89 
1525 1973.26 
1526 1974.81 
1527 1965.19 
1528 1967.74 
1529 1956.11 
1530 1966.74 
1531 1970.57 
1532 1969.15 
1533 1972.18 
1534 1975.60 
1535 1949.64 
1536 1972.05 
1537 1960.52 
1538 1978.17 
1539 1915.83 
1540 1955.38 
1541 1974.29 
1542 1965.86 
1543 1974.19 
1544 1945.98 
1545 1957.74 
1546 1975.67 
1547 1981.50 
1548 1964.81 
1549 1958.51 
1550 1978.77 
1551 1973.24 
1552 1980.70 
1553 1966.71 
1554 1979.61 
1555 1976.71 
1556 1974.49 
1557 1973.18 
1558 1972.16 
1559 1971.67 
1560 1979.09 
1561 1976.40 
1562 1957.52 
1563 1965.02 
1564 1973.05 
1565 1958.78 
1566 1947.19 
1567 1979.52 
1568 1971.02 
1569 1962.64 
1570 1978.57 
1571 1957.36 
1572 1944.44 
1573 1966.18 
1574 1973.01 
1575 1973.68 
1576 1980.06 
1577 1971.49 
1578 1977.86 
1579 1975.98 
1580 1974.38 
1581 1958.39 
1582 1978.92 
1583 1976.05 
1584 1973.62 
1585 1978.56 
1586 1970.32 
1587 1975.65 
1588 1972.22 
1589 1966.18 
1590 1969.20 
1591 1947.91 
1592 1976.05 
1593 1964.12 
1594 1879.41 
1595 1973.14 
1596 1972.58 
1597 1975.54 
1598 1974.71 
1599 1977.00 
1600 1957.49 
1601 1980.05 
1602 1935.53 
1603 1971.41 
1604 1977.79 
1605 1977.36 
1606 1970.47 
1607 1980.67 
1608 1975.70 
1609 1952.11 
1610 1975.56 
1611 1967.98 
1612 1976.56 
1613 1955.19 
1614 1978.12 
1615 1972.33 
1616 1959.90 
1617 1959.00 
1618 1970.32 
1619 1975.49 
1620 1977.09 
1621 1974.79 
1622 1970.94 
1623 1965.66 
1624 1976.14 
1625 1950.74 
1626 1976.78 
1627 1967.32 
1628 1958.07 
1629 1974.22 
1630 1955.90 
1631 1978.07 
1632 1949.98 
1633 1978.20 
1634 1981.45 
1635 1976.39 
1636 1979.62 
1637 1974.32 
1638 1970.48 
1639 1970.75 
1640 1964.62 
1641 1975.65 
1642 1958.85 
1643 1971.46 
1644 1957.33 
1645 1975.80 
1646 1972.89 
1647 1965.32 
1648 1959.02 
1649 1960.56 
1650 1973.10 
1651 1975.35 
1652 1978.13 
1653 1967.59 
1654 1973.86 
1655 1965.93 
1656 1974.10 
1657 1964.58 
1658 1970.45 
1659 1971.39 
1660 1950.82 
1661 1950.80 
1662 1972.93 
1663 1961.07 
1664 1963.62 
1665 1968.13 
1666 1975.66 
1667 1953.96 
1668 1975.87 
1669 1951.76 
1670 1944.61 
1671 1978.87 
1672 1958.50 
1673 1956.11 
1674 1972.76 
1675 1975.37 
1676 1965.58 
1677 1966.32 
1678 1968.28 
1679 1970.10 
1680 1971.14 
1681 1972.72 
1682 1960.90 
1683 1975.06 
1684 1966.64 
1685 1969.64 
1686 1980.52 
1687 1979.30 
1688 1971.81 
1689 1976.14 
1690 1966.91 
1691 1969.71 
1692 1964.50 
1693 1972.23 
1694 1979.75 
1695 1978.74 
1696 1958.55 
1697 1965.56 
1698 1978.77 
1699 1973.12 
1700 1972.50 
1701 1935.27 
1702 1955.18 
1703 1973.48 
1704 1972.38 
1705 1968.27 
1706 1979.42 
1707 1932.38 
1708 1974.25 
1709 1923.29 
1710 1978.69 
1711 1975.01 
1712 1929.00 
1713 1969.33 
1714 1974.89 
1715 1978.22 
1716 1977.00 
1717 1940.84 
1718 1962.64 
1719 1974.82 
1720 1972.68 
1721 1960.09 
1722 1967.41 
1723 1961.65 
1724 1975.44 
1725 1970.75 
1726 1977.43 
1727 1976.35 
1728 1970.43 
1729 1976.28 
1730 1976.01 
1731 1978.66 
1732 1959.22 
1733 1959.48 
1734 1982.54 
1735 1972.21 
1736 1979.13 
1737 1927.05 
1738 1955.19 
1739 1964.39 
1740 1974.96 
1741 1958.43 
1742 1975.63 
1743 1975.37 
1744 1977.69 
1745 1971.75 
1746 1960.68 
1747 1970.08 
1748 1965.94 
1749 1976.33 
1750 1974.51 
1751 1976.35 
1752 1965.88 
1753 1977.71 
1754 1962.27 
1755 1973.21 
1756 1960.38 
1757 1969.20 
1758 1959.72 
1759 1967.57 
1760 1976.40 
1761 1961.30 
1762 1964.91 
1763 1962.02 
1764 1978.90 
1765 1967.45 
1766 1965.28 
1767 1965.46 
1768 1952.94 
1769 1978.82 
1770 1975.55 
1771 1976.63 
1772 1936.56 
1773 1930.09 
1774 1950.58 
1775 1964.65 
1776 1963.49 
1777 1945.32 
1778 1917.89 
1779 1973.24 
1780 1964.13 
1781 1951.74 
1782 1966.89 
1783 1962.29 
1784 1964.08 
1785 1925.14 
1786 1957.13 
1787 1975.56 
1788 1960.56 
1789 1906.88 
1790 1974.71 
1791 1940.94 
1792 1972.19 
1793 1959.56 
1794 1966.60 
1795 1961.01 
1796 1955.99 
1797 1960.04 
1798 1976.61 
1799 1939.05 
1800 1974.32 
1801 1973.70 
1802 1969.47 
1803 1968.36 
1804 1953.74 
1805 1981.54 
1806 1976.07 
1807 1959.48 
1808 1959.84 
1809 1975.90 
1810 1980.93 
1811 1979.08 
1812 1977.23 
1813 1927.07 
1814 1974.87 
1815 1971.13 
1816 1974.83 
1817 1968.14 
1818 1980.93 
1819 1965.94 
1820 1980.05 
1821 1971.81 
1822 1971.55 
1823 1967.83 
1824 1975.84 
1825 1975.39 
1826 1967.47 
1827 1973.11 
1828 1983.05 
1829 1955.24 
1830 1975.06 
1831 1971.71 
1832 1964.72 
1833 1979.68 
1834 1974.38 
1835 1972.15 
1836 1962.34 
1837 1976.63 
1838 1972.47 
1839 1966.75 
1840 1967.66 
1841 1976.69 
1842 1969.12 
1843 1975.14 
1844 1963.42 
1845 1952.07 
1846 1972.85 
1847 1974.50 
1848 1968.15 
1849 1964.06 
1850 1963.07 
1851 1976.99 
1852 1977.79 
1853 1966.08 
1854 1974.35 
1855 1952.64 
1856 1965.90 
1857 1958.80 
1858 1953.31 
1859 1963.02 
1860 1970.52 
1861 1977.41 
1862 1959.21 
1863 1975.12 
1864 1980.47 
1865 1976.12 
1866 1978.68 
1867 1949.68 
1868 1978.39 
1869 1961.50 
1870 1968.65 
1871 1964.82 
1872 1977.68 
1873 1980.74 
1874 1978.67 
1875 1976.41 
1876 1945.00 
1877 1966.62 
1878 1960.21 
1879 1973.92 
1880 1970.98 
1881 1942.08 
1882 1960.74 
1883 1979.30 
1884 1972.30 
1885 1965.69 
1886 1966.84 
1887 1959.93 
1888 1979.63 
1889 1977.92 
1890 1961.53 
1891 1965.25 
1892 1966.23 
1893 1980.02 
1894 1962.68 
1895 1977.27 
1896 1977.13 
1897 1953.61 
1898 1970.35 
1899 1974.41 
1900 1979.22 
1901 1975.60 
1902 1978.93 
1903 1973.56 
1904 1958.43 
1905 1970.76 
1906 1970.90 
1907 1981.50 
1908 1973.67 
1909 1972.36 
1910 1956.28 
1911 1964.80 
1912 1973.38 
1913 1965.45 
1914 1969.42 
1915 1980.05 
1916 1971.00 
1917 1974.56 
1918 1957.91 
1919 1967.06 
1920 1972.31 
1921 1975.24 
1922 1957.38 
1923 1976.46 
1924 1945.31 
1925 1969.04 
1926 1971.38 
1927 1974.51 
1928 1960.90 
1929 1975.25 
1930 1965.10 
1931 1940.44 
1932 1965.54 
1933 1975.41 
1934 1969.11 
1935 1976.63 
1936 1974.62 
1937 1962.31 
1938 1979.95 
1939 1973.98 
1940 1977.42 
1941 1972.17 
1942 1974.07 
1943 1973.28 
1944 1976.88 
1945 1964.06 
1946 1977.58 
1947 1969.25 
1948 1974.51 
1949 1979.01 
1950 1961.12 
1951 1940.30 
1952 1978.53 
1953 1978.62 
1954 1960.37 
1955 1968.48 
1956 1978.37 
1957 1962.49 
1958 1915.55 
1959 1972.30 
1960 1973.78 
1961 1975.99 
1962 1970.05 
1963 1978.45 
1964 1981.35 
1965 1936.14 
1966 1962.70 
1967 1962.09 
1968 1979.46 
1969 1931.05 
1970 1970.69 
1971 1951.68 
1972 1946.36 
1973 1957.25 
1974 1971.74 
1975 1964.78 
1976 1966.51 
1977 1980.76 
1978 1976.30 
1979 1977.24 
1980 1956.55 
1981 1980.24 
1982 1960.94 
1983 1965.08 
1984 1954.32 
1985 1967.66 
1986 1980.18 
1987 1966.03 
1988 1978.30 
1989 1971.13 
1990 1958.95 
1991 1975.86 
1992 1953.13 
1993 1977.23 
1994 1975.88 
1995 1971.76 
1996 1976.90 
1997 1957.81 
1998 1938.17 
1999 1956.70 
2000 1981.90 
2001 1977.67 
2002 1978.90 
2003 1971.12 
2004 1973.71 
2005 1971.12 
2006 1974.70 
2007 1965.80 
2008 1966.57 
2009 1974.36 
2010 1965.12 
2011 1978.47 
2012 1972.47 
2013 1973.12 
2014 1970.98 
2015 1953.77 
2016 1977.06 
2017 1962.80 
2018 1963.04 
2019 1978.00 
2020 1970.42 
2021 1958.14 
2022 1977.52 
2023 1950.25 
2024 1940.78 
2025 1968.43 
2026 1971.06 
2027 1965.44 
2028 1976.07 
2029 1961.22 
2030 1968.95 
2031 1962.44 
2032 1981.63 
2033 1975.79 
2034 1961.57 
2035 1976.51 
2036 1948.71 
2037 1963.08 
2038 1980.16 
2039 1970.09 
2040 1929.68 
2041 1977.52 
2042 1977.46 
2043 1963.73 
2044 1976.98 
2045 1952.01 
2046 1981.06 
2047 1977.41 
2048 1971.23 
2049 1976.07 
2050 1973.39 
2051 1967.15 
2052 1973.80 
2053 1969.28 
2054 1957.76 
2055 1963.67 
2056 1974.75 
2057 1972.38 
2058 1976.86 
2059 1959.40 
2060 1966.84 
2061 1971.93 
2062 1965.81 
2063 1971.58 
2064 1969.34 
2065 1972.22 
2066 1981.45 
2067 1978.59 
2068 1973.47 
2069 1950.03 
2070 1961.77 
2071 1967.78 
2072 1967.16 
2073 1974.48 
2074 1967.09 
2075 1973.89 
2076 1977.29 
2077 1973.76 
2078 1976.40 
2079 1961.86 
2080 1936.32 
2081 1968.20 
2082 1979.53 
2083 1905.47 
2084 1965.10 
2085 1956.44 
2086 1961.17 
2087 1967.72 
2088 1965.81 
2089 1949.86 
2090 1943.91 
2091 1976.21 
2092 1970.54 
2093 1976.87 
2094 1965.04 
2095 1973.93 
2096 1973.00 
2097 1974.98 
2098 1948.54 
2099 1930.24 
2100 1958.41 
2101 1977.44 
2102 1922.37 
2103 1958.34 
2104 1960.71 
2105 1971.71 
2106 1970.03 
2107 1962.43 
2108 1970.86 
2109 1965.00 
2110 1971.58 
2111 1977.94 
2112 1958.52 
2113 1968.40 
2114 1980.43 
2115 1963.71 
2116 1977.61 
2117 1964.88 
2118 1961.02 
2119 1962.65 
2120 1971.78 
2121 1977.20 
2122 1964.12 
2123 1970.67 
2124 1975.54 
2125 1932.26 
2126 1978.13 
2127 1953.18 
2128 1968.65 
2129 1979.21 
2130 1969.98 
2131 1971.20 
2132 1976.52 
2133 1963.21 
2134 1969.25 
2135 1967.39 
2136 1975.90 
2137 1972.49 
2138 1976.06 
2139 1962.95 
2140 1970.35 
2141 1962.13 
2142 1949.51 
2143 1974.28 
2144 1980.35 
2145 1972.68 
2146 1974.14 
2147 1976.90 
2148 1964.22 
2149 1962.75 
2150 1979.39 
2151 1958.64 
2152 1978.05 
2153 1978.91 
2154 1940.26 
2155 1974.44 
2156 1962.22 
2157 1971.56 
2158 1975.55 
2159 1964.54 
2160 1966.18 
2161 1961.55 
2162 1968.60 
2163 1973.07 
2164 1976.17 
2165 1962.94 
2166 1972.00 
2167 1958.55 
2168 1958.73 
2169 1959.25 
2170 1973.47 
2171 1977.29 
2172 1936.41 
2173 1964.05 
2174 1976.60 
2175 1972.64 
2176 1972.85 
2177 1968.51 
2178 1972.60 
2179 1966.49 
2180 1960.99 
2181 1973.04 
2182 1980.17 
2183 1978.26 
2184 1972.34 
2185 1975.07 
2186 1978.67 
2187 1977.65 
2188 1976.92 
2189 1975.90 
2190 1950.93 
2191 1962.36 
2192 1979.30 
2193 1967.57 
2194 1976.04 
2195 1978.38 
2196 1976.03 
2197 1974.67 
2198 1970.14 
2199 1978.91 
2200 1955.04 
2201 1970.47 
2202 1960.68 
2203 1944.64 
2204 1963.22 
2205 1975.21 
2206 1974.96 
2207 1970.05 
2208 1961.51 
2209 1975.25 
2210 1960.19 
2211 1979.04 
2212 1977.50 
2213 1973.46 
2214 1953.34 
2215 1943.43 
2216 1959.25 
2217 1963.57 
2218 1977.87 
2219 1947.90 
2220 1974.34 
2221 1976.72 
2222 1964.24 
2223 1974.09 
2224 1974.02 
2225 1962.83 
2226 1970.84 
2227 1977.79 
2228 1975.47 
2229 1980.23 
2230 1960.65 
2231 1960.62 
2232 1976.71 
2233 1972.69 
2234 1937.06 
2235 1973.77 
2236 1979.81 
2237 1944.11 
2238 1978.04 
2239 1932.95 
2240 1964.87 
2241 1944.88 
2242 1972.99 
2243 1948.46 
2244 1966.36 
2245 1973.44 
2246 1976.96 
2247 1941.11 
2248 1960.01 
2249 1961.89 
2250 1964.49 
2251 1974.06 
2252 1969.54 
2253 1976.00 
2254 1967.10 
2255 1972.03 
2256 1972.74 
2257 1971.31 
2258 1950.05 
2259 1979.60 
2260 1980.92 
2261 1970.80 
2262 1979.21 
2263 1961.22 
2264 1977.28 
2265 1959.81 
2266 1974.56 
2267 1974.43 
2268 1918.14 
2269 1977.59 
2270 1975.17 
2271 1967.28 
2272 1981.64 
2273 1964.00 
2274 1962.45 
2275 1971.95 
2276 1952.32 
2277 1956.45 
2278 1966.29 
2279 1960.99 
2280 1960.34 
2281 1980.97 
2282 1971.79 
2283 1980.84 
2284 1960.16 
2285 1952.11 
2286 1974.79 
2287 1961.26 
2288 1924.20 
2289 1959.29 
2290 1957.71 
2291 1974.32 
2292 1907.78 
2293 1977.24 
2294 1964.36 
2295 1977.56 
2296 1974.27 
2297 1946.32 
2298 1973.84 
2299 1963.29 
2300 1967.58 
2301 1955.46 
2302 1974.25 
2303 1961.51 
2304 1965.63 
2305 1975.63 
2306 1958.11 
2307 1961.88 
2308 1973.42 
2309 1977.45 
2310 1951.68 
2311 1943.62 
2312 1969.48 
2313 1952.13 
2314 1963.46 
2315 1978.52 
2316 1979.18 
2317 1934.15 
2318 1966.05 
2319 1942.70 
2320 1957.96 
2321 1974.44 
2322 1975.30 
2323 1965.50 
2324 1976.92 
2325 1961.81 
2326 1971.40 
2327 1962.32 
2328 1975.02 
2329 1967.70 
2330 1974.70 
2331 1977.05 
2332 1974.25 
2333 1967.44 
2334 1962.80 
2335 1979.12 
2336 1975.44 
2337 1979.74 
2338 1973.95 
2339 1974.60 
2340 1976.10 
2341 1958.30 
2342 1973.73 
2343 1954.22 
2344 1961.35 
2345 1964.54 
2346 1966.41 
2347 1973.54 
2348 1955.35 
2349 1979.51 
2350 1923.82 
2351 1973.77 
2352 1975.61 
2353 1970.02 
2354 1961.32 
2355 1972.61 
2356 1973.81 
2357 1979.13 
2358 1970.53 
2359 1974.85 
2360 1974.95 
2361 1973.89 
2362 1979.73 
2363 1962.86 
2364 1971.68 
2365 1978.95 
2366 1968.74 
2367 1956.56 
2368 1957.32 
2369 1966.28 
2370 1952.45 
2371 1959.76 
2372 1960.41 
2373 1972.57 
2374 1976.10 
2375 1971.34 
2376 1975.86 
2377 1964.45 
2378 1975.08 
2379 1978.55 
2380 1975.30 
2381 1962.71 
2382 1977.14 
2383 1964.21 
2384 1978.76 
