0 -665.57 
1 -491.95 
2 -400.48 
3 -406.48 
4 -30.27 
5 -354.54 
6 -77.31 
7 -160.10 
8 -247.93 
9 -65.25 
10 -50.31 
11 -15.05 
12 -21.98 
13 -91.55 
14 -119.37 
15 -33.91 
16 18.51 
17 -75.43 
18 -55.85 
19 -189.36 
20 -37.00 
21 7.32 
22 -52.86 
23 -26.43 
24 -45.31 
25 -33.54 
26 -256.66 
27 -61.60 
28 -136.51 
29 -118.41 
30 -63.14 
31 -97.29 
32 -27.48 
33 -114.14 
34 -198.10 
35 3.54 
36 -62.04 
37 -23.17 
38 -84.08 
39 -11.35 
40 -99.21 
41 -23.21 
42 1.09 
43 -12.46 
44 -23.45 
45 14.41 
46 -17.57 
47 4.46 
48 -45.82 
49 -2.33 
50 -25.84 
51 14.46 
52 -3.48 
53 28.66 
54 -24.40 
55 -18.03 
56 5.58 
57 -43.69 
58 19.95 
59 -82.35 
60 -6.15 
61 -62.34 
62 5.79 
63 -42.49 
64 -2.02 
65 -40.58 
66 -22.53 
67 -36.10 
68 12.37 
69 8.29 
70 -1.63 
71 -3.02 
72 -9.30 
73 -47.76 
74 -30.61 
75 -19.24 
76 -16.46 
77 -91.21 
78 -19.86 
79 -26.42 
80 -20.93 
81 -39.02 
82 -21.03 
83 -46.22 
84 -5.42 
85 -16.30 
86 -31.87 
87 -26.60 
88 -1.02 
89 -16.50 
90 -4.30 
91 -14.45 
92 -51.03 
93 -48.64 
94 -55.32 
95 1.42 
96 -10.91 
97 2.00 
98 -38.52 
99 -30.19 
100 6.26 
101 -28.84 
102 31.95 
103 7.77 
104 -76.94 
105 -27.77 
106 -116.69 
107 3.86 
108 -77.04 
109 -28.98 
110 -80.24 
111 -46.54 
112 -0.24 
113 -56.38 
114 -42.17 
115 19.68 
116 -38.78 
117 20.67 
118 -15.41 
119 -22.57 
120 -11.20 
121 0.93 
122 7.80 
123 -29.23 
124 -34.50 
125 -32.16 
126 -47.75 
127 -26.58 
128 -41.49 
129 -15.62 
130 -21.40 
131 -20.03 
132 -9.18 
133 -41.99 
134 6.35 
135 -5.69 
136 -2.35 
137 -15.11 
138 -42.88 
139 -61.05 
140 -59.60 
141 -6.40 
142 -39.21 
143 -50.84 
144 -22.73 
145 15.78 
146 13.52 
147 12.82 
148 -9.64 
149 44.48 
150 -28.17 
151 11.30 
152 -7.50 
153 -12.43 
154 -63.35 
155 -36.09 
156 -43.10 
157 21.48 
158 8.80 
159 -18.93 
160 -54.35 
161 7.74 
162 -24.13 
163 -29.08 
164 3.46 
165 -8.95 
166 -13.10 
167 -43.46 
168 -17.18 
169 -10.60 
170 2.99 
171 55.62 
172 -31.82 
173 3.72 
174 -15.31 
175 -21.01 
176 10.60 
177 -5.59 
178 20.51 
179 -37.72 
180 28.89 
181 30.27 
182 -19.08 
183 -25.21 
184 2.30 
185 10.05 
186 -7.53 
187 -40.39 
188 -17.57 
189 -13.66 
190 -4.95 
191 -48.59 
192 12.65 
193 12.19 
194 -24.15 
195 -46.05 
196 18.74 
197 0.03 
198 1.00 
199 -28.87 
200 7.14 
201 10.88 
202 23.82 
203 -20.49 
204 0.64 
205 -3.73 
206 54.02 
207 -1.24 
208 -26.31 
209 -23.66 
210 -11.74 
211 -5.89 
212 -19.79 
213 -1.38 
214 -7.50 
215 -1.40 
216 -22.62 
217 -23.27 
218 5.53 
219 -17.20 
220 -31.89 
221 35.13 
222 19.79 
223 -13.20 
224 12.62 
225 15.24 
226 -17.96 
227 7.08 
228 16.15 
229 -16.07 
230 -37.46 
231 -23.50 
232 9.50 
233 -38.97 
234 -1.57 
235 -14.25 
236 8.61 
237 -18.01 
238 0.97 
239 -0.49 
240 -39.48 
241 -29.64 
242 11.28 
243 -2.32 
244 -34.39 
245 -1.05 
246 -1.32 
247 -20.01 
248 -22.55 
249 -48.57 
250 -2.13 
251 12.93 
252 28.74 
253 -25.59 
254 -3.68 
255 7.46 
256 -25.83 
257 -50.30 
258 -45.78 
259 -30.69 
260 3.95 
261 -17.86 
262 -8.19 
263 -4.02 
264 -29.52 
265 11.54 
266 -26.20 
267 2.57 
268 -5.67 
269 -4.37 
270 -27.31 
271 -2.42 
272 7.64 
273 -1.07 
274 13.96 
275 -24.66 
276 -9.70 
277 18.48 
278 -6.29 
279 15.71 
280 -36.47 
281 -2.74 
282 -11.50 
283 -2.90 
284 -77.60 
285 -16.17 
286 -34.41 
287 -20.47 
288 -23.31 
289 -32.20 
290 -23.63 
291 -30.18 
292 -16.79 
293 2.22 
294 -3.49 
295 8.99 
296 -38.74 
297 -37.61 
298 -74.35 
299 21.48 
300 -25.32 
301 5.95 
302 -24.06 
303 -6.71 
304 -14.95 
305 2.33 
306 -5.17 
307 -7.57 
308 -14.69 
309 -12.51 
310 -5.55 
311 5.78 
312 0.48 
313 -4.90 
314 12.78 
315 -4.67 
316 -37.85 
317 5.83 
318 -28.44 
319 -49.65 
320 -34.87 
321 -39.56 
322 -34.19 
323 -50.72 
324 6.04 
325 29.23 
326 12.23 
327 -7.04 
328 44.75 
329 4.87 
330 8.08 
331 16.08 
332 -29.24 
333 29.83 
334 4.79 
335 9.13 
336 26.68 
337 -24.94 
338 -11.67 
339 -10.53 
340 -2.83 
341 -25.19 
342 -28.70 
343 -14.37 
344 -20.05 
345 -17.59 
346 -19.85 
347 -37.13 
348 5.16 
349 35.49 
350 -27.77 
351 15.62 
352 -34.02 
353 -38.14 
354 4.59 
355 -40.67 
356 -5.88 
357 3.49 
358 16.40 
359 -22.44 
360 -25.33 
361 3.71 
362 -34.84 
363 -1.14 
364 -41.43 
365 -22.15 
366 -14.44 
367 18.10 
368 -11.97 
369 -19.89 
370 -15.44 
371 24.48 
372 10.51 
373 -8.30 
374 -10.24 
375 -12.56 
376 -28.76 
377 -22.85 
378 4.29 
379 -23.08 
380 11.37 
381 4.81 
382 -37.61 
383 -14.21 
384 6.38 
385 -12.14 
386 -0.02 
387 -24.41 
388 -8.94 
389 4.45 
390 25.75 
391 19.86 
392 -15.68 
393 -23.35 
394 -25.84 
