0 -7.45 
1 -197.94 
2 -172.08 
3 -385.23 
4 -305.57 
5 -116.14 
6 -138.94 
7 -84.38 
8 -101.62 
9 -146.51 
10 -86.03 
11 -159.29 
12 -40.44 
13 -108.49 
14 -136.58 
15 -20.38 
16 -95.74 
17 -46.89 
18 -140.87 
19 -71.21 
20 -43.24 
21 -16.67 
22 -66.61 
23 -9.71 
24 -33.25 
25 -99.22 
26 5.28 
27 16.70 
28 28.53 
29 31.91 
30 -27.56 
31 -25.75 
32 -30.19 
33 19.51 
34 -150.98 
35 40.62 
36 -18.68 
37 43.52 
38 53.07 
39 46.53 
40 17.71 
41 44.27 
42 68.96 
43 249.49 
44 58.44 
45 29.53 
46 15.92 
47 40.17 
48 35.65 
49 65.19 
50 153.11 
51 101.70 
52 79.26 
53 153.31 
54 263.91 
55 126.43 
56 144.87 
57 170.76 
58 162.12 
59 149.36 
60 144.92 
61 166.98 
62 136.56 
63 181.85 
64 117.44 
65 257.69 
66 210.16 
67 158.43 
68 249.44 
69 151.62 
70 172.55 
71 76.50 
72 144.88 
73 118.54 
74 157.43 
75 173.64 
76 258.89 
77 143.74 
78 138.60 
79 170.20 
80 143.54 
81 270.69 
82 149.55 
83 131.92 
84 112.45 
85 162.72 
86 154.14 
87 144.17 
88 137.97 
89 157.77 
90 148.31 
91 165.10 
92 166.04 
93 189.87 
94 163.76 
95 175.76 
96 178.83 
97 140.72 
98 118.05 
99 143.59 
100 117.55 
101 87.00 
102 125.82 
103 130.33 
104 168.60 
105 169.47 
106 129.51 
107 123.77 
108 165.43 
109 118.99 
110 115.80 
111 163.81 
112 173.51 
113 112.06 
114 178.01 
115 237.58 
116 165.79 
117 122.88 
118 254.46 
119 141.28 
120 169.49 
121 159.60 
122 183.78 
