0 -719.20 
1 -189.90 
2 -106.90 
3 -135.82 
4 -138.61 
5 -116.07 
6 -139.84 
7 -107.81 
8 -122.74 
9 -137.56 
10 -102.69 
11 -135.93 
12 -112.70 
13 -86.42 
14 -127.20 
15 -109.85 
16 -120.87 
17 -98.83 
18 -101.77 
19 -112.22 
20 -86.99 
21 -15.68 
22 -90.15 
23 -48.40 
24 -14.53 
25 -33.79 
26 -33.99 
27 -13.15 
28 0.87 
29 -43.98 
30 -23.48 
31 4.17 
32 9.64 
33 9.99 
34 35.39 
35 34.85 
36 19.20 
37 26.02 
38 22.39 
39 18.32 
40 23.12 
41 36.40 
42 252.70 
43 54.97 
44 24.82 
45 16.97 
46 44.45 
47 38.09 
48 143.18 
49 137.37 
50 131.50 
51 258.16 
52 102.65 
53 114.53 
54 166.57 
55 113.12 
56 25.56 
57 140.79 
58 155.31 
59 131.78 
60 133.89 
61 133.39 
62 176.59 
63 168.82 
64 150.72 
65 149.97 
66 123.96 
67 257.27 
68 155.55 
69 146.27 
70 190.24 
71 179.45 
72 183.95 
73 122.38 
74 177.22 
75 178.32 
76 162.83 
77 163.39 
78 135.07 
79 140.21 
80 166.62 
81 186.68 
82 153.39 
83 103.45 
84 186.45 
85 150.62 
86 164.76 
87 161.86 
88 119.51 
89 29.11 
90 142.63 
91 150.88 
92 168.83 
93 271.44 
94 138.30 
95 145.39 
96 153.10 
97 136.57 
98 55.10 
99 130.70 
100 174.86 
101 160.45 
102 179.83 
103 175.19 
104 166.33 
105 180.76 
106 180.84 
107 131.66 
108 160.86 
109 165.99 
110 152.83 
111 131.87 
112 150.23 
113 123.87 
114 172.92 
115 136.38 
116 167.04 
117 151.19 
118 168.27 
119 181.92 
120 170.91 
121 170.01 
122 180.54 
123 168.78 
124 168.63 
125 154.96 
