0 -409.58 
1 -354.82 
2 -158.89 
3 -510.86 
4 -147.74 
5 -109.95 
6 -130.38 
7 -123.19 
8 -132.85 
9 -132.88 
10 -104.72 
11 -90.38 
12 -129.12 
13 -95.23 
14 -135.68 
15 -121.12 
16 -117.10 
17 -116.41 
18 -93.90 
19 -79.42 
20 -40.60 
21 -9.94 
22 -54.82 
23 -54.26 
24 -73.80 
25 -54.58 
26 48.40 
27 123.26 
28 148.51 
29 -16.18 
30 143.02 
31 136.59 
32 269.07 
33 28.06 
34 132.04 
35 124.20 
36 53.82 
37 31.75 
38 256.53 
39 51.61 
40 183.43 
41 157.21 
42 104.93 
43 249.94 
44 133.11 
45 244.35 
46 256.77 
47 17.29 
48 260.44 
49 123.67 
50 134.35 
51 107.21 
52 105.93 
53 147.32 
54 135.03 
55 277.73 
56 165.59 
57 138.57 
58 166.29 
59 119.41 
60 129.83 
61 85.44 
62 164.48 
63 134.49 
64 146.94 
65 118.68 
66 219.04 
67 93.02 
68 105.07 
69 124.00 
70 131.08 
71 114.22 
72 156.29 
73 102.69 
74 135.56 
75 127.39 
76 148.43 
77 143.89 
78 159.10 
79 108.26 
80 129.97 
81 134.85 
82 114.75 
83 133.54 
84 160.34 
85 249.23 
86 142.06 
87 98.40 
88 187.05 
89 154.66 
90 116.39 
91 147.87 
92 143.18 
93 128.23 
94 134.14 
95 118.18 
96 132.58 
97 153.38 
98 136.46 
99 147.69 
100 156.96 
101 124.49 
102 125.27 
103 147.05 
104 95.99 
105 126.89 
106 143.21 
107 161.99 
108 129.82 
109 148.61 
110 127.13 
111 120.12 
112 129.43 
113 146.77 
114 148.86 
