0 -695.27 
1 -448.09 
2 -852.86 
3 -658.77 
4 -391.17 
5 -568.63 
6 -236.36 
7 -197.77 
8 -79.80 
9 -240.20 
10 -434.62 
11 40.46 
12 -388.36 
13 -301.96 
14 -320.85 
15 -311.46 
16 -259.92 
17 -246.80 
18 -128.53 
19 -283.87 
20 -156.03 
21 -82.98 
22 -133.57 
23 -134.12 
24 -135.90 
25 -109.71 
26 -144.18 
27 -134.99 
28 -129.54 
29 -120.49 
30 -146.88 
31 -120.86 
32 -111.36 
33 -125.23 
34 -103.89 
35 -132.77 
36 -113.35 
37 -137.57 
38 -102.02 
39 -137.04 
40 -90.60 
41 -120.02 
42 -116.54 
43 -137.79 
44 -50.03 
45 -119.70 
46 -117.19 
47 -63.46 
48 -95.07 
49 -121.36 
50 -35.37 
51 -72.82 
52 34.91 
53 0.57 
54 21.18 
55 3.61 
56 -42.98 
57 -107.14 
58 -80.60 
59 -28.40 
60 13.03 
61 9.69 
62 -41.11 
63 24.93 
64 -39.23 
65 -33.89 
66 -11.33 
67 225.47 
68 239.71 
69 217.31 
70 -3.50 
71 -21.63 
72 -18.95 
73 6.94 
74 10.04 
75 20.06 
76 231.81 
77 27.93 
78 101.22 
79 253.23 
80 96.85 
81 225.01 
82 249.82 
83 238.70 
84 248.26 
85 -21.03 
86 119.24 
87 220.73 
88 155.15 
89 193.88 
90 177.21 
91 258.40 
92 270.75 
93 153.31 
94 94.90 
95 268.66 
96 146.19 
97 261.08 
98 216.70 
99 232.81 
100 114.05 
101 246.06 
102 287.90 
103 128.07 
104 154.10 
105 141.06 
106 178.58 
107 166.83 
108 243.81 
109 122.83 
110 268.34 
111 101.29 
112 207.25 
113 181.73 
114 258.65 
115 135.49 
116 161.56 
117 111.36 
118 120.53 
119 227.64 
120 102.27 
121 248.99 
122 236.71 
123 244.67 
124 147.11 
125 150.75 
126 300.81 
127 163.17 
128 171.92 
129 178.52 
130 132.74 
131 140.43 
132 171.57 
133 267.97 
134 148.20 
135 154.53 
136 177.39 
137 126.60 
138 222.94 
139 161.37 
140 129.04 
141 206.64 
142 174.69 
143 264.86 
144 270.64 
145 224.05 
146 40.06 
147 232.85 
148 217.48 
149 128.44 
150 123.47 
151 146.70 
152 156.63 
153 129.16 
154 152.73 
155 276.08 
156 203.27 
157 270.65 
158 267.18 
159 161.42 
160 267.40 
161 250.16 
162 251.40 
163 238.41 
164 226.99 
165 164.59 
166 250.62 
167 126.37 
168 225.62 
169 86.36 
170 237.60 
171 271.94 
172 290.32 
173 113.78 
174 227.52 
175 94.86 
176 123.74 
177 251.23 
178 167.18 
179 245.33 
180 222.50 
181 259.19 
182 93.35 
183 222.56 
184 53.82 
185 218.13 
186 107.25 
