0 -606.73 
1 -494.82 
2 -674.76 
3 -416.77 
4 -81.05 
5 -169.55 
6 -72.20 
7 -337.15 
8 -176.48 
9 -155.05 
10 -110.09 
11 -103.70 
12 -100.92 
13 -106.83 
14 -124.29 
15 -126.54 
16 -139.49 
17 -129.67 
18 -115.79 
19 -96.25 
20 -94.59 
21 -109.33 
22 -112.31 
23 -82.98 
24 -104.79 
25 -136.33 
26 -111.27 
27 -128.03 
28 -110.54 
29 -100.50 
30 -54.11 
31 -105.74 
32 -76.55 
33 -38.74 
34 -85.32 
35 -30.72 
36 -27.91 
37 14.83 
38 -25.24 
39 -20.12 
40 141.83 
41 36.99 
42 7.12 
43 247.22 
44 31.23 
45 52.92 
46 213.21 
47 13.19 
48 110.64 
49 -6.65 
50 34.87 
51 60.89 
52 276.04 
53 135.20 
54 26.02 
55 245.83 
56 113.96 
57 244.89 
58 123.00 
59 46.52 
60 152.43 
61 125.15 
62 245.44 
63 146.12 
64 268.74 
65 213.49 
66 144.16 
67 4.13 
68 250.23 
69 119.53 
70 232.16 
71 239.15 
72 89.07 
73 100.83 
74 237.44 
75 137.20 
76 223.47 
77 148.31 
78 148.11 
79 151.40 
80 52.72 
81 146.10 
82 270.12 
83 259.80 
84 142.59 
85 168.56 
86 138.35 
87 142.69 
88 42.68 
89 94.22 
90 248.30 
91 58.46 
92 105.42 
93 123.71 
94 176.36 
95 141.23 
96 148.80 
97 119.60 
98 164.47 
99 257.00 
100 200.22 
101 243.45 
102 243.49 
103 143.83 
104 130.53 
105 153.71 
106 164.19 
107 141.70 
108 272.33 
109 259.02 
110 131.59 
111 216.67 
112 252.01 
113 237.62 
114 278.35 
115 145.37 
116 237.55 
117 148.69 
118 150.92 
119 148.72 
120 152.51 
121 153.65 
122 150.89 
123 139.56 
124 146.34 
125 302.53 
126 264.44 
127 138.93 
128 127.49 
129 244.11 
130 236.29 
131 211.59 
132 232.57 
133 163.55 
134 254.62 
135 247.70 
136 145.88 
137 159.69 
138 249.19 
139 101.43 
140 176.16 
141 221.15 
142 146.31 
143 100.27 
144 276.77 
145 199.14 
146 146.20 
147 132.72 
148 169.86 
149 123.53 
150 162.47 
151 223.37 
152 251.96 
153 151.90 
154 139.03 
155 150.65 
156 149.21 
157 143.51 
158 142.68 
159 163.03 
160 107.83 
161 144.23 
162 153.75 
163 153.28 
164 117.98 
165 154.36 
166 239.07 
167 116.22 
168 141.97 
169 140.80 
170 164.81 
171 137.13 
172 140.54 
