0 -374.79 
1 -107.14 
2 -1274.39 
3 -84.34 
4 -9.09 
5 -43.07 
6 -27.00 
7 0.55 
8 -225.66 
9 -214.40 
10 -28.91 
11 -73.57 
12 -148.06 
13 -117.65 
14 -147.83 
15 -48.36 
16 90.22 
17 -43.19 
18 -13.06 
19 -181.22 
20 23.74 
21 -82.41 
22 -136.77 
23 -80.35 
24 -84.17 
25 -117.68 
26 -123.55 
27 -55.15 
28 -86.84 
29 -50.58 
30 -61.72 
31 -34.01 
32 -106.82 
33 -103.33 
34 -108.24 
35 -88.34 
36 -112.65 
37 10.06 
38 -20.71 
39 -59.64 
40 -12.96 
41 -63.68 
42 19.56 
43 -49.79 
44 -101.45 
45 -55.04 
46 -90.73 
47 -145.67 
48 -62.06 
49 -155.46 
50 22.18 
51 30.60 
52 -152.08 
53 -4.10 
54 -19.47 
55 5.65 
56 6.40 
57 19.25 
58 17.27 
59 17.09 
60 -15.24 
61 14.73 
62 -40.02 
63 -56.15 
64 -49.50 
65 -138.13 
66 39.81 
67 8.81 
68 8.45 
69 5.93 
70 -9.14 
71 25.43 
72 -42.08 
73 -18.84 
74 -23.35 
75 6.60 
76 -33.58 
77 -27.08 
78 -27.35 
79 -12.26 
80 6.20 
81 -47.76 
82 15.09 
83 -31.68 
84 22.42 
85 -59.30 
86 -43.21 
87 -32.48 
88 -28.99 
89 -59.89 
90 -358.96 
91 -377.92 
92 -120.53 
93 -86.21 
94 -81.45 
95 -218.05 
96 -63.14 
97 -55.89 
98 -43.17 
99 -36.81 
100 -261.00 
101 -103.48 
102 17.79 
103 12.92 
104 -16.41 
105 -113.37 
106 -78.61 
107 -71.52 
108 3.14 
109 14.82 
110 -67.28 
111 -16.82 
112 -63.11 
113 -26.55 
114 -51.38 
115 -56.85 
116 -74.84 
117 -88.12 
118 -62.72 
119 -225.59 
120 -61.86 
121 -60.09 
122 -118.95 
123 -30.32 
124 -39.90 
125 -89.70 
126 -49.81 
127 -80.67 
128 -37.82 
129 -40.62 
130 -7.00 
131 -58.39 
132 -42.19 
133 -33.67 
134 -5.91 
135 48.26 
136 -29.39 
137 3.56 
138 25.36 
139 -22.34 
140 9.48 
141 -32.23 
142 -16.17 
143 15.78 
144 -24.12 
145 20.04 
146 -33.26 
147 1.46 
148 -48.23 
149 -11.52 
150 -13.55 
151 -10.02 
152 -50.18 
153 5.63 
154 -49.70 
155 -45.73 
156 37.57 
157 -16.42 
158 -36.60 
159 25.76 
160 -19.83 
161 32.65 
162 18.76 
163 -30.22 
164 -11.64 
165 9.77 
166 1.42 
167 9.01 
168 -20.48 
169 -7.09 
170 7.37 
171 -18.35 
172 -8.81 
173 -15.58 
174 18.12 
175 -34.56 
176 -6.26 
177 12.14 
178 -21.77 
179 25.16 
180 -9.35 
181 -53.66 
182 7.30 
183 -10.01 
184 -0.66 
185 32.72 
186 19.70 
187 -63.37 
188 -22.40 
189 8.71 
190 2.10 
191 56.53 
192 22.45 
193 -9.46 
194 48.41 
195 19.53 
196 25.50 
197 24.57 
198 9.93 
199 -3.73 
200 -19.16 
201 22.10 
202 -6.89 
203 -67.42 
204 44.35 
205 16.25 
206 -18.22 
207 36.27 
208 8.17 
209 -35.57 
210 14.25 
211 16.39 
212 42.49 
213 -32.05 
214 10.82 
215 18.07 
216 9.63 
217 -14.65 
218 6.98 
219 5.14 
220 -24.74 
221 1.49 
222 8.05 
223 23.40 
224 -14.54 
225 -32.80 
226 40.08 
227 25.09 
228 -19.67 
229 -30.31 
230 2.63 
231 11.14 
232 -6.02 
233 14.32 
234 25.77 
235 -4.14 
236 -28.41 
237 -3.82 
238 56.58 
239 -5.56 
240 42.05 
241 -30.49 
242 -37.32 
243 16.55 
244 -7.29 
245 13.16 
246 -14.77 
247 -1.52 
248 -12.31 
249 6.74 
250 18.09 
251 14.73 
252 13.00 
253 -28.43 
254 -28.67 
255 18.61 
256 16.63 
257 27.95 
258 20.31 
259 -15.19 
260 -1.11 
261 18.32 
262 16.21 
263 20.31 
264 21.70 
265 -3.59 
266 -23.28 
267 7.81 
268 54.50 
269 -13.72 
270 28.54 
271 38.62 
272 15.08 
273 13.15 
274 -27.35 
275 22.84 
276 27.38 
277 15.28 
278 21.41 
279 21.54 
280 -5.66 
281 48.82 
282 33.02 
283 9.69 
284 20.18 
285 16.08 
286 22.12 
287 29.57 
288 -30.99 
289 24.17 
290 15.13 
291 8.97 
292 19.33 
293 5.26 
294 -15.48 
295 -15.16 
296 9.68 
297 -8.06 
298 -4.26 
299 25.25 
300 11.77 
301 -27.32 
302 14.22 
303 -16.80 
304 -12.80 
305 -21.59 
306 13.03 
307 -7.40 
308 8.55 
309 10.43 
310 -23.35 
311 -19.83 
312 -8.14 
313 -24.42 
314 16.28 
315 14.15 
316 -0.04 
317 -23.96 
318 -18.32 
319 -59.09 
320 -28.69 
321 3.12 
322 -33.08 
323 28.28 
324 -12.89 
325 -6.46 
326 4.24 
327 9.22 
328 62.01 
329 18.17 
330 -6.49 
331 39.67 
332 23.69 
333 13.07 
334 -17.05 
335 21.33 
336 5.45 
337 4.23 
338 -17.39 
339 25.75 
340 -27.96 
341 -6.94 
342 18.95 
343 -27.63 
344 -9.19 
345 -12.45 
346 30.23 
347 -56.57 
348 -8.30 
349 17.59 
350 -33.97 
351 21.56 
352 -11.05 
353 30.61 
354 30.49 
355 18.20 
356 -16.72 
357 -41.74 
358 6.55 
359 4.30 
360 21.61 
361 6.39 
362 21.37 
363 3.53 
364 11.08 
365 2.93 
366 2.30 
367 -23.38 
368 -27.71 
369 19.22 
370 64.09 
371 37.04 
372 29.22 
373 15.61 
374 51.28 
375 22.83 
376 2.50 
377 -82.82 
378 28.12 
379 14.73 
380 -17.07 
381 -1.33 
382 -24.98 
383 22.17 
384 24.79 
385 -19.73 
386 -7.34 
387 0.27 
388 48.15 
389 12.91 
390 -23.60 
391 20.47 
392 -51.55 
393 -15.03 
394 27.99 
395 0.33 
396 -1.92 
397 -12.08 
398 29.51 
399 8.02 
400 -0.21 
401 11.48 
402 9.46 
403 -5.23 
404 -37.08 
405 -17.81 
406 -21.44 
407 18.19 
408 26.89 
409 8.43 
410 -17.61 
411 11.90 
412 -8.13 
413 25.97 
414 37.17 
415 6.06 
416 14.05 
417 -16.52 
418 -6.32 
419 -16.34 
420 21.52 
421 14.99 
422 16.00 
423 26.02 
424 10.39 
425 -4.63 
426 4.85 
427 -12.67 
428 11.78 
429 -20.01 
430 7.39 
431 7.95 
432 -27.49 
433 46.69 
434 -26.53 
435 14.85 
436 6.11 
437 -23.81 
438 9.45 
439 25.23 
440 34.31 
441 -34.34 
442 23.57 
443 -70.31 
444 6.14 
445 -15.59 
446 -12.32 
447 -2.32 
