0 -356.08 
1 -385.10 
2 -531.04 
3 -473.15 
4 -154.77 
5 -78.46 
6 -88.76 
7 -169.12 
8 -162.85 
9 -160.26 
10 -160.70 
11 -179.11 
12 -124.98 
13 -157.46 
14 -109.85 
15 -42.49 
16 -105.47 
17 -80.12 
18 -132.09 
19 -77.73 
20 -44.48 
21 -36.91 
22 -73.43 
23 -43.57 
24 2.23 
25 38.06 
26 -63.31 
27 39.87 
28 24.41 
29 -5.96 
30 61.44 
31 225.69 
32 247.64 
33 15.87 
34 46.15 
35 99.38 
36 -10.26 
37 260.45 
38 107.01 
39 214.25 
40 208.88 
41 253.07 
42 279.32 
43 291.40 
44 121.42 
45 252.82 
46 139.72 
47 118.55 
48 122.03 
49 286.31 
50 66.23 
51 245.75 
52 153.41 
53 129.19 
54 229.49 
55 133.58 
56 257.83 
57 269.08 
58 131.80 
59 68.03 
60 260.20 
61 237.45 
62 244.61 
63 198.59 
64 128.00 
65 216.29 
66 109.75 
67 258.44 
68 211.39 
69 113.66 
70 278.55 
71 232.26 
72 276.75 
73 124.95 
74 148.96 
75 299.03 
76 95.16 
77 257.72 
78 235.98 
79 235.07 
80 246.63 
81 142.63 
82 125.74 
83 245.74 
84 234.63 
85 255.67 
86 216.86 
87 226.21 
88 279.99 
89 234.95 
90 275.94 
91 216.44 
92 258.41 
93 263.40 
94 248.30 
95 243.62 
96 152.55 
97 141.72 
98 220.59 
99 133.03 
100 268.43 
101 156.24 
102 259.33 
103 244.28 
104 111.32 
105 241.26 
106 136.18 
107 283.24 
108 206.63 
109 88.87 
110 265.00 
111 258.02 
112 113.18 
113 241.07 
114 228.37 
115 238.22 
116 115.99 
117 114.67 
118 210.86 
119 222.54 
120 288.54 
121 282.74 
122 181.23 
123 222.39 
124 217.76 
125 239.34 
126 233.37 
127 79.70 
128 87.45 
129 207.93 
130 93.05 
131 283.97 
132 234.23 
133 236.30 
134 99.16 
135 276.34 
136 253.46 
137 232.18 
138 255.14 
139 218.90 
140 226.20 
141 151.38 
142 247.59 
143 291.45 
144 295.67 
145 263.34 
146 255.00 
147 84.64 
148 282.21 
149 263.24 
150 138.18 
151 201.64 
152 226.02 
153 258.01 
154 241.55 
155 286.37 
156 242.32 
157 50.85 
158 235.13 
159 252.23 
160 221.06 
161 234.42 
162 139.32 
163 241.47 
164 252.61 
