Seed 0:
0 -200.00 
1 -200.00 
2 -200.00 
3 -200.00 
4 -200.00 
5 -200.00 
6 -200.00 
7 -200.00 
8 -200.00 
9 -200.00 
10 -200.00 
11 -200.00 
12 -200.00 
13 -200.00 
14 -200.00 
15 -200.00 
16 -200.00 
17 -200.00 
18 -200.00 
19 -200.00 
20 -200.00 
21 -200.00 
22 -200.00 
23 -200.00 
24 -200.00 
25 -200.00 
26 -200.00 
27 -200.00 
28 -200.00 
29 -200.00 
30 -200.00 
31 -200.00 
32 -200.00 
33 -200.00 
34 -200.00 
35 -200.00 
36 -200.00 
37 -200.00 
38 -200.00 
39 -200.00 
40 -200.00 
41 -200.00 
42 -200.00 
43 -200.00 
44 -200.00 
45 -200.00 
46 -200.00 
47 -200.00 
48 -200.00 
49 -200.00 
50 -200.00 
51 -200.00 
52 -200.00 
53 -200.00 
54 -200.00 
55 -200.00 
56 -200.00 
57 -200.00 
58 -200.00 
59 -200.00 
60 -200.00 
61 -200.00 
62 -200.00 
63 -200.00 
64 -200.00 
65 -200.00 
66 -200.00 
67 -200.00 
68 -200.00 
69 -200.00 
70 -200.00 
71 -200.00 
72 -200.00 
73 -200.00 
74 -200.00 
75 -200.00 
76 -200.00 
77 -200.00 
78 -200.00 
79 -200.00 
80 -200.00 
81 -200.00 
82 -200.00 
83 -200.00 
84 -200.00 
85 -200.00 
86 -200.00 
87 -200.00 
88 -200.00 
89 -200.00 
90 -200.00 
91 -200.00 
92 -200.00 
93 -200.00 
94 -200.00 
95 -200.00 
96 -200.00 
97 -200.00 
98 -200.00 
99 -200.00 
100 -200.00 
101 -200.00 
102 -200.00 
103 -200.00 
104 -200.00 
105 -200.00 
106 -200.00 
107 -200.00 
108 -200.00 
109 -200.00 
110 -200.00 
111 -200.00 
112 -200.00 
113 -200.00 
114 -200.00 
115 -200.00 
116 -200.00 
117 -200.00 
118 -200.00 
119 -200.00 
120 -200.00 
121 -200.00 
122 -200.00 
123 -200.00 
124 -200.00 
125 -200.00 
126 -200.00 
127 -200.00 
128 -200.00 
129 -200.00 
130 -200.00 
131 -200.00 
132 -200.00 
133 -200.00 
134 -200.00 
135 -200.00 
136 -200.00 
137 -200.00 
138 -200.00 
139 -200.00 
140 -200.00 
141 -200.00 
142 -200.00 
143 -200.00 
144 -200.00 
145 -200.00 
146 -200.00 
147 -200.00 
148 -200.00 
149 -200.00 
150 -200.00 
151 -200.00 
152 -200.00 
153 -200.00 
154 -200.00 
155 -200.00 
156 -200.00 
157 -200.00 
158 -200.00 
159 -200.00 
160 -200.00 
161 -200.00 
162 -200.00 
163 -200.00 
164 -200.00 
165 -200.00 
166 -200.00 
167 -200.00 
168 -200.00 
169 -200.00 
170 -200.00 
171 -200.00 
172 -200.00 
173 -200.00 
174 -200.00 
175 -200.00 
176 -200.00 
177 -200.00 
178 -200.00 
179 -200.00 
180 -200.00 
181 -200.00 
182 -200.00 
183 -200.00 
184 -200.00 
185 -200.00 
186 -200.00 
187 -200.00 
188 -200.00 
189 -200.00 
190 -200.00 
191 -200.00 
192 -200.00 
193 -200.00 
194 -200.00 
195 -200.00 
196 -200.00 
197 -200.00 
198 -200.00 
199 -200.00 
200 -200.00 
201 -200.00 
202 -200.00 
203 -200.00 
204 -200.00 
205 -200.00 
206 -200.00 
207 -200.00 
208 -200.00 
209 -200.00 
210 -200.00 
211 -200.00 
212 -200.00 
213 -200.00 
214 -200.00 
215 -200.00 
216 -200.00 
217 -200.00 
218 -200.00 
219 -200.00 
220 -200.00 
221 -200.00 
222 -200.00 
223 -200.00 
224 -200.00 
225 -200.00 
226 -200.00 
227 -200.00 
228 -200.00 
229 -200.00 
230 -200.00 
231 -200.00 
232 -200.00 
233 -200.00 
234 -200.00 
235 -200.00 
236 -200.00 
237 -200.00 
238 -200.00 
239 -200.00 
240 -200.00 
241 -200.00 
242 -200.00 
243 -200.00 
244 -200.00 
245 -200.00 
246 -200.00 
247 -200.00 
248 -200.00 
249 -200.00 
250 -200.00 
251 -200.00 
252 -200.00 
253 -200.00 
254 -200.00 
255 -200.00 
256 -200.00 
257 -200.00 
258 -200.00 
259 -200.00 
260 -200.00 
261 -200.00 
262 -200.00 
263 -200.00 
264 -200.00 
265 -200.00 
266 -200.00 
267 -200.00 
268 -200.00 
269 -200.00 
270 -200.00 
271 -200.00 
272 -200.00 
273 -200.00 
274 -200.00 
275 -200.00 
276 -200.00 
277 -200.00 
278 -200.00 
279 -200.00 
280 -200.00 
281 -200.00 
282 -200.00 
283 -200.00 
284 -200.00 
285 -200.00 
286 -200.00 
287 -200.00 
288 -200.00 
289 -200.00 
290 -200.00 
291 -200.00 
292 -200.00 
293 -200.00 
294 -200.00 
295 -200.00 
296 -200.00 
297 -200.00 
298 -200.00 
299 -200.00 
300 -200.00 
301 -200.00 
302 -200.00 
303 -200.00 
304 -200.00 
305 -200.00 
306 -200.00 
307 -200.00 
308 -200.00 
309 -200.00 
310 -200.00 
311 -200.00 
312 -200.00 
313 -200.00 
314 -200.00 
315 -200.00 
316 -200.00 
317 -200.00 
318 -200.00 
319 -200.00 
320 -200.00 
321 -200.00 
322 -200.00 
323 -200.00 
324 -200.00 
325 -200.00 
326 -200.00 
327 -200.00 
328 -200.00 
329 -200.00 
330 -200.00 
331 -200.00 
332 -200.00 
333 -200.00 
334 -200.00 
335 -200.00 
336 -200.00 
337 -200.00 
338 -200.00 
339 -200.00 
340 -200.00 
341 -200.00 
342 -200.00 
343 -200.00 
344 -200.00 
345 -200.00 
346 -200.00 
347 -200.00 
348 -200.00 
349 -200.00 
350 -200.00 
351 -200.00 
352 -200.00 
353 -200.00 
354 -200.00 
355 -200.00 
356 -200.00 
357 -200.00 
358 -200.00 
359 -200.00 
360 -200.00 
361 -200.00 
362 -200.00 
363 -200.00 
364 -200.00 
365 -200.00 
366 -200.00 
367 -200.00 
368 -200.00 
369 -200.00 
370 -200.00 
371 -200.00 
372 -200.00 
373 -200.00 
374 -200.00 
375 -200.00 
376 -200.00 
377 -200.00 
378 -200.00 
379 -200.00 
380 -200.00 
381 -200.00 
382 -200.00 
383 -200.00 
384 -200.00 
385 -200.00 
386 -200.00 
387 -200.00 
388 -200.00 
389 -200.00 
390 -200.00 
391 -200.00 
392 -200.00 
393 -200.00 
394 -200.00 
395 -200.00 
396 -200.00 
397 -200.00 
398 -200.00 
399 -200.00 
400 -200.00 
401 -200.00 
402 -200.00 
403 -200.00 
404 -200.00 
405 -200.00 
406 -200.00 
407 -200.00 
408 -200.00 
409 -200.00 
410 -200.00 
411 -200.00 
412 -200.00 
413 -200.00 
414 -200.00 
415 -200.00 
416 -200.00 
417 -200.00 
418 -200.00 
419 -200.00 
420 -200.00 
421 -200.00 
422 -200.00 
423 -200.00 
424 -200.00 
425 -200.00 
426 -200.00 
427 -200.00 
428 -200.00 
429 -200.00 
430 -200.00 
431 -200.00 
432 -200.00 
433 -200.00 
434 -200.00 
435 -200.00 
436 -200.00 
437 -200.00 
438 -200.00 
439 -200.00 
440 -200.00 
441 -200.00 
442 -200.00 
443 -200.00 
444 -200.00 
445 -200.00 
446 -200.00 
447 -200.00 
448 -200.00 
449 -200.00 
450 -200.00 
451 -200.00 
452 -200.00 
453 -200.00 
454 -200.00 
455 -200.00 
456 -200.00 
457 -200.00 
458 -200.00 
459 -200.00 
460 -200.00 
461 -200.00 
462 -200.00 
463 -200.00 
464 -200.00 
465 -200.00 
466 -200.00 
467 -200.00 
468 -200.00 
469 -200.00 
470 -200.00 
471 -200.00 
472 -200.00 
473 -200.00 
474 -200.00 
475 -200.00 
476 -200.00 
477 -200.00 
478 -200.00 
479 -200.00 
480 -200.00 
481 -200.00 
482 -200.00 
483 -200.00 
484 -200.00 
485 -200.00 
486 -200.00 
487 -200.00 
488 -200.00 
489 -200.00 
490 -200.00 
491 -200.00 
492 -200.00 
493 -200.00 
494 -200.00 
495 -200.00 
496 -200.00 
497 -200.00 
498 -200.00 
499 -200.00 
500 -200.00 
501 -200.00 
502 -200.00 
503 -200.00 
504 -200.00 
505 -200.00 
506 -200.00 
507 -200.00 
508 -200.00 
509 -200.00 
510 -200.00 
511 -200.00 
512 -200.00 
513 -200.00 
514 -200.00 
515 -200.00 
516 -200.00 
517 -200.00 
518 -200.00 
519 -200.00 
520 -200.00 
521 -200.00 
522 -200.00 
523 -200.00 
524 -200.00 
525 -200.00 
526 -200.00 
527 -200.00 
528 -200.00 
529 -200.00 
530 -200.00 
531 -200.00 
532 -200.00 
533 -200.00 
534 -200.00 
535 -200.00 
536 -200.00 
537 -200.00 
538 -200.00 
539 -200.00 
540 -200.00 
541 -200.00 
542 -200.00 
543 -200.00 
544 -200.00 
545 -200.00 
546 -200.00 
547 -200.00 
548 -200.00 
549 -200.00 
550 -200.00 
551 -200.00 
552 -200.00 
553 -200.00 
554 -200.00 
555 -200.00 
556 -200.00 
557 -200.00 
558 -200.00 
559 -200.00 
560 -200.00 
561 -200.00 
562 -200.00 
563 -200.00 
564 -200.00 
565 -200.00 
566 -200.00 
567 -200.00 
568 -200.00 
569 -200.00 
570 -200.00 
571 -200.00 
572 -200.00 
573 -200.00 
574 -200.00 
575 -200.00 
576 -200.00 
577 -200.00 
578 -200.00 
579 -200.00 
580 -200.00 
581 -200.00 
582 -200.00 
583 -200.00 
584 -200.00 
585 -200.00 
586 -200.00 
587 -200.00 
588 -200.00 
589 -200.00 
590 -200.00 
591 -200.00 
592 -200.00 
593 -200.00 
594 -200.00 
595 -200.00 
596 -200.00 
597 -200.00 
598 -200.00 
599 -200.00 
600 -200.00 
601 -200.00 
602 -200.00 
603 -200.00 
604 -200.00 
605 -200.00 
606 -200.00 
607 -200.00 
608 -200.00 
609 -200.00 
610 -200.00 
611 -200.00 
612 -200.00 
613 -200.00 
614 -200.00 
615 -200.00 
616 -200.00 
617 -200.00 
618 -200.00 
619 -200.00 
620 -200.00 
621 -200.00 
622 -200.00 
623 -200.00 
624 -200.00 
625 -200.00 
626 -200.00 
627 -200.00 
628 -200.00 
629 -200.00 
630 -200.00 
631 -200.00 
632 -200.00 
633 -200.00 
634 -200.00 
635 -200.00 
636 -200.00 
637 -200.00 
638 -200.00 
639 -200.00 
640 -200.00 
641 -200.00 
642 -200.00 
643 -200.00 
644 -200.00 
645 -200.00 
646 -200.00 
647 -200.00 
648 -200.00 
649 -200.00 
650 -200.00 
651 -200.00 
652 -200.00 
653 -200.00 
654 -200.00 
655 -200.00 
656 -200.00 
657 -200.00 
658 -200.00 
659 -200.00 
660 -200.00 
661 -200.00 
662 -200.00 
663 -200.00 
664 -200.00 
665 -200.00 
666 -200.00 
667 -200.00 
668 -200.00 
669 -200.00 
670 -200.00 
671 -200.00 
672 -200.00 
673 -200.00 
674 -200.00 
675 -200.00 
676 -200.00 
677 -200.00 
678 -200.00 
679 -200.00 
680 -200.00 
681 -200.00 
682 -200.00 
683 -200.00 
684 -200.00 
685 -200.00 
686 -200.00 
687 -200.00 
688 -200.00 
689 -200.00 
690 -200.00 
691 -200.00 
692 -200.00 
693 -200.00 
694 -200.00 
695 -200.00 
696 -200.00 
697 -200.00 
698 -200.00 
699 -200.00 
700 -200.00 
701 -200.00 
702 -200.00 
703 -200.00 
704 -200.00 
705 -200.00 
706 -200.00 
707 -200.00 
708 -200.00 
709 -200.00 
710 -200.00 
711 -200.00 
712 -200.00 
713 -200.00 
714 -200.00 
715 -200.00 
716 -200.00 
717 -200.00 
718 -200.00 
719 -200.00 
720 -200.00 
721 -200.00 
722 -200.00 
723 -200.00 
724 -200.00 
725 -200.00 
726 -200.00 
727 -200.00 
728 -200.00 
729 -200.00 
730 -200.00 
731 -200.00 
732 -200.00 
733 -200.00 
734 -200.00 
735 -200.00 
736 -200.00 
737 -200.00 
738 -200.00 
739 -200.00 
740 -200.00 
741 -200.00 
742 -179.00 
743 -190.00 
744 -200.00 
745 -171.00 
746 -169.00 
747 -200.00 
748 -200.00 
749 -200.00 
750 -173.00 
751 -167.00 
752 -200.00 
753 -94.00 
754 -92.00 
755 -93.00 
756 -180.00 
757 -166.00 
758 -92.00 
759 -170.00 
760 -178.00 
761 -176.00 
762 -172.00 
763 -165.00 
764 -162.00 
765 -200.00 
766 -184.00 
767 -200.00 
768 -175.00 
769 -174.00 
770 -180.00 
771 -176.00 
772 -167.00 
773 -164.00 
774 -181.00 
775 -160.00 
776 -158.00 
777 -156.00 
778 -123.00 
779 -113.00 
780 -122.00 
781 -117.00 
782 -122.00 
783 -114.00 
784 -126.00 
785 -118.00 
786 -123.00 
787 -113.00 
788 -113.00 
789 -121.00 
790 -121.00 
791 -124.00 
792 -122.00 
793 -117.00 
794 -115.00 
795 -200.00 
796 -124.00 
797 -122.00 
798 -123.00 
799 -120.00 
800 -134.00 
801 -122.00 
802 -122.00 
803 -200.00 
804 -125.00 
805 -115.00 
806 -122.00 
807 -117.00 
808 -115.00 
809 -115.00 
810 -120.00 
811 -122.00 
812 -125.00 
813 -130.00 
814 -121.00 
815 -200.00 
816 -200.00 
817 -122.00 
818 -122.00 
819 -130.00 
820 -122.00 
821 -128.00 
822 -122.00 
823 -200.00 
824 -122.00 
825 -200.00 
826 -129.00 
827 -123.00 
828 -122.00 
829 -123.00 
830 -122.00 
831 -124.00 
832 -200.00 
833 -135.00 
834 -114.00 
835 -122.00 
836 -114.00 
837 -128.00 
838 -123.00 
839 -119.00 
840 -129.00 
841 -122.00 
842 -115.00 
843 -200.00 
844 -121.00 
845 -131.00 
846 -200.00 
847 -200.00 
848 -119.00 
849 -200.00 
850 -200.00 
851 -119.00 
852 -200.00 
853 -115.00 
854 -115.00 
855 -116.00 
856 -114.00 
857 -115.00 
858 -122.00 
859 -123.00 
860 -200.00 
861 -122.00 
862 -124.00 
863 -122.00 
864 -114.00 
865 -118.00 
866 -123.00 
867 -124.00 
868 -200.00 
869 -121.00 
870 -114.00 
871 -122.00 
872 -200.00 
873 -122.00 
874 -125.00 
875 -200.00 
876 -119.00 
877 -119.00 
878 -200.00 
879 -119.00 
880 -200.00 
881 -200.00 
882 -126.00 
883 -119.00 
884 -200.00 
885 -119.00 
886 -200.00 
887 -121.00 
888 -123.00 
889 -120.00 
890 -200.00 
891 -120.00 
892 -117.00 
893 -200.00 
894 -121.00 
895 -200.00 
896 -120.00 
897 -123.00 
898 -124.00 
899 -125.00 
900 -200.00 
901 -123.00 
902 -131.00 
903 -200.00 
904 -200.00 
905 -121.00 
906 -115.00 
907 -124.00 
908 -200.00 
909 -200.00 
910 -117.00 
911 -200.00 
912 -121.00 
913 -131.00 
914 -121.00 
915 -122.00 
916 -200.00 
917 -132.00 
918 -119.00 
919 -200.00 
920 -118.00 
921 -126.00 
922 -121.00 
923 -117.00 
924 -122.00 
925 -200.00 
926 -121.00 
927 -126.00 
928 -127.00 
929 -123.00 
930 -126.00 
931 -131.00 
932 -122.00 
933 -123.00 
934 -114.00 
935 -121.00 
936 -125.00 
937 -115.00 
938 -118.00 
939 -200.00 
940 -121.00 
941 -121.00 
942 -116.00 
943 -116.00 
944 -200.00 
945 -200.00 
946 -121.00 
947 -200.00 
948 -200.00 
949 -118.00 
950 -122.00 
951 -200.00 
952 -120.00 
953 -120.00 
954 -116.00 
955 -200.00 
956 -116.00 
957 -200.00 
958 -200.00 
959 -124.00 
960 -200.00 
961 -122.00 
962 -200.00 
963 -200.00 
964 -200.00 
965 -200.00 
966 -117.00 
967 -200.00 
968 -200.00 
969 -200.00 
970 -200.00 
971 -200.00 
972 -120.00 
973 -200.00 
974 -115.00 
975 -116.00 
976 -120.00 
977 -200.00 
978 -122.00 
979 -117.00 
980 -200.00 
981 -126.00 
982 -128.00 
983 -124.00 
984 -200.00 
985 -200.00 
986 -124.00 
987 -120.00 
988 -121.00 
989 -200.00 
990 -200.00 
991 -200.00 
992 -117.00 
993 -121.00 
994 -117.00 
995 -200.00 
996 -115.00 
997 -200.00 
998 -121.00 
999 -117.00 
1000 -200.00 
1001 -200.00 
1002 -200.00 
1003 -121.00 
1004 -121.00 
1005 -122.00 
1006 -121.00 
1007 -122.00 
1008 -121.00 
1009 -122.00 
1010 -116.00 
1011 -121.00 
1012 -200.00 
1013 -120.00 
1014 -123.00 
1015 -117.00 
1016 -200.00 
1017 -121.00 
1018 -200.00 
1019 -122.00 
1020 -200.00 
1021 -121.00 
1022 -119.00 
1023 -121.00 
1024 -121.00 
1025 -115.00 
1026 -129.00 
1027 -122.00 
1028 -122.00 
1029 -122.00 
1030 -200.00 
1031 -200.00 
1032 -121.00 
1033 -115.00 
1034 -116.00 
1035 -121.00 
1036 -121.00 
1037 -122.00 
1038 -132.00 
1039 -117.00 
1040 -200.00 
1041 -115.00 
1042 -121.00 
1043 -124.00 
1044 -129.00 
1045 -118.00 
1046 -121.00 
1047 -121.00 
1048 -121.00 
1049 -200.00 
1050 -119.00 
1051 -117.00 
1052 -200.00 
1053 -119.00 
1054 -200.00 
1055 -122.00 
1056 -115.00 
1057 -200.00 
1058 -200.00 
1059 -123.00 
1060 -200.00 
1061 -121.00 
1062 -121.00 
1063 -121.00 
1064 -114.00 
1065 -121.00 
1066 -121.00 
1067 -200.00 
1068 -122.00 
1069 -118.00 
1070 -124.00 
1071 -124.00 
1072 -118.00 
1073 -122.00 
1074 -200.00 
1075 -118.00 
1076 -124.00 
1077 -115.00 
1078 -114.00 
1079 -115.00 
1080 -118.00 
1081 -121.00 
1082 -121.00 
1083 -121.00 
1084 -200.00 
1085 -121.00 
1086 -115.00 
1087 -118.00 
1088 -200.00 
1089 -115.00 
1090 -121.00 
1091 -200.00 
1092 -123.00 
1093 -117.00 
1094 -200.00 
1095 -115.00 
1096 -125.00 
1097 -200.00 
1098 -200.00 
1099 -200.00 
1100 -118.00 
1101 -200.00 
1102 -116.00 
1103 -121.00 
1104 -200.00 
1105 -117.00 
1106 -121.00 
1107 -131.00 
1108 -118.00 
1109 -119.00 
1110 -121.00 
1111 -200.00 
1112 -121.00 
1113 -127.00 
1114 -200.00 
1115 -127.00 
1116 -122.00 
1117 -114.00 
1118 -126.00 
1119 -122.00 
1120 -121.00 
1121 -200.00 
1122 -118.00 
1123 -121.00 
1124 -121.00 
1125 -117.00 
1126 -116.00 
1127 -200.00 
1128 -116.00 
1129 -121.00 
1130 -123.00 
1131 -128.00 
1132 -130.00 
1133 -114.00 
1134 -200.00 
1135 -122.00 
1136 -123.00 
1137 -120.00 
1138 -121.00 
1139 -200.00 
1140 -121.00 
1141 -200.00 
1142 -200.00 
1143 -123.00 
1144 -129.00 
1145 -116.00 
1146 -115.00 
1147 -115.00 
1148 -117.00 
1149 -128.00 
1150 -115.00 
1151 -121.00 
1152 -200.00 
1153 -116.00 
1154 -124.00 
1155 -200.00 
1156 -121.00 
1157 -115.00 
1158 -200.00 
1159 -200.00 
1160 -121.00 
1161 -121.00 
1162 -119.00 
1163 -200.00 
1164 -121.00 
1165 -121.00 
1166 -114.00 
1167 -200.00 
1168 -115.00 
1169 -117.00 
1170 -117.00 
1171 -200.00 
1172 -125.00 
1173 -117.00 
1174 -121.00 
1175 -122.00 
1176 -121.00 
1177 -200.00 
1178 -200.00 
1179 -121.00 
1180 -116.00 
1181 -123.00 
1182 -200.00 
1183 -200.00 
1184 -118.00 
1185 -122.00 
1186 -115.00 
1187 -121.00 
1188 -200.00 
1189 -115.00 
1190 -129.00 
1191 -117.00 
1192 -200.00 
1193 -130.00 
1194 -119.00 
1195 -126.00 
1196 -125.00 
1197 -122.00 
1198 -116.00 
1199 -121.00 
1200 -123.00 
1201 -118.00 
1202 -200.00 
1203 -117.00 
1204 -122.00 
1205 -117.00 
1206 -119.00 
1207 -200.00 
1208 -119.00 
1209 -121.00 
1210 -115.00 
1211 -117.00 
1212 -200.00 
1213 -122.00 
1214 -115.00 
1215 -129.00 
1216 -121.00 
1217 -121.00 
1218 -114.00 
1219 -122.00 
1220 -121.00 
1221 -122.00 
1222 -121.00 
1223 -115.00 
1224 -122.00 
1225 -117.00 
1226 -121.00 
1227 -115.00 
1228 -115.00 
1229 -115.00 
1230 -200.00 
1231 -122.00 
1232 -126.00 
1233 -122.00 
1234 -121.00 
1235 -200.00 
1236 -122.00 
1237 -133.00 
1238 -122.00 
1239 -120.00 
1240 -200.00 
1241 -115.00 
1242 -119.00 
1243 -116.00 
1244 -121.00 
1245 -200.00 
1246 -200.00 
1247 -131.00 
1248 -124.00 
1249 -131.00 
1250 -123.00 
1251 -122.00 
1252 -123.00 
1253 -122.00 
1254 -122.00 
1255 -115.00 
1256 -125.00 
1257 -125.00 
1258 -117.00 
1259 -120.00 
1260 -126.00 
1261 -115.00 
1262 -118.00 
1263 -118.00 
1264 -125.00 
1265 -118.00 
1266 -120.00 
1267 -200.00 
1268 -120.00 
1269 -123.00 
1270 -122.00 
1271 -116.00 
1272 -122.00 
1273 -115.00 
1274 -122.00 
1275 -126.00 
1276 -114.00 
1277 -123.00 
1278 -124.00 
1279 -115.00 
1280 -114.00 
1281 -122.00 
1282 -200.00 
1283 -118.00 
1284 -122.00 
1285 -122.00 
1286 -122.00 
1287 -200.00 
1288 -200.00 
1289 -117.00 
1290 -122.00 
1291 -129.00 
1292 -122.00 
1293 -122.00 
1294 -122.00 
1295 -115.00 
1296 -200.00 
1297 -116.00 
1298 -115.00 
1299 -121.00 
1300 -116.00 
1301 -200.00 
1302 -135.00 
1303 -200.00 
1304 -122.00 
1305 -122.00 
1306 -122.00 
1307 -119.00 
1308 -131.00 
1309 -114.00 
1310 -200.00 
1311 -115.00 
1312 -123.00 
1313 -116.00 
1314 -126.00 
1315 -124.00 
1316 -200.00 
1317 -123.00 
1318 -130.00 
1319 -123.00 
1320 -123.00 
1321 -115.00 
1322 -123.00 
1323 -117.00 
1324 -200.00 
1325 -119.00 
1326 -114.00 
1327 -116.00 
1328 -124.00 
1329 -122.00 
1330 -118.00 
1331 -117.00 
1332 -127.00 
1333 -115.00 
1334 -115.00 
1335 -118.00 
1336 -117.00 
1337 -200.00 
1338 -124.00 
1339 -123.00 
1340 -116.00 
1341 -123.00 
1342 -114.00 
1343 -200.00 
1344 -116.00 
1345 -129.00 
1346 -121.00 
1347 -124.00 
1348 -129.00 
1349 -128.00 
1350 -122.00 
1351 -122.00 
1352 -122.00 
1353 -120.00 
1354 -121.00 
1355 -116.00 
1356 -200.00 
1357 -118.00 
1358 -122.00 
1359 -122.00 
1360 -114.00 
1361 -122.00 
1362 -114.00 
1363 -124.00 
1364 -114.00 
1365 -122.00 
1366 -122.00 
1367 -117.00 
1368 -120.00 
1369 -123.00 
1370 -115.00 
1371 -121.00 
1372 -125.00 
1373 -200.00 
1374 -200.00 
1375 -114.00 
1376 -114.00 
1377 -121.00 
1378 -123.00 
1379 -126.00 
1380 -123.00 
1381 -200.00 
1382 -115.00 
1383 -114.00 
1384 -125.00 
1385 -123.00 
1386 -123.00 
1387 -115.00 
1388 -121.00 
1389 -122.00 
1390 -115.00 
1391 -128.00 
1392 -115.00 
1393 -115.00 
1394 -121.00 
1395 -122.00 
1396 -122.00 
1397 -200.00 
1398 -114.00 
1399 -123.00 
1400 -115.00 
1401 -121.00 
1402 -123.00 
1403 -122.00 
1404 -200.00 
1405 -122.00 
1406 -124.00 
1407 -128.00 
1408 -123.00 
1409 -124.00 
1410 -120.00 
1411 -118.00 
1412 -114.00 
1413 -116.00 
1414 -124.00 
1415 -119.00 
1416 -121.00 
1417 -116.00 
1418 -122.00 
1419 -119.00 
1420 -128.00 
1421 -200.00 
1422 -115.00 
1423 -122.00 
1424 -129.00 
1425 -114.00 
1426 -115.00 
1427 -123.00 
1428 -122.00 
1429 -200.00 
1430 -122.00 
1431 -122.00 
1432 -121.00 
1433 -114.00 
1434 -116.00 
1435 -122.00 
1436 -116.00 
1437 -200.00 
1438 -121.00 
1439 -118.00 
1440 -200.00 
1441 -124.00 
1442 -129.00 
1443 -114.00 
1444 -129.00 
1445 -125.00 
1446 -115.00 
1447 -200.00 
1448 -117.00 
1449 -200.00 
1450 -125.00 
1451 -115.00 
1452 -124.00 
1453 -127.00 
1454 -125.00 
1455 -123.00 
1456 -123.00 
1457 -122.00 
1458 -115.00 
1459 -122.00 
1460 -118.00 
1461 -200.00 
1462 -126.00 
1463 -116.00 
1464 -115.00 
1465 -115.00 
1466 -122.00 
1467 -117.00 
1468 -114.00 
1469 -124.00 
1470 -121.00 
1471 -128.00 
1472 -122.00 
1473 -116.00 
1474 -134.00 
1475 -116.00 
1476 -114.00 
1477 -128.00 
1478 -121.00 
1479 -114.00 
1480 -122.00 
1481 -117.00 
1482 -121.00 
1483 -121.00 
1484 -121.00 
1485 -118.00 
1486 -115.00 
1487 -200.00 
1488 -125.00 
1489 -115.00 
1490 -126.00 
1491 -200.00 
1492 -122.00 
1493 -115.00 
1494 -122.00 
1495 -117.00 
1496 -119.00 
1497 -122.00 
1498 -126.00 
1499 -116.00 
1500 -121.00 
1501 -124.00 
1502 -115.00 
1503 -117.00 
1504 -115.00 
1505 -117.00 
1506 -122.00 
1507 -200.00 
1508 -120.00 
1509 -121.00 
1510 -117.00 
1511 -117.00 
1512 -119.00 
1513 -121.00 
1514 -117.00 
1515 -128.00 
1516 -122.00 
1517 -121.00 
1518 -200.00 
1519 -128.00 
1520 -122.00 
1521 -122.00 
1522 -115.00 
1523 -124.00 
1524 -114.00 
1525 -115.00 
1526 -122.00 
1527 -122.00 
1528 -131.00 
1529 -121.00 
1530 -122.00 
1531 -118.00 
1532 -123.00 
1533 -124.00 
1534 -115.00 
1535 -200.00 
1536 -114.00 
1537 -116.00 
1538 -115.00 
1539 -118.00 
1540 -121.00 
1541 -116.00 
1542 -123.00 
1543 -122.00 
1544 -200.00 
1545 -121.00 
1546 -200.00 
1547 -200.00 
1548 -115.00 
1549 -116.00 
1550 -121.00 
1551 -114.00 
1552 -124.00 
1553 -115.00 
1554 -115.00 
1555 -121.00 
1556 -118.00 
1557 -200.00 
1558 -119.00 
1559 -121.00 
1560 -122.00 
1561 -123.00 
1562 -115.00 
1563 -121.00 
1564 -115.00 
1565 -115.00 
1566 -118.00 
1567 -115.00 
1568 -124.00 
1569 -200.00 
1570 -115.00 
1571 -200.00 
1572 -122.00 
1573 -125.00 
1574 -121.00 
1575 -122.00 
1576 -122.00 
1577 -200.00 
1578 -200.00 
1579 -116.00 
1580 -128.00 
1581 -116.00 
1582 -200.00 
1583 -122.00 
1584 -123.00 
1585 -121.00 
1586 -114.00 
1587 -200.00 
1588 -122.00 
1589 -117.00 
1590 -116.00 
1591 -200.00 
1592 -118.00 
1593 -124.00 
1594 -122.00 
1595 -128.00 
1596 -119.00 
1597 -122.00 
1598 -122.00 
1599 -118.00 
1600 -200.00 
1601 -123.00 
1602 -121.00 
1603 -125.00 
1604 -115.00 
1605 -122.00 
1606 -122.00 
1607 -119.00 
1608 -121.00 
1609 -200.00 
1610 -116.00 
1611 -116.00 
1612 -200.00 
1613 -122.00 
1614 -200.00 
1615 -117.00 
1616 -114.00 
1617 -200.00 
1618 -119.00 
1619 -115.00 
1620 -121.00 
1621 -121.00 
1622 -115.00 
1623 -116.00 
1624 -200.00 
1625 -122.00 
1626 -123.00 
1627 -122.00 
1628 -127.00 
1629 -115.00 
1630 -122.00 
1631 -122.00 
1632 -123.00 
1633 -126.00 
1634 -125.00 
1635 -122.00 
1636 -116.00 
1637 -114.00 
1638 -123.00 
1639 -114.00 
1640 -120.00 
1641 -128.00 
1642 -125.00 
1643 -116.00 
1644 -120.00 
1645 -116.00 
1646 -116.00 
1647 -122.00 
1648 -126.00 
1649 -121.00 
1650 -116.00 
1651 -116.00 
1652 -119.00 
1653 -126.00 
1654 -122.00 
1655 -115.00 
1656 -122.00 
1657 -117.00 
1658 -121.00 
1659 -119.00 
1660 -115.00 
1661 -125.00 
1662 -121.00 
1663 -123.00 
1664 -200.00 
1665 -123.00 
1666 -117.00 
1667 -122.00 
1668 -123.00 
1669 -114.00 
1670 -119.00 
1671 -122.00 
1672 -200.00 
1673 -131.00 
1674 -124.00 
1675 -117.00 
1676 -118.00 
1677 -122.00 
1678 -114.00 
1679 -123.00 
1680 -116.00 
1681 -122.00 
1682 -121.00 
1683 -122.00 
1684 -200.00 
1685 -200.00 
1686 -127.00 
1687 -122.00 
1688 -124.00 
1689 -115.00 
1690 -122.00 
1691 -200.00 
1692 -122.00 
1693 -122.00 
1694 -122.00 
1695 -124.00 
1696 -124.00 
1697 -122.00 
1698 -120.00 
1699 -124.00 
1700 -117.00 
1701 -124.00 
1702 -114.00 
1703 -122.00 
1704 -125.00 
1705 -124.00 
1706 -123.00 
1707 -122.00 
1708 -115.00 
1709 -128.00 
1710 -114.00 
1711 -122.00 
1712 -117.00 
1713 -116.00 
1714 -116.00 
1715 -118.00 
1716 -200.00 
1717 -123.00 
1718 -130.00 
1719 -120.00 
1720 -122.00 
1721 -123.00 
1722 -122.00 
1723 -122.00 
1724 -123.00 
1725 -115.00 
1726 -115.00 
1727 -122.00 
1728 -115.00 
1729 -122.00 
1730 -115.00 
1731 -200.00 
1732 -125.00 
1733 -122.00 
1734 -123.00 
1735 -122.00 
1736 -122.00 
1737 -122.00 
1738 -122.00 
1739 -137.00 
1740 -122.00 
1741 -114.00 
1742 -127.00 
1743 -125.00 
1744 -114.00 
1745 -122.00 
1746 -115.00 
1747 -124.00 
1748 -125.00 
1749 -119.00 
1750 -115.00 
1751 -200.00 
1752 -123.00 
1753 -127.00 
1754 -123.00 
1755 -124.00 
1756 -123.00 
1757 -124.00 
1758 -122.00 
1759 -114.00 
1760 -121.00 
1761 -115.00 
1762 -115.00 
1763 -121.00 
1764 -200.00 
1765 -115.00 
1766 -200.00 
1767 -122.00 
1768 -114.00 
1769 -200.00 
1770 -121.00 
1771 -114.00 
1772 -121.00 
1773 -116.00 
1774 -117.00 
1775 -121.00 
1776 -123.00 
1777 -114.00 
1778 -115.00 
1779 -116.00 
1780 -124.00 
1781 -115.00 
1782 -124.00 
1783 -200.00 
1784 -121.00 
1785 -115.00 
1786 -200.00 
1787 -117.00 
1788 -122.00 
1789 -121.00 
1790 -115.00 
1791 -121.00 
1792 -121.00 
1793 -122.00 
1794 -116.00 
1795 -117.00 
1796 -200.00 
1797 -122.00 
1798 -200.00 
1799 -130.00 
1800 -127.00 
1801 -200.00 
1802 -114.00 
1803 -116.00 
1804 -123.00 
1805 -123.00 
1806 -200.00 
1807 -124.00 
1808 -122.00 
1809 -117.00 
1810 -125.00 
1811 -115.00 
1812 -122.00 
1813 -200.00 
1814 -122.00 
1815 -123.00 
1816 -119.00 
1817 -122.00 
1818 -115.00 
1819 -123.00 
1820 -115.00 
1821 -115.00 
1822 -115.00 
1823 -120.00 
1824 -123.00 
1825 -116.00 
1826 -200.00 
1827 -116.00 
1828 -125.00 
1829 -121.00 
1830 -120.00 
1831 -117.00 
1832 -128.00 
1833 -121.00 
1834 -115.00 
1835 -125.00 
1836 -121.00 
1837 -116.00 
1838 -122.00 
1839 -122.00 
1840 -128.00 
1841 -117.00 
1842 -200.00 
1843 -120.00 
1844 -124.00 
1845 -115.00 
1846 -125.00 
1847 -122.00 
1848 -130.00 
1849 -122.00 
1850 -122.00 
1851 -120.00 
1852 -117.00 
1853 -123.00 
1854 -123.00 
1855 -200.00 
1856 -122.00 
1857 -115.00 
1858 -117.00 
1859 -116.00 
1860 -125.00 
1861 -117.00 
1862 -121.00 
1863 -129.00 
1864 -123.00 
1865 -123.00 
1866 -127.00 
1867 -122.00 
1868 -122.00 
1869 -89.00 
1870 -95.00 
1871 -122.00 
1872 -114.00 
1873 -123.00 
1874 -116.00 
1875 -122.00 
1876 -131.00 
1877 -117.00 
1878 -200.00 
1879 -114.00 
1880 -124.00 
1881 -124.00 
1882 -116.00 
1883 -114.00 
1884 -200.00 
1885 -200.00 
1886 -122.00 
1887 -133.00 
1888 -115.00 
1889 -122.00 
1890 -122.00 
1891 -124.00 
1892 -127.00 
1893 -123.00 
1894 -121.00 
1895 -117.00 
1896 -117.00 
1897 -129.00 
1898 -116.00 
1899 -200.00 
1900 -118.00 
1901 -200.00 
1902 -116.00 
1903 -123.00 
1904 -117.00 
1905 -127.00 
1906 -124.00 
1907 -123.00 
1908 -122.00 
1909 -123.00 
1910 -122.00 
1911 -115.00 
1912 -124.00 
1913 -125.00 
1914 -123.00 
1915 -117.00 
1916 -122.00 
1917 -200.00 
1918 -116.00 
1919 -118.00 
1920 -114.00 
1921 -115.00 
1922 -121.00 
1923 -122.00 
1924 -124.00 
1925 -114.00 
1926 -121.00 
1927 -115.00 
1928 -123.00 
1929 -117.00 
1930 -200.00 
1931 -121.00 
1932 -127.00 
1933 -122.00 
1934 -123.00 
1935 -128.00 
1936 -115.00 
1937 -119.00 
1938 -121.00 
1939 -115.00 
1940 -121.00 
1941 -122.00 
1942 -122.00 
1943 -200.00 
1944 -122.00 
1945 -200.00 
1946 -124.00 
1947 -122.00 
1948 -115.00 
1949 -122.00 
1950 -118.00 
1951 -124.00 
1952 -128.00 
1953 -121.00 
1954 -121.00 
1955 -125.00 
1956 -114.00 
1957 -124.00 
1958 -124.00 
1959 -123.00 
1960 -117.00 
1961 -115.00 
1962 -118.00 
1963 -123.00 
1964 -122.00 
1965 -126.00 
1966 -122.00 
1967 -113.00 
1968 -129.00 
1969 -114.00 
1970 -122.00 
1971 -116.00 
1972 -123.00 
1973 -116.00 
1974 -126.00 
1975 -121.00 
1976 -116.00 
1977 -119.00 
1978 -200.00 
1979 -122.00 
1980 -122.00 
1981 -118.00 
1982 -120.00 
1983 -123.00 
1984 -118.00 
1985 -116.00 
1986 -118.00 
1987 -122.00 
1988 -121.00 
1989 -122.00 
1990 -122.00 
1991 -122.00 
1992 -123.00 
1993 -116.00 
1994 -127.00 
1995 -138.00 
1996 -129.00 
1997 -116.00 
1998 -125.00 
1999 -115.00 
2000 -119.00 
