Seed 9:
0 -500.00 
1 -96.00 
2 -65.00 
3 -86.00 
4 -81.00 
5 -83.00 
6 -74.00 
7 -81.00 
8 -72.00 
9 -91.00 
10 -73.00 
11 -94.00 
12 -185.00 
13 -65.00 
14 -78.00 
15 -72.00 
16 -85.00 
17 -72.00 
18 -72.00 
19 -73.00 
20 -70.00 
21 -161.00 
22 -77.00 
23 -77.00 
24 -78.00 
25 -85.00 
26 -72.00 
27 -72.00 
28 -77.00 
29 -98.00 
30 -98.00 
31 -92.00 
32 -80.00 
33 -78.00 
34 -82.00 
35 -82.00 
36 -84.00 
37 -79.00 
38 -79.00 
39 -88.00 
40 -79.00 
41 -79.00 
42 -83.00 
43 -125.00 
44 -77.00 
45 -70.00 
46 -86.00 
47 -90.00 
48 -103.00 
49 -90.00 
50 -85.00 
51 -92.00 
52 -93.00 
53 -77.00 
54 -89.00 
55 -110.00 
56 -92.00 
57 -72.00 
58 -90.00 
59 -77.00 
60 -79.00 
61 -78.00 
62 -75.00 
63 -90.00 
64 -94.00 
65 -77.00 
66 -78.00 
67 -85.00 
68 -79.00 
69 -78.00 
70 -79.00 
71 -72.00 
72 -103.00 
73 -78.00 
74 -92.00 
75 -90.00 
76 -70.00 
77 -78.00 
78 -125.00 
79 -86.00 
80 -87.00 
81 -77.00 
82 -77.00 
83 -83.00 
84 -95.00 
85 -77.00 
86 -72.00 
87 -88.00 
88 -73.00 
89 -90.00 
90 -77.00 
91 -78.00 
92 -78.00 
93 -82.00 
94 -77.00 
95 -78.00 
96 -106.00 
97 -75.00 
98 -78.00 
99 -97.00 
100 -77.00 
101 -86.00 
102 -95.00 
103 -79.00 
104 -65.00 
105 -78.00 
106 -73.00 
107 -104.00 
108 -77.00 
109 -74.00 
110 -89.00 
111 -101.00 
112 -84.00 
113 -119.00 
114 -78.00 
115 -76.00 
116 -65.00 
117 -85.00 
118 -85.00 
119 -77.00 
120 -94.00 
121 -88.00 
122 -84.00 
123 -76.00 
124 -92.00 
125 -84.00 
126 -79.00 
127 -87.00 
128 -69.00 
129 -76.00 
130 -85.00 
131 -76.00 
132 -78.00 
133 -72.00 
134 -73.00 
135 -71.00 
136 -72.00 
137 -84.00 
138 -77.00 
139 -73.00 
140 -89.00 
141 -69.00 
142 -73.00 
143 -91.00 
144 -164.00 
145 -81.00 
146 -112.00 
147 -94.00 
148 -77.00 
149 -69.00 
150 -84.00 
151 -79.00 
152 -85.00 
153 -73.00 
154 -80.00 
155 -91.00 
156 -74.00 
157 -72.00 
158 -86.00 
159 -81.00 
160 -74.00 
161 -76.00 
162 -97.00 
163 -72.00 
164 -78.00 
165 -94.00 
166 -101.00 
167 -87.00 
168 -78.00 
169 -73.00 
170 -78.00 
171 -74.00 
172 -79.00 
173 -77.00 
174 -71.00 
175 -72.00 
176 -90.00 
177 -79.00 
178 -104.00 
179 -87.00 
180 -79.00 
181 -64.00 
182 -85.00 
183 -81.00 
184 -129.00 
185 -86.00 
186 -84.00 
187 -345.00 
188 -230.00 
189 -85.00 
190 -292.00 
191 -76.00 
192 -65.00 
193 -69.00 
194 -88.00 
195 -77.00 
196 -98.00 
197 -85.00 
198 -73.00 
199 -79.00 
200 -84.00 
201 -80.00 
202 -78.00 
203 -65.00 
204 -74.00 
205 -72.00 
206 -78.00 
207 -74.00 
208 -85.00 
209 -79.00 
210 -85.00 
211 -76.00 
212 -77.00 
213 -82.00 
214 -65.00 
215 -88.00 
216 -92.00 
217 -79.00 
218 -84.00 
219 -94.00 
220 -72.00 
221 -79.00 
222 -86.00 
223 -64.00 
224 -76.00 
225 -94.00 
226 -79.00 
227 -78.00 
228 -95.00 
229 -74.00 
230 -80.00 
231 -73.00 
232 -86.00 
233 -74.00 
234 -72.00 
235 -79.00 
236 -79.00 
237 -78.00 
238 -81.00 
239 -95.00 
240 -76.00 
241 -81.00 
242 -76.00 
243 -78.00 
244 -71.00 
245 -77.00 
246 -93.00 
247 -77.00 
248 -69.00 
249 -75.00 
250 -86.00 
251 -93.00 
252 -73.00 
253 -83.00 
254 -79.00 
255 -104.00 
256 -93.00 
257 -78.00 
258 -78.00 
259 -79.00 
260 -79.00 
261 -72.00 
262 -64.00 
263 -81.00 
264 -71.00 
265 -95.00 
266 -75.00 
267 -72.00 
268 -96.00 
269 -81.00 
270 -77.00 
271 -129.00 
272 -82.00 
273 -79.00 
274 -72.00 
275 -79.00 
276 -70.00 
277 -87.00 
278 -65.00 
279 -66.00 
280 -103.00 
281 -78.00 
282 -72.00 
283 -73.00 
284 -78.00 
285 -73.00 
286 -94.00 
287 -77.00 
288 -85.00 
289 -92.00 
290 -74.00 
291 -90.00 
292 -72.00 
293 -79.00 
294 -69.00 
295 -70.00 
296 -78.00 
297 -78.00 
298 -78.00 
299 -85.00 
300 -73.00 
301 -79.00 
302 -104.00 
303 -80.00 
304 -78.00 
305 -91.00 
306 -71.00 
307 -73.00 
308 -92.00 
309 -79.00 
310 -76.00 
311 -69.00 
312 -81.00 
313 -86.00 
314 -78.00 
315 -87.00 
316 -77.00 
317 -86.00 
318 -77.00 
319 -71.00 
320 -86.00 
321 -74.00 
322 -78.00 
323 -81.00 
324 -78.00 
325 -110.00 
326 -74.00 
327 -79.00 
328 -71.00 
329 -89.00 
330 -86.00 
331 -138.00 
332 -78.00 
333 -76.00 
334 -78.00 
335 -65.00 
336 -83.00 
337 -69.00 
338 -73.00 
339 -190.00 
340 -79.00 
341 -78.00 
342 -100.00 
343 -71.00 
344 -89.00 
345 -90.00 
346 -71.00 
347 -70.00 
348 -64.00 
349 -64.00 
350 -65.00 
351 -84.00 
352 -77.00 
353 -72.00 
354 -83.00 
355 -65.00 
356 -77.00 
357 -78.00 
358 -90.00 
359 -142.00 
360 -131.00 
361 -85.00 
362 -77.00 
363 -73.00 
364 -85.00 
365 -77.00 
366 -78.00 
367 -81.00 
368 -84.00 
369 -71.00 
370 -70.00 
371 -79.00 
372 -76.00 
373 -66.00 
374 -73.00 
375 -73.00 
376 -78.00 
377 -73.00 
378 -91.00 
379 -106.00 
380 -73.00 
381 -90.00 
382 -82.00 
383 -91.00 
384 -79.00 
385 -78.00 
386 -77.00 
387 -69.00 
388 -80.00 
389 -72.00 
390 -123.00 
391 -80.00 
392 -86.00 
393 -84.00 
394 -73.00 
395 -94.00 
396 -86.00 
397 -91.00 
398 -88.00 
399 -93.00 
400 -86.00 
401 -85.00 
402 -73.00 
403 -78.00 
404 -77.00 
405 -80.00 
406 -86.00 
407 -97.00 
408 -81.00 
409 -77.00 
410 -78.00 
411 -96.00 
412 -92.00 
413 -83.00 
414 -89.00 
415 -84.00 
416 -71.00 
417 -86.00 
418 -77.00 
419 -90.00 
420 -72.00 
421 -90.00 
422 -88.00 
423 -81.00 
424 -98.00 
425 -70.00 
426 -78.00 
427 -72.00 
428 -126.00 
429 -90.00 
430 -92.00 
431 -75.00 
432 -85.00 
433 -78.00 
434 -64.00 
435 -83.00 
436 -85.00 
437 -96.00 
438 -77.00 
439 -88.00 
440 -98.00 
441 -87.00 
442 -77.00 
443 -72.00 
444 -75.00 
445 -65.00 
446 -77.00 
447 -80.00 
448 -78.00 
449 -79.00 
450 -76.00 
451 -92.00 
452 -76.00 
453 -72.00 
454 -91.00 
455 -98.00 
456 -91.00 
457 -87.00 
458 -143.00 
459 -74.00 
460 -79.00 
461 -89.00 
462 -104.00 
463 -86.00 
464 -92.00 
465 -78.00 
466 -78.00 
467 -77.00 
468 -78.00 
469 -78.00 
470 -99.00 
471 -76.00 
472 -72.00 
473 -77.00 
474 -80.00 
475 -74.00 
476 -87.00 
477 -82.00 
478 -92.00 
479 -84.00 
480 -92.00 
481 -79.00 
482 -78.00 
483 -79.00 
484 -87.00 
485 -79.00 
486 -81.00 
487 -73.00 
488 -78.00 
489 -171.00 
490 -69.00 
491 -77.00 
492 -74.00 
493 -78.00 
494 -78.00 
495 -89.00 
496 -83.00 
497 -77.00 
498 -78.00 
499 -77.00 
500 -79.00 
