Seed 0:
0 -588.61 
1 -437.94 
2 -350.45 
3 -270.89 
4 -299.98 
5 -279.80 
6 -313.46 
7 -305.14 
8 -187.76 
9 -129.54 
10 -46.01 
11 -35.61 
12 -136.97 
13 -34.69 
14 -352.67 
15 -188.63 
16 -180.60 
17 -119.13 
18 -285.17 
19 -202.96 
20 -141.41 
21 -167.91 
22 -154.41 
23 -85.69 
24 -197.02 
25 -66.31 
26 -0.34 
27 35.34 
28 23.97 
29 39.75 
30 35.61 
31 -11.69 
32 -25.05 
33 22.20 
34 180.61 
35 101.88 
36 344.99 
37 318.44 
38 486.25 
39 570.67 
40 582.52 
41 676.38 
42 777.26 
43 678.70 
44 805.22 
45 855.06 
46 788.26 
47 906.70 
48 921.29 
49 969.22 
50 963.86 
51 1132.02 
52 1051.12 
53 908.71 
54 942.78 
55 1002.84 
56 904.70 
57 985.97 
58 1038.61 
59 1040.12 
60 1012.32 
61 979.88 
62 1016.61 
63 1043.50 
64 1069.92 
65 1059.75 
66 1058.80 
67 1167.46 
68 1031.63 
69 1023.78 
70 1070.82 
71 1040.07 
72 1016.90 
73 964.83 
74 1005.94 
75 1011.58 
76 -167.50 
77 160.98 
78 961.89 
79 1123.79 
80 1109.78 
81 1022.60 
82 1040.89 
83 1055.06 
84 1083.89 
85 1002.33 
86 1026.76 
87 966.61 
88 1181.38 
89 1200.65 
90 1143.04 
91 1166.64 
92 1033.06 
93 1084.41 
94 1004.32 
95 1144.35 
96 1066.31 
97 1136.27 
98 1091.37 
99 1295.76 
100 1168.15 
101 1183.40 
102 1181.18 
103 274.24 
104 -578.54 
105 1170.05 
106 1243.92 
107 1141.55 
108 1081.93 
109 1135.60 
110 1407.53 
111 1140.73 
112 1137.98 
113 1152.98 
114 1233.56 
115 1151.92 
116 1110.54 
117 1040.14 
118 1266.32 
119 1296.07 
120 1337.37 
121 1243.96 
122 1415.70 
123 1073.11 
124 1231.87 
125 1243.59 
126 1302.83 
127 1131.10 
128 1170.75 
129 1263.19 
130 1355.57 
131 1310.01 
132 1350.79 
133 1297.14 
134 1396.94 
135 1236.71 
136 1280.89 
137 1334.57 
138 1262.63 
139 1288.36 
140 1139.19 
141 1153.52 
142 1108.15 
143 1129.12 
144 1216.58 
145 1150.40 
146 1173.86 
147 1287.42 
148 1191.44 
149 1138.78 
150 1166.74 
151 -700.20 
152 1353.84 
153 1277.03 
154 1217.71 
155 1257.64 
156 1322.49 
157 1251.51 
158 1128.02 
159 1363.78 
160 1106.59 
161 1317.30 
162 1233.78 
163 1308.13 
164 171.34 
165 1210.34 
166 1310.61 
167 1406.45 
168 1229.63 
169 1600.99 
170 1414.05 
171 1376.46 
172 1410.98 
173 1207.96 
174 1347.07 
175 1357.98 
176 1483.12 
177 1270.38 
178 1394.05 
179 1249.04 
180 1460.62 
181 1561.20 
182 -665.36 
183 1386.14 
184 1329.73 
185 1198.04 
186 1248.22 
187 1285.00 
188 1409.52 
189 1362.16 
190 1190.32 
191 1487.67 
192 1403.09 
193 1385.92 
194 1376.40 
195 1469.59 
196 1223.12 
197 1497.61 
198 1408.55 
199 1520.36 
200 1502.21 
201 1354.92 
202 1450.22 
203 1484.72 
204 1541.37 
205 1428.29 
206 1452.17 
207 1449.30 
208 1431.08 
209 1315.95 
210 1426.35 
211 1492.04 
212 1483.64 
213 1281.26 
214 1254.76 
215 1333.06 
216 1518.56 
217 1483.26 
218 1442.26 
219 1403.23 
220 1246.34 
221 1381.77 
222 1317.52 
223 1551.44 
224 1352.90 
225 1385.15 
226 1408.90 
227 1449.03 
228 1325.80 
229 1532.41 
230 1608.93 
231 1397.77 
232 1532.78 
233 1475.19 
234 1353.24 
235 1374.18 
236 1508.44 
237 1540.84 
238 1543.22 
239 1423.81 
240 1535.99 
241 1396.76 
242 1422.83 
243 1321.46 
244 1359.37 
245 1417.82 
246 1222.06 
247 1695.24 
248 1383.69 
249 1521.21 
250 1693.93 
251 1262.01 
252 1504.77 
253 1595.34 
254 1376.35 
255 1406.95 
256 1566.25 
257 1518.10 
258 1509.91 
259 1368.28 
260 1322.08 
261 1559.62 
262 1513.38 
263 1426.68 
264 1537.02 
265 1243.95 
266 1480.55 
267 1352.07 
268 1579.84 
269 1473.15 
270 1525.82 
271 1468.67 
272 1427.76 
273 1562.54 
274 1556.21 
275 1470.39 
276 1641.79 
277 1590.56 
278 1628.84 
279 1567.79 
280 1644.17 
281 1429.88 
282 1393.71 
283 1592.55 
284 1352.88 
285 1582.22 
286 1559.07 
287 1329.21 
288 1428.52 
289 1595.72 
290 1497.48 
291 1508.43 
292 1558.37 
293 1361.49 
294 1507.99 
295 1476.66 
296 1514.18 
297 1568.34 
298 1483.15 
299 1351.12 
300 1459.85 
301 1551.90 
302 1644.29 
303 1643.24 
304 1500.21 
305 1460.87 
306 1331.91 
307 1362.83 
308 1626.82 
309 1339.43 
310 1526.85 
311 1219.14 
312 1596.74 
313 1482.69 
314 1319.33 
315 1467.55 
316 1576.46 
317 1614.55 
318 1420.63 
319 1315.61 
320 1569.63 
321 1389.20 
322 1510.89 
323 1492.51 
324 1588.00 
325 1629.37 
326 1524.16 
327 1575.53 
328 1685.07 
329 1450.50 
330 1559.27 
331 1496.73 
332 1567.99 
333 1460.98 
334 1509.48 
335 1566.28 
336 1669.26 
337 1550.86 
338 1715.91 
339 1607.53 
340 1645.65 
341 1556.82 
342 1473.12 
343 1358.79 
344 1616.20 
345 1353.31 
346 1683.56 
347 1608.52 
348 1535.96 
349 1527.33 
350 1635.30 
351 1661.78 
352 1584.40 
353 1428.25 
354 1386.47 
355 1354.13 
356 1694.97 
357 1568.60 
358 1413.36 
359 1554.49 
360 1638.58 
361 1606.13 
362 1681.12 
363 1577.97 
364 1695.55 
365 1662.25 
366 1595.47 
367 1504.91 
368 1755.99 
369 1590.86 
370 1660.40 
371 1841.10 
372 1683.00 
373 1740.53 
374 1987.59 
375 1661.83 
376 1662.89 
377 1922.14 
378 2037.72 
379 1828.50 
380 1977.61 
381 2075.19 
382 1887.16 
383 1769.94 
384 1953.42 
385 1876.12 
386 1698.99 
387 2077.47 
388 1967.96 
389 2239.42 
390 2015.64 
391 2121.58 
392 2019.98 
393 1795.53 
394 2019.27 
395 1989.20 
396 2073.90 
397 2082.36 
398 1953.41 
399 2090.49 
400 1959.76 
401 2238.16 
402 1760.58 
403 2011.19 
404 1846.88 
405 2237.21 
406 1891.20 
407 2055.25 
408 1882.66 
409 1788.99 
410 1945.32 
411 1866.21 
412 2200.90 
413 2109.19 
414 2234.93 
415 2104.33 
416 2230.63 
417 2080.12 
418 2174.41 
419 2197.30 
420 2045.26 
421 2232.35 
422 2178.82 
423 2107.49 
424 2182.72 
425 1886.66 
426 1934.73 
427 1930.16 
428 2148.07 
429 2234.61 
430 2035.03 
431 2092.26 
432 2222.10 
433 1852.81 
434 2109.62 
435 1948.60 
436 2002.65 
437 1912.12 
438 2154.14 
439 2111.56 
440 2307.48 
441 2278.22 
442 2012.00 
443 2027.14 
444 2028.96 
445 2190.22 
446 1995.79 
447 2052.26 
448 1934.86 
449 1909.73 
450 1926.15 
451 2240.02 
452 2222.78 
453 2160.63 
454 2091.46 
455 2073.90 
456 2067.36 
457 2203.66 
458 2056.30 
459 2118.05 
460 2047.87 
461 2338.74 
462 2070.91 
463 1917.09 
464 2151.68 
465 2162.68 
466 2049.20 
467 2300.74 
468 2179.26 
469 2010.25 
470 2256.20 
471 1993.16 
472 2029.82 
473 1839.83 
474 2214.93 
475 2194.54 
476 2340.42 
477 2084.78 
478 1923.47 
479 2081.06 
480 2070.26 
481 2140.14 
482 2208.96 
483 2172.39 
484 2124.09 
485 2092.38 
486 2142.58 
487 2288.26 
488 1789.99 
489 2189.82 
490 2151.52 
491 2222.29 
492 2291.88 
493 2053.78 
494 2178.36 
495 1995.23 
496 2111.76 
497 2146.09 
498 2062.91 
499 2223.91 
500 2082.22 
501 2097.01 
502 2277.25 
503 2233.84 
504 2320.90 
505 2205.93 
506 2281.79 
507 2054.44 
508 2358.31 
509 1993.59 
510 2018.75 
511 2227.49 
512 2035.82 
513 2321.99 
514 2094.48 
515 2229.56 
516 2263.59 
517 2218.26 
518 2254.19 
519 2205.91 
520 2374.36 
521 2273.49 
522 2170.88 
523 2039.72 
524 1967.14 
525 2434.82 
526 2351.59 
527 2147.98 
528 2313.46 
529 2411.40 
530 2040.43 
531 2025.12 
532 2325.96 
533 2024.41 
534 2136.58 
535 2221.02 
536 2150.39 
537 2198.34 
538 2132.60 
539 2202.06 
540 2394.40 
541 2106.34 
542 2236.31 
543 2110.41 
544 2103.25 
545 2351.56 
546 1937.39 
547 2282.22 
548 2257.35 
549 2305.29 
550 2086.06 
551 2159.46 
552 2263.03 
553 2225.60 
554 2217.52 
555 2003.64 
556 2263.37 
557 2232.53 
558 2006.22 
559 2338.44 
560 2363.09 
561 2007.73 
562 2181.92 
563 2225.98 
564 2235.73 
565 2282.95 
566 2207.07 
567 2138.27 
568 2160.81 
569 2367.94 
570 2020.61 
571 2107.87 
572 1912.44 
573 2315.96 
574 2239.77 
575 2306.12 
576 2090.74 
577 2113.08 
578 2221.96 
579 2298.24 
580 2256.17 
581 2360.15 
582 2104.00 
583 2249.34 
584 2135.16 
585 2104.17 
586 2585.80 
587 2047.09 
588 1994.93 
589 2199.64 
590 2242.03 
591 2307.19 
592 2108.35 
593 2315.73 
594 2260.06 
595 2130.54 
596 1997.10 
597 2246.87 
598 2015.67 
599 2279.65 
600 2095.60 
601 1946.81 
602 2075.00 
603 2388.95 
604 1919.94 
605 2292.83 
606 2126.77 
607 2037.43 
608 2323.31 
609 2172.21 
610 2213.27 
611 2231.60 
612 2099.22 
613 2150.52 
614 2039.46 
615 2186.15 
616 2116.09 
617 2364.22 
618 2096.52 
619 2128.39 
620 2247.10 
621 2346.36 
622 2288.69 
623 2300.82 
624 2192.59 
625 2281.16 
626 2192.60 
627 2141.48 
628 2249.56 
629 1987.15 
630 2098.95 
631 2182.19 
632 2310.43 
633 2014.03 
634 2441.07 
635 2383.83 
636 1906.53 
637 2174.19 
638 2337.71 
639 2206.69 
640 2209.53 
641 2291.61 
642 2083.17 
643 2374.23 
644 2181.44 
645 2208.19 
646 2035.94 
647 2340.89 
648 2314.29 
649 2265.55 
650 2101.53 
651 2267.56 
652 2136.88 
653 2256.74 
654 2379.96 
655 2240.45 
656 2099.53 
657 2274.25 
658 2127.91 
659 2295.00 
660 2448.20 
661 2236.63 
662 2257.38 
663 2443.36 
664 2285.55 
665 2158.82 
666 2218.92 
667 2303.16 
668 2451.57 
669 2384.35 
670 2245.45 
671 2218.86 
672 2400.09 
673 2157.07 
674 2259.04 
675 2126.54 
676 2303.13 
677 2079.93 
678 1959.09 
679 2502.34 
680 2234.52 
681 2012.82 
682 1934.86 
683 2291.16 
684 2266.57 
685 2053.35 
686 2233.31 
687 2254.74 
688 2465.16 
689 2203.82 
690 2158.86 
691 2183.87 
692 2189.90 
693 1893.46 
694 2364.21 
695 2155.76 
696 2081.71 
697 2088.26 
698 2175.33 
699 2224.03 
700 2361.24 
701 2404.40 
702 2015.59 
703 2297.12 
704 2181.25 
705 2121.04 
706 2204.89 
707 2463.61 
708 2353.72 
709 2491.67 
710 2347.69 
711 2331.86 
712 2102.95 
713 2495.82 
714 2230.56 
715 2242.04 
716 1974.97 
717 2281.35 
718 2318.75 
719 2240.03 
720 2291.80 
721 2215.56 
722 2091.32 
723 2290.41 
724 2185.92 
725 2174.94 
726 2367.59 
727 2228.61 
728 2246.08 
729 2324.53 
730 2107.48 
731 2102.89 
732 2340.05 
733 2277.92 
734 2261.04 
735 2216.93 
736 2363.85 
737 2174.44 
738 2067.04 
739 2354.65 
740 2496.93 
741 2317.59 
742 2352.32 
743 2239.52 
744 1993.97 
745 2238.31 
746 2216.60 
747 2244.28 
748 2356.38 
749 2239.33 
750 2218.57 
751 2444.27 
752 2127.47 
753 2129.91 
754 2076.95 
755 2377.60 
756 2431.64 
757 2372.97 
758 2345.10 
759 2233.26 
760 2307.81 
761 2127.84 
762 2382.11 
763 2379.41 
764 2184.83 
765 2293.01 
766 2224.84 
767 2327.23 
768 2232.77 
769 2321.87 
770 2333.68 
771 2043.87 
772 2185.03 
773 2114.62 
774 2477.45 
775 2276.77 
776 2325.97 
777 2088.31 
778 2107.29 
779 2298.41 
780 2382.71 
781 2209.66 
782 2424.39 
783 2251.13 
784 2246.15 
785 2435.95 
786 2379.57 
787 2252.17 
788 2201.49 
789 2426.13 
790 2036.22 
791 2180.86 
792 2417.01 
793 2235.72 
794 2286.11 
795 2218.46 
796 1959.78 
797 2256.19 
798 2331.78 
799 2212.29 
800 2115.86 
801 2104.16 
802 2269.38 
803 2289.36 
804 2068.79 
805 2272.62 
806 2414.74 
807 2438.07 
808 2338.11 
809 2266.70 
810 2291.83 
811 2338.87 
812 2265.07 
813 2279.91 
814 2308.99 
815 2150.17 
816 2246.22 
817 2305.82 
818 2340.39 
819 2475.00 
820 2410.61 
821 2244.20 
822 2431.25 
823 2203.56 
824 2219.45 
825 2213.19 
826 2310.93 
827 2290.45 
828 2411.09 
829 2317.55 
830 2097.01 
831 2224.58 
832 2240.26 
833 2198.27 
834 2153.55 
835 2180.06 
836 2189.32 
837 2424.37 
838 2274.78 
839 2327.38 
840 2488.55 
841 2173.42 
842 2417.72 
843 2287.38 
844 2394.04 
845 2514.62 
846 1959.48 
847 2392.08 
848 2333.94 
849 2349.76 
850 2191.61 
851 1900.02 
852 2342.99 
853 1952.93 
854 2432.45 
855 2129.01 
856 2270.99 
857 2073.95 
858 2031.75 
859 2411.56 
860 2064.54 
861 2379.70 
862 2270.04 
863 2121.68 
864 2334.28 
865 2292.17 
866 2184.99 
867 2242.54 
868 2188.62 
869 2071.97 
870 2245.68 
871 2281.53 
872 2390.36 
873 2214.89 
874 2357.63 
875 2381.31 
876 2362.75 
877 2436.89 
878 2090.53 
879 2233.38 
880 2411.87 
881 2298.67 
882 2277.29 
883 2240.66 
884 2198.51 
885 2247.51 
886 2254.01 
887 2391.90 
888 2345.64 
889 2238.72 
890 2395.91 
891 2305.54 
892 2124.37 
893 2456.47 
894 2279.04 
895 2370.86 
896 2517.28 
897 2384.78 
898 2192.85 
899 2405.10 
900 2393.98 
901 2187.36 
902 2176.91 
903 2116.68 
904 2380.25 
905 2305.36 
906 2435.13 
907 2093.10 
908 2441.90 
909 2282.37 
910 2206.44 
911 2252.60 
912 2337.76 
913 2122.98 
914 2169.54 
915 2550.17 
916 2152.58 
917 2241.50 
918 2573.41 
919 2326.87 
920 2360.23 
921 2204.06 
922 2124.38 
923 2284.67 
924 2295.33 
925 2152.60 
926 2280.22 
927 2046.89 
928 2410.49 
929 2338.66 
930 2360.17 
931 2167.82 
932 2136.13 
933 2172.23 
934 2354.10 
935 2226.47 
936 2196.22 
937 2495.31 
938 2297.26 
939 2066.28 
940 2172.15 
941 2440.94 
942 2339.66 
943 2274.07 
944 2097.49 
945 2419.17 
946 2202.39 
947 2310.79 
948 2275.13 
949 2373.94 
950 2298.42 
951 1967.44 
952 2351.28 
953 2287.60 
954 2397.94 
955 2125.94 
956 2019.77 
957 2513.63 
958 2339.53 
959 2210.48 
960 2365.65 
961 2232.24 
962 2259.41 
963 2325.62 
964 2183.24 
965 2337.46 
966 1970.61 
967 2121.01 
968 2186.69 
969 2317.27 
970 2099.29 
971 2130.32 
972 2323.95 
973 2223.32 
974 2227.26 
975 2240.87 
976 2320.91 
977 2628.42 
978 2261.54 
979 2253.09 
980 2154.68 
981 2372.83 
982 2430.16 
983 2360.28 
984 2020.98 
985 2295.29 
986 2281.85 
987 2194.09 
988 2383.67 
989 1898.97 
990 2506.95 
991 2289.50 
992 2306.67 
993 2214.23 
994 2342.74 
995 2124.74 
996 2216.43 
997 2428.97 
998 2575.89 
999 2405.46 
1000 2144.23 
1001 2222.19 
1002 2184.22 
1003 2408.80 
1004 2421.46 
1005 2230.25 
1006 2340.28 
1007 2399.62 
1008 2094.56 
1009 2223.32 
1010 2307.26 
1011 2216.01 
1012 2176.63 
1013 2287.01 
1014 2258.44 
1015 2171.72 
1016 2259.08 
1017 2258.93 
1018 2420.33 
1019 2380.18 
1020 2303.70 
1021 2253.68 
1022 2176.69 
1023 2139.43 
1024 2373.50 
1025 2233.53 
1026 2366.62 
1027 2182.25 
1028 2225.58 
1029 2254.62 
1030 2383.70 
1031 2329.69 
1032 2083.39 
1033 2127.80 
1034 2057.72 
1035 2500.99 
1036 2214.27 
1037 2374.54 
1038 2031.74 
1039 2253.84 
1040 2375.29 
1041 2328.47 
1042 2393.19 
1043 2231.97 
1044 2279.99 
1045 2192.49 
1046 2425.07 
1047 2445.99 
1048 2314.55 
1049 2154.64 
1050 2210.36 
1051 2269.32 
1052 2261.93 
1053 2184.49 
1054 2382.01 
1055 2465.42 
1056 2304.60 
1057 2173.72 
1058 2127.45 
1059 2339.19 
1060 2382.34 
1061 2456.41 
1062 2024.50 
1063 1978.52 
1064 2416.33 
1065 2325.97 
1066 2311.22 
1067 2137.41 
1068 2278.32 
1069 2224.66 
1070 2253.15 
1071 2367.93 
1072 2189.51 
1073 2223.56 
1074 2367.74 
1075 2170.36 
1076 2156.65 
1077 2204.11 
1078 2297.52 
1079 2300.92 
1080 2331.15 
1081 2173.08 
1082 2351.33 
1083 2346.26 
1084 2372.68 
1085 2301.58 
1086 2298.85 
1087 2120.66 
1088 2597.24 
1089 2241.80 
1090 2501.03 
1091 2371.91 
1092 2147.59 
1093 2253.52 
1094 2385.37 
1095 2067.49 
1096 2173.79 
1097 2276.78 
1098 2281.09 
1099 2249.77 
1100 2339.94 
1101 2355.05 
1102 2250.34 
1103 2342.37 
1104 2414.53 
1105 2259.13 
1106 2272.67 
1107 2363.33 
1108 2181.96 
1109 2429.66 
1110 2422.19 
1111 2448.00 
1112 2266.35 
1113 2062.81 
1114 2284.37 
1115 2127.15 
1116 2198.99 
1117 2343.32 
1118 2277.91 
1119 2245.09 
1120 2382.01 
1121 2188.81 
1122 2432.20 
1123 2352.57 
1124 1980.35 
1125 2220.59 
1126 2280.76 
1127 2327.81 
1128 2518.19 
1129 2336.56 
1130 2213.93 
1131 2553.98 
1132 2209.20 
1133 2155.84 
1134 2089.33 
1135 2363.70 
1136 2314.45 
1137 2253.92 
1138 2393.95 
1139 2331.82 
1140 2339.91 
1141 2285.96 
1142 2358.48 
1143 2235.98 
1144 2451.28 
1145 2226.66 
1146 2443.99 
1147 2374.45 
1148 2199.60 
1149 2255.33 
1150 2109.39 
1151 2347.48 
1152 2269.66 
1153 2381.53 
1154 2336.96 
1155 2647.12 
1156 2266.61 
1157 2385.20 
1158 2562.60 
1159 2117.78 
1160 2319.14 
1161 2231.89 
1162 2273.67 
1163 2375.67 
1164 2316.64 
1165 2214.25 
1166 2470.75 
1167 2337.86 
1168 2302.05 
1169 2336.53 
1170 2205.34 
1171 2469.87 
1172 2261.77 
1173 2008.55 
1174 2319.29 
1175 2212.10 
1176 2328.91 
1177 2103.36 
1178 2375.66 
1179 2235.16 
1180 2504.49 
1181 2534.35 
1182 2291.55 
1183 2184.04 
1184 2352.70 
1185 2236.33 
1186 2148.74 
1187 2057.10 
1188 2124.38 
1189 2488.29 
1190 2155.61 
1191 2389.06 
1192 2180.00 
1193 2068.29 
1194 2220.75 
1195 2390.69 
1196 2242.60 
1197 2272.00 
1198 2179.28 
1199 2291.22 
1200 2341.06 
1201 2420.61 
1202 2178.86 
1203 2172.20 
1204 2077.29 
1205 2298.52 
1206 2109.39 
1207 2112.50 
1208 2337.67 
1209 2109.67 
1210 2262.93 
1211 2346.19 
1212 2350.43 
1213 2184.92 
1214 2206.31 
1215 2344.34 
1216 2376.22 
1217 2475.89 
1218 2359.22 
1219 2323.95 
1220 2235.45 
1221 2071.82 
1222 2465.14 
1223 2159.05 
1224 2378.66 
1225 2566.74 
1226 2188.83 
1227 2205.94 
1228 2215.68 
1229 2338.83 
1230 2370.94 
1231 2335.92 
1232 2205.86 
1233 2310.53 
1234 2135.77 
1235 2228.38 
1236 2526.35 
1237 2393.21 
1238 2339.72 
1239 2329.63 
1240 2344.84 
1241 2258.09 
1242 2391.66 
1243 2134.61 
1244 2460.52 
1245 2240.88 
1246 2180.03 
1247 2201.44 
1248 2284.91 
1249 2200.80 
1250 2388.88 
1251 2389.32 
1252 2347.86 
1253 2197.77 
1254 2427.75 
1255 2315.71 
1256 2388.35 
1257 2285.15 
1258 2387.83 
1259 2312.95 
1260 2259.05 
1261 2069.68 
1262 2358.82 
1263 2312.43 
1264 2485.02 
1265 2313.70 
1266 2253.60 
1267 2393.05 
1268 2292.32 
1269 2090.58 
1270 2190.70 
1271 2434.86 
1272 2366.09 
1273 2158.80 
1274 2468.28 
1275 2257.58 
1276 2335.04 
1277 2376.39 
1278 2388.06 
1279 2237.32 
1280 2167.21 
1281 2273.94 
1282 2401.51 
1283 2343.84 
1284 2266.28 
1285 2432.51 
1286 2364.59 
1287 2346.98 
1288 2145.88 
1289 2258.23 
1290 2209.09 
1291 2119.98 
1292 2173.17 
1293 2511.63 
1294 2344.43 
1295 2105.96 
1296 2458.42 
1297 2506.56 
1298 2108.31 
1299 2352.45 
1300 2453.31 
1301 2175.88 
1302 2128.24 
1303 2413.88 
1304 2341.65 
1305 2221.46 
1306 2236.08 
1307 2216.40 
1308 2252.56 
1309 2382.58 
1310 2357.36 
1311 2383.68 
1312 2297.23 
1313 2424.62 
1314 2279.66 
1315 2364.88 
1316 2554.46 
1317 2105.27 
1318 2611.47 
1319 2177.20 
1320 2323.84 
1321 2391.76 
1322 2187.83 
1323 2253.98 
1324 2457.31 
1325 2454.99 
1326 2390.45 
1327 2231.81 
1328 2343.19 
1329 2292.32 
1330 1997.62 
1331 2099.58 
1332 2356.79 
1333 2434.11 
1334 2339.51 
1335 2159.80 
1336 2219.77 
1337 2310.10 
1338 2323.76 
1339 2328.05 
1340 2082.15 
1341 2220.67 
1342 2245.42 
1343 2237.71 
1344 2380.86 
1345 2328.81 
1346 2362.44 
1347 2219.74 
1348 2337.72 
1349 2377.17 
1350 2530.10 
1351 2593.10 
1352 2428.99 
1353 2218.33 
1354 2304.76 
1355 2463.56 
1356 2233.71 
1357 2317.13 
1358 2225.48 
1359 2640.12 
1360 2189.95 
1361 2091.54 
1362 2455.54 
1363 2203.50 
1364 2223.51 
1365 2266.69 
1366 1975.31 
1367 2245.01 
1368 2554.05 
1369 2136.65 
1370 2105.36 
1371 2292.25 
1372 2130.25 
1373 2329.07 
1374 2410.97 
1375 2205.80 
1376 1931.92 
1377 2259.28 
1378 2337.66 
1379 2153.57 
1380 2323.81 
1381 2133.96 
1382 2463.63 
1383 2464.12 
1384 2070.93 
1385 2151.17 
1386 2231.11 
1387 2246.19 
1388 2319.79 
1389 2277.06 
1390 2359.71 
1391 2166.99 
1392 2524.24 
1393 2230.09 
1394 2378.13 
1395 1913.95 
1396 2220.06 
1397 2273.50 
1398 2289.23 
1399 2164.63 
1400 2345.23 
1401 2364.83 
1402 2304.83 
1403 2379.42 
1404 2367.95 
1405 2488.65 
1406 2374.66 
1407 2289.13 
1408 2475.19 
1409 2299.98 
1410 2338.75 
1411 2222.99 
1412 2264.66 
1413 2454.73 
1414 2600.65 
1415 2434.31 
1416 2288.52 
1417 2336.49 
1418 2181.23 
1419 2329.78 
1420 2495.46 
1421 2200.39 
1422 2370.04 
1423 2464.67 
1424 2364.69 
1425 2189.27 
1426 2316.67 
1427 2116.11 
1428 2563.84 
1429 2302.94 
1430 2336.44 
1431 2317.23 
1432 2356.38 
1433 2261.13 
1434 2388.58 
1435 2397.32 
1436 2306.52 
1437 1998.21 
1438 2353.20 
1439 2235.97 
1440 2417.71 
1441 2307.06 
1442 2345.06 
1443 2255.42 
1444 2422.94 
1445 2450.06 
1446 2117.98 
1447 2440.93 
1448 2375.34 
1449 2205.09 
1450 2396.81 
1451 2453.11 
1452 2199.68 
0 2346.44 
1 1977.13 
2 2201.28 
3 2364.20 
4 2291.92 
5 2257.93 
6 2178.53 
7 2587.15 
8 2288.45 
9 2416.95 
10 2305.73 
11 2396.50 
12 2349.95 
13 2217.12 
14 2003.75 
15 2225.57 
16 2536.06 
17 2352.22 
18 2180.20 
19 2357.89 
20 2474.53 
21 2293.83 
22 2263.32 
23 2507.88 
24 2480.29 
25 2198.67 
26 2460.83 
27 2316.13 
28 2525.31 
29 2533.28 
30 2345.11 
31 2408.62 
32 2228.95 
33 2487.82 
34 2587.99 
35 2235.40 
36 2170.73 
37 2395.37 
38 2272.53 
39 2237.57 
40 2367.86 
41 2459.16 
42 2301.22 
43 2259.26 
44 2395.07 
45 2263.34 
46 2453.44 
47 2196.36 
48 2242.89 
49 2392.89 
50 2294.46 
51 2396.09 
52 2217.37 
53 2217.13 
54 2209.53 
55 2630.07 
56 2359.75 
57 2308.50 
58 2374.28 
59 2274.92 
60 2360.58 
61 2336.67 
62 2300.39 
63 2589.14 
64 2358.20 
65 2455.03 
66 2213.63 
67 2548.54 
68 2243.72 
69 2206.89 
70 2242.59 
71 2403.39 
72 2275.93 
73 2178.61 
74 2176.69 
75 2364.70 
76 2264.90 
77 2290.60 
78 2251.67 
79 2266.71 
80 2230.65 
81 2331.92 
82 2093.14 
83 2556.42 
84 2279.68 
85 2450.64 
86 2450.74 
87 2245.30 
88 2218.20 
89 2540.66 
90 2276.52 
91 2612.19 
92 2399.46 
93 2170.18 
94 2474.05 
95 2364.06 
96 2236.40 
97 2192.66 
98 2410.67 
99 2150.74 
100 2249.21 
101 2326.56 
102 2182.88 
103 2503.57 
104 2401.36 
105 2237.78 
106 2383.09 
107 2502.90 
108 2188.96 
109 2215.34 
110 2236.31 
111 2105.12 
112 2326.43 
113 2186.63 
114 2604.18 
115 2188.32 
116 2231.64 
117 2064.91 
118 2136.25 
119 2305.18 
120 2377.22 
121 2136.68 
122 2281.55 
123 2386.73 
124 2511.08 
125 2257.66 
126 2100.17 
127 2248.67 
128 2297.15 
129 2381.93 
130 2309.29 
131 2360.90 
132 2358.49 
133 2358.82 
134 2272.36 
135 2312.47 
136 2378.07 
137 2379.59 
138 2357.86 
139 2473.82 
140 2275.25 
141 2358.42 
142 2293.12 
143 2518.86 
144 2551.76 
145 2188.33 
146 2253.02 
147 2289.31 
148 2387.65 
149 2220.67 
150 2174.33 
151 2221.06 
152 2433.59 
153 2351.90 
154 2307.85 
155 2081.08 
156 2523.49 
157 2313.85 
158 2279.61 
159 2129.97 
160 2369.94 
161 2233.35 
162 2417.53 
163 2444.56 
164 2450.21 
165 2357.95 
166 2361.86 
167 2216.08 
168 2167.02 
169 2214.60 
170 2075.24 
171 2232.05 
172 2450.73 
173 2484.40 
174 2478.79 
175 2248.30 
176 2176.83 
177 2391.21 
178 2165.49 
179 2146.07 
180 2507.22 
181 2022.43 
182 2427.02 
183 2170.56 
184 2405.32 
185 2319.21 
186 2373.42 
187 2472.82 
188 2352.20 
189 2282.00 
190 2351.99 
191 2221.05 
192 2464.25 
193 2336.97 
194 2431.22 
195 2307.53 
196 2249.76 
197 2340.40 
198 2212.07 
199 2401.70 
200 2092.87 
201 2401.04 
202 2504.73 
203 2511.65 
204 2376.01 
205 2211.19 
206 2237.68 
207 2173.85 
208 2322.55 
209 2268.98 
210 2340.31 
211 2375.02 
212 2186.40 
213 2382.12 
214 2371.85 
215 2185.17 
216 2258.11 
217 2248.42 
218 2189.26 
219 2416.99 
220 2329.98 
221 2485.49 
222 2384.33 
223 2103.03 
224 2257.45 
225 2353.34 
226 2477.09 
227 2597.48 
228 2563.37 
229 2237.37 
230 2096.29 
231 2419.19 
232 2321.05 
233 2639.85 
234 2403.59 
235 2250.72 
236 2244.44 
237 2353.79 
238 2479.68 
239 2400.45 
240 2138.01 
241 2370.95 
242 2221.07 
243 2345.03 
244 2331.56 
245 2127.13 
246 2135.53 
247 2455.58 
248 2020.50 
249 2267.84 
250 2516.37 
251 2241.68 
252 2381.37 
253 2411.07 
254 2422.40 
255 2374.06 
256 2470.68 
257 2258.20 
258 2233.05 
259 2406.91 
260 2191.60 
261 2317.37 
262 2439.12 
263 2163.30 
264 2306.75 
265 2053.57 
266 2304.77 
267 2341.01 
268 1976.80 
269 2405.70 
270 1971.12 
271 2342.55 
272 2343.97 
273 2325.00 
274 2205.42 
275 2350.92 
276 2183.87 
277 2355.35 
278 2535.69 
279 2390.29 
280 2271.72 
281 2134.26 
282 2331.82 
283 2184.95 
284 2369.90 
285 2311.42 
286 2341.65 
287 2286.68 
288 2250.88 
289 2136.27 
290 2575.85 
291 2582.10 
292 2221.69 
293 2211.52 
294 2252.56 
295 2440.06 
296 2395.16 
297 2249.05 
298 2419.43 
299 2301.31 
300 2415.62 
301 2157.40 
302 2432.39 
303 2280.06 
304 2357.35 
305 2171.13 
306 2442.39 
307 2026.08 
308 2407.73 
309 2415.58 
310 2196.51 
311 2401.83 
312 2405.81 
313 2450.49 
314 2413.26 
315 2442.99 
316 2386.84 
317 2195.21 
318 2210.09 
319 2269.89 
320 2436.50 
321 2340.69 
322 2498.28 
323 2388.29 
324 2306.48 
325 2164.95 
326 2217.67 
327 2316.64 
328 2289.82 
329 2273.14 
330 2359.61 
331 2262.89 
332 2494.18 
333 2342.07 
334 2178.72 
335 2479.20 
336 2411.64 
337 2437.46 
338 2391.36 
339 2426.10 
340 2410.29 
341 2514.36 
342 2365.87 
343 2619.70 
344 2181.26 
345 2424.27 
346 2298.50 
347 2535.09 
348 2065.51 
349 2307.21 
350 2407.03 
351 2131.59 
352 2422.88 
353 2543.28 
354 2492.44 
355 2519.86 
356 2351.24 
357 2169.93 
358 2337.90 
359 2260.21 
360 2304.93 
361 2216.06 
362 2311.90 
363 2372.77 
364 2117.26 
365 2544.48 
366 2013.77 
367 2411.71 
368 2348.93 
369 2409.16 
370 2198.19 
371 2374.81 
372 2275.67 
373 2146.74 
374 2399.57 
375 2109.95 
376 2196.96 
377 2370.69 
378 2296.27 
379 2404.56 
380 2318.61 
381 2305.87 
382 2324.29 
383 2325.67 
384 2367.48 
385 2196.61 
386 2378.89 
387 2194.55 
388 2508.73 
389 2202.83 
390 2316.35 
391 2147.89 
392 2360.03 
393 2226.33 
394 2237.22 
395 2107.57 
396 2286.18 
397 2515.70 
398 2387.70 
399 2557.15 
400 2276.68 
401 2428.05 
402 2396.82 
403 2273.32 
404 2280.71 
405 2202.59 
406 2327.12 
407 2117.92 
408 2343.00 
409 2386.56 
410 2394.41 
411 2377.70 
412 2386.70 
413 2449.51 
414 2424.67 
415 2255.27 
416 2305.71 
417 2443.08 
418 2228.04 
419 2458.21 
420 2016.99 
421 2238.16 
422 2024.94 
423 2510.43 
424 2294.28 
425 2087.00 
426 2303.63 
427 2529.17 
428 2375.42 
429 2193.17 
430 2519.24 
431 2425.61 
432 2419.15 
433 2419.62 
434 2399.25 
435 2395.39 
436 2015.00 
437 2189.12 
438 2219.68 
439 2656.59 
440 2189.75 
441 2207.11 
442 2231.51 
443 2197.07 
444 2478.34 
445 2080.72 
446 2364.85 
447 2369.47 
448 2362.72 
449 2382.74 
450 2220.43 
451 2086.02 
452 2354.73 
453 2515.33 
454 2493.24 
455 2468.41 
456 2105.64 
457 2128.24 
458 2223.73 
459 2328.75 
460 2399.05 
461 2145.93 
462 2263.38 
463 2437.32 
464 2208.09 
465 2155.59 
466 2356.66 
467 2207.14 
468 2371.59 
469 2452.67 
470 2215.54 
471 2435.83 
472 2330.76 
473 2350.19 
474 2277.06 
475 2515.02 
476 2315.94 
477 2471.57 
478 2159.76 
479 2200.50 
480 2275.08 
481 2007.57 
482 2548.11 
483 2064.96 
484 2264.42 
485 2324.06 
486 2379.89 
487 2261.09 
488 2340.46 
489 2169.93 
490 2499.62 
491 2453.13 
492 2248.83 
493 2310.80 
494 2214.36 
495 2440.48 
496 2068.28 
497 2457.99 
498 2407.10 
499 2313.93 
500 2268.25 
501 2262.61 
502 2263.35 
503 2227.21 
504 2441.04 
505 2089.25 
506 2483.82 
507 2358.60 
508 2375.56 
509 2257.62 
510 2570.07 
511 2361.19 
512 2131.86 
513 2509.76 
514 2413.36 
515 2422.67 
516 2355.21 
517 2340.52 
518 2365.14 
519 2286.37 
520 2178.01 
521 2256.05 
522 2230.59 
523 2272.52 
524 2305.64 
525 2423.47 
526 2391.58 
527 2446.47 
528 2279.05 
529 2251.73 
530 2429.36 
531 2200.17 
532 2259.92 
533 2187.64 
534 2370.68 
535 2362.93 
536 2488.33 
537 2388.53 
538 2324.90 
539 2389.44 
540 2311.47 
541 2313.86 
542 2509.59 
543 2326.33 
544 2573.80 
545 2382.81 
546 2389.11 
547 2261.56 
548 2232.50 
549 2285.89 
550 2331.71 
551 2312.68 
552 2218.46 
553 2311.06 
554 2258.52 
555 2252.91 
556 2246.81 
557 2326.68 
558 2229.24 
559 2407.12 
560 2487.04 
561 2295.38 
562 2435.11 
563 2326.93 
564 2477.73 
565 2263.15 
566 2326.06 
567 2248.16 
568 2124.65 
569 2444.16 
570 2475.42 
571 2282.19 
572 2251.59 
573 2331.40 
574 2248.09 
575 2435.36 
576 2254.36 
577 2361.01 
578 2082.28 
579 2305.61 
580 2353.17 
581 2329.90 
582 2194.27 
583 2256.88 
584 2304.97 
585 2319.56 
586 2311.63 
587 2152.69 
588 2279.05 
589 2643.53 
590 2300.47 
591 2344.59 
592 2171.83 
593 2115.99 
594 2553.04 
595 2441.98 
596 2372.03 
597 2362.65 
598 2459.19 
599 2212.23 
600 2282.35 
601 2442.07 
602 2226.01 
603 2288.95 
604 2369.23 
605 2525.50 
606 2397.25 
607 2378.51 
608 2448.99 
609 2337.33 
610 2300.71 
611 2315.87 
612 2484.29 
613 2354.73 
614 2485.39 
615 2428.75 
616 2334.28 
617 2469.78 
618 2253.22 
619 2561.80 
620 2128.80 
621 2306.49 
622 2452.19 
623 2074.94 
624 2324.42 
625 2438.35 
626 2471.37 
627 2359.40 
628 2448.90 
629 2472.74 
630 2595.60 
631 2298.21 
632 2545.20 
633 2224.48 
634 2282.09 
635 2202.87 
636 2570.59 
637 2222.79 
638 2310.10 
639 2423.80 
640 2439.01 
641 2380.88 
642 2189.75 
643 2356.04 
644 2384.32 
645 2223.09 
646 2434.69 
647 2317.48 
648 2359.48 
649 2523.58 
650 2069.41 
651 2242.94 
652 2363.52 
653 2328.85 
654 2370.89 
655 2282.26 
656 2409.89 
657 2385.88 
658 2350.36 
659 2337.37 
660 2318.30 
661 2372.17 
662 2447.69 
663 2347.47 
664 2354.42 
665 2313.68 
666 2427.12 
667 2338.28 
668 2364.30 
669 2239.14 
670 2379.86 
671 2336.60 
672 2425.35 
673 2379.28 
674 2348.22 
675 2446.95 
676 2353.65 
677 1972.80 
678 2309.55 
679 2068.94 
680 2461.56 
681 2454.64 
682 2171.00 
683 2434.91 
684 2423.15 
685 2477.72 
686 2388.38 
687 2237.12 
688 2252.79 
689 2169.17 
690 2564.24 
691 2333.36 
692 2492.98 
693 2306.91 
694 2180.49 
695 2407.06 
696 2228.34 
697 2337.03 
698 2362.53 
699 2491.94 
700 2524.27 
701 2374.08 
702 2388.60 
703 2462.98 
704 2404.29 
705 2385.73 
706 2533.44 
707 2267.95 
708 2151.84 
709 2289.91 
710 2329.29 
711 2344.17 
712 2433.93 
713 2505.80 
714 2507.25 
715 2284.85 
716 2346.22 
717 2275.72 
718 2313.13 
719 2256.55 
720 2503.91 
721 2405.25 
722 2462.36 
723 2375.73 
724 2364.17 
725 2339.20 
726 2477.41 
727 2429.49 
728 2435.42 
729 2460.65 
730 2173.50 
731 2245.81 
732 2144.45 
733 2295.50 
734 2404.86 
735 2367.79 
736 2358.84 
737 2024.18 
738 2361.73 
739 2474.75 
740 2346.17 
741 2431.17 
742 2386.38 
743 2393.94 
744 2349.02 
745 2345.62 
746 2035.44 
747 2255.83 
748 2335.77 
749 2515.65 
750 2271.01 
751 2182.64 
752 2558.50 
753 2479.60 
754 2194.49 
755 2393.35 
756 2396.57 
757 2294.31 
758 2131.49 
759 2287.91 
760 2500.89 
761 2360.41 
762 2290.52 
763 2205.05 
764 2368.14 
765 2348.90 
766 2221.75 
767 2369.38 
768 2353.20 
769 2185.76 
770 2265.13 
771 2377.73 
772 2492.63 
773 2411.24 
774 2403.50 
775 2333.40 
776 2409.60 
777 2414.78 
778 2308.49 
779 2424.57 
780 2554.69 
781 2280.29 
782 2218.91 
783 2293.99 
784 2232.79 
785 2500.33 
786 2252.51 
787 2415.42 
788 2382.79 
789 2303.89 
790 2603.10 
791 2454.72 
792 2503.15 
793 2525.89 
794 1857.28 
795 2474.59 
796 2523.54 
797 2230.88 
798 2051.62 
799 2413.22 
800 2581.50 
801 2276.43 
802 2339.12 
803 2418.58 
804 2357.29 
805 2409.93 
806 2134.97 
807 2399.08 
808 2251.47 
809 2418.66 
810 2287.97 
811 2318.04 
812 2131.64 
813 2321.38 
814 2502.34 
815 2419.96 
816 2362.02 
817 2449.12 
818 2373.31 
819 2325.37 
820 2351.89 
821 2498.57 
822 2430.62 
823 2470.00 
824 2363.00 
825 2295.16 
826 2369.29 
827 2401.36 
828 2577.10 
829 2486.22 
830 2131.65 
831 2613.86 
832 2149.13 
833 2157.47 
834 2411.34 
835 2192.04 
836 2535.87 
837 2504.64 
838 2201.96 
839 2323.28 
840 2471.16 
841 2468.82 
842 2235.04 
843 2220.21 
844 2248.99 
845 2637.43 
846 2415.73 
847 2447.98 
848 2452.53 
849 2082.14 
850 2385.20 
851 2252.35 
852 2262.65 
853 2445.54 
854 2411.16 
855 2210.67 
856 2455.55 
857 2110.15 
858 2473.08 
859 2449.31 
860 2410.23 
861 2351.44 
862 2449.42 
863 2395.41 
864 2409.53 
865 2208.20 
866 2200.47 
867 2249.93 
868 2373.07 
869 2273.10 
870 2429.24 
871 2401.57 
872 2488.72 
873 2408.84 
874 2405.72 
875 2298.97 
876 2417.11 
877 2449.34 
878 2491.91 
879 2377.72 
880 2319.88 
881 2465.57 
882 2384.63 
883 2567.74 
884 2385.40 
885 2385.24 
886 2575.68 
887 2409.57 
888 2585.46 
889 2429.11 
890 1788.86 
891 2313.57 
892 2255.89 
893 2214.94 
894 2479.17 
895 2283.80 
896 2381.49 
897 2418.04 
898 2203.46 
899 2556.11 
900 2277.19 
901 2383.01 
902 2417.83 
903 2326.31 
904 2259.25 
905 2290.97 
906 2509.86 
907 2371.80 
908 2353.67 
909 1971.49 
910 2194.23 
911 2326.93 
912 2570.49 
913 2189.16 
914 2367.06 
915 2193.16 
916 2378.21 
917 2433.66 
918 2422.50 
919 2436.23 
920 2320.88 
921 2513.66 
922 2496.14 
923 2295.86 
924 2553.66 
925 2255.08 
926 2460.32 
927 2552.11 
928 2399.99 
929 2434.15 
930 2339.22 
931 2220.22 
932 2199.45 
933 2283.49 
934 2083.84 
935 2353.87 
936 2278.38 
937 2516.44 
938 2232.93 
939 2471.07 
940 2255.74 
941 2348.21 
942 2477.19 
943 2412.95 
944 2335.18 
945 2304.97 
946 2405.48 
947 2305.92 
948 2258.17 
949 2533.85 
950 2287.44 
951 2571.86 
952 2334.89 
953 2327.74 
954 2476.26 
955 2331.56 
956 2473.70 
957 2223.29 
958 2147.92 
959 2316.26 
960 2327.59 
961 2332.13 
962 2465.92 
963 2300.35 
964 2266.50 
965 2481.60 
966 2193.55 
967 2513.30 
968 2357.52 
969 2445.37 
970 2495.02 
971 2404.81 
972 2441.10 
973 2190.68 
974 2479.78 
975 2531.60 
976 2363.34 
977 2298.04 
978 2377.13 
979 2297.40 
980 2326.67 
981 2376.66 
982 2164.04 
983 2319.39 
984 2238.86 
985 2438.58 
986 2259.44 
987 2122.76 
988 2490.08 
989 2609.80 
990 2478.43 
991 2560.48 
992 2352.51 
993 2169.14 
994 2461.92 
995 2126.85 
996 2282.32 
997 2270.87 
998 2257.12 
999 2232.91 
1000 2509.81 
1001 2394.43 
1002 2496.31 
1003 2360.46 
1004 2217.25 
1005 2293.24 
1006 2238.65 
1007 2144.96 
1008 2470.44 
1009 2399.01 
1010 2282.75 
1011 2467.34 
1012 2257.56 
1013 2264.72 
1014 2219.23 
1015 2379.84 
1016 2249.74 
1017 2230.04 
1018 2215.09 
1019 2421.32 
1020 2200.97 
1021 2455.36 
1022 2275.47 
1023 2488.75 
1024 2310.64 
1025 2327.49 
1026 2381.74 
1027 2392.41 
1028 2282.26 
1029 2574.34 
1030 2262.08 
1031 2310.86 
1032 2484.19 
1033 2272.29 
1034 2369.86 
1035 2295.92 
1036 2463.22 
1037 2602.59 
1038 2198.54 
1039 2477.00 
1040 2525.87 
1041 2439.65 
1042 2165.80 
1043 2445.60 
1044 2133.06 
1045 2443.69 
1046 2209.81 
1047 2306.60 
1048 2514.04 
1049 2455.55 
1050 2351.05 
1051 2168.47 
1052 2451.05 
1053 2464.04 
1054 2358.37 
1055 2451.85 
1056 2447.57 
1057 2609.96 
1058 2699.26 
1059 2646.39 
1060 2428.20 
1061 2408.26 
1062 2355.21 
1063 2328.98 
1064 2220.14 
1065 2517.40 
1066 2518.08 
1067 2370.43 
1068 2252.77 
1069 2265.93 
1070 2309.91 
1071 2245.85 
1072 2309.43 
1073 2159.13 
1074 2286.28 
1075 2175.23 
1076 2520.91 
1077 2484.85 
1078 2329.26 
1079 2289.03 
1080 2141.21 
1081 2366.07 
1082 2410.75 
1083 2252.19 
1084 2242.81 
1085 2271.10 
1086 2224.31 
1087 2216.77 
1088 2577.94 
1089 2291.68 
1090 2571.11 
1091 2345.40 
1092 2225.34 
1093 2502.68 
1094 2390.11 
1095 2440.30 
1096 2217.87 
1097 2380.60 
1098 2333.38 
1099 2244.75 
1100 2285.14 
1101 2307.37 
1102 2555.38 
1103 2411.39 
1104 2363.80 
1105 2169.33 
1106 2547.93 
1107 2260.53 
1108 2210.11 
1109 2212.05 
1110 2262.01 
1111 2426.69 
1112 2425.03 
1113 2434.65 
1114 2371.42 
1115 2419.08 
1116 2269.10 
1117 2488.52 
1118 2578.31 
1119 2298.04 
1120 2569.95 
1121 2346.97 
1122 2272.75 
1123 2369.35 
1124 2186.45 
1125 2235.91 
1126 2404.92 
1127 2382.02 
1128 2280.22 
1129 2117.20 
1130 2410.98 
1131 2312.92 
1132 2224.20 
1133 2282.73 
1134 2361.55 
1135 1940.77 
1136 2498.55 
1137 2500.29 
1138 2308.70 
1139 2307.38 
1140 2449.62 
1141 2411.36 
1142 2445.97 
1143 2460.21 
1144 2491.24 
1145 2216.35 
1146 2553.29 
1147 2367.26 
1148 2320.25 
1149 2228.09 
1150 2593.32 
1151 2477.14 
1152 2347.47 
1153 2270.44 
1154 2483.29 
1155 2303.26 
1156 2398.61 
1157 2588.73 
1158 2335.95 
1159 2451.48 
1160 2478.57 
1161 2452.85 
1162 2181.12 
1163 2307.91 
1164 2388.85 
1165 2287.16 
1166 2313.12 
1167 2366.55 
1168 2326.83 
1169 2453.95 
1170 2313.39 
1171 2528.92 
1172 2398.08 
1173 2246.10 
1174 1961.72 
1175 2495.95 
1176 2368.79 
1177 2387.36 
1178 2275.81 
1179 2301.27 
1180 2319.69 
1181 2398.50 
1182 2414.99 
1183 2307.40 
1184 2533.23 
1185 2438.07 
1186 2295.29 
1187 2338.18 
1188 2169.37 
1189 2461.52 
1190 2389.02 
1191 2099.05 
1192 2325.46 
1193 2389.28 
1194 2248.36 
1195 2652.64 
1196 2210.56 
1197 2237.39 
1198 2368.04 
1199 2226.43 
1200 2159.20 
1201 2327.08 
1202 2202.57 
1203 2303.41 
1204 2247.39 
1205 2135.95 
1206 2433.05 
1207 2255.01 
1208 2266.88 
1209 2277.85 
1210 2280.52 
1211 2000.07 
1212 2292.29 
1213 2369.81 
1214 2373.34 
1215 2339.10 
1216 2283.12 
1217 2393.39 
1218 2419.92 
1219 2514.40 
1220 2231.88 
1221 2378.51 
1222 2158.99 
1223 2312.84 
1224 2460.79 
1225 2446.66 
1226 2122.09 
1227 2587.84 
1228 2344.39 
1229 2436.00 
1230 2462.93 
1231 2309.45 
1232 2428.06 
1233 2378.80 
1234 2329.98 
1235 2215.54 
1236 2591.26 
1237 2268.18 
1238 2202.75 
1239 2230.84 
1240 2370.01 
1241 2270.00 
1242 2563.76 
1243 2068.55 
1244 2229.60 
1245 2324.46 
1246 2508.67 
1247 2489.84 
1248 2138.96 
1249 2406.30 
1250 2194.01 
1251 2450.06 
1252 2099.90 
1253 2162.04 
1254 2526.98 
1255 2289.40 
1256 2386.40 
1257 2315.17 
1258 2341.02 
1259 2303.45 
1260 2298.63 
1261 2301.16 
1262 2419.21 
1263 2460.53 
1264 2273.40 
1265 2279.25 
1266 2633.63 
1267 2314.56 
1268 2335.60 
1269 2424.38 
1270 2459.65 
1271 2296.29 
1272 2445.57 
1273 2326.91 
1274 2350.50 
1275 2376.05 
1276 2207.72 
1277 2278.25 
1278 2377.14 
1279 2507.05 
1280 2500.32 
1281 2263.11 
1282 2283.81 
1283 2405.33 
1284 2408.37 
1285 2313.80 
1286 2269.84 
1287 2621.08 
1288 2482.05 
1289 2382.74 
1290 2299.10 
1291 2400.75 
1292 2549.55 
1293 2356.40 
1294 2480.67 
1295 2291.54 
1296 2296.98 
1297 2493.78 
1298 2367.54 
1299 2173.25 
1300 2419.02 
1301 2337.25 
1302 2442.90 
1303 2201.40 
1304 2552.37 
1305 2440.28 
1306 2165.90 
1307 2365.33 
1308 2399.79 
1309 2186.36 
1310 2204.10 
1311 2155.40 
1312 2192.49 
1313 2317.42 
1314 2278.98 
1315 2150.95 
1316 2338.24 
1317 2367.01 
1318 2255.06 
1319 2339.92 
1320 2376.96 
1321 2418.41 
1322 2347.94 
1323 2451.88 
1324 2153.71 
1325 2201.25 
1326 2528.65 
1327 2488.12 
1328 2313.47 
1329 2370.43 
1330 2398.28 
1331 2505.79 
1332 2488.07 
1333 2353.07 
1334 2393.09 
1335 2513.47 
1336 2231.41 
1337 2458.91 
1338 2529.67 
1339 2144.42 
1340 2599.33 
1341 2317.48 
1342 2437.88 
1343 2275.98 
1344 2325.79 
1345 2302.74 
1346 2282.25 
1347 2108.29 
1348 2414.17 
1349 2477.91 
1350 2480.65 
1351 2352.49 
1352 2421.87 
1353 2639.16 
1354 2327.43 
1355 2319.30 
1356 2293.89 
1357 2330.65 
1358 2357.72 
1359 2272.30 
1360 2305.31 
1361 2525.25 
1362 2515.67 
1363 2324.87 
1364 2464.25 
1365 2423.74 
1366 2378.50 
1367 2269.00 
1368 2031.16 
1369 2402.86 
1370 2311.62 
1371 2322.99 
1372 2464.01 
1373 2229.69 
1374 2504.72 
1375 2466.49 
1376 2298.14 
1377 2539.93 
1378 2559.99 
1379 2526.55 
1380 2164.98 
1381 2443.87 
1382 2290.62 
1383 2355.28 
1384 2445.36 
1385 2417.96 
1386 2590.68 
1387 2470.21 
1388 2304.96 
1389 2266.75 
1390 2127.87 
1391 2216.97 
1392 1909.76 
1393 2481.42 
1394 2370.43 
1395 2249.94 
1396 2498.18 
1397 2417.12 
1398 2059.74 
1399 2540.08 
1400 2483.60 
1401 2502.16 
1402 2414.29 
1403 2421.91 
1404 2142.94 
1405 2348.51 
1406 2352.85 
1407 2335.46 
1408 2206.31 
1409 2383.80 
1410 2376.33 
1411 2258.54 
1412 2127.88 
1413 2187.44 
1414 2276.10 
1415 2515.45 
1416 2395.97 
1417 2443.38 
1418 2434.49 
1419 2451.43 
1420 2392.04 
1421 2348.74 
1422 2289.66 
1423 2370.57 
1424 2265.59 
1425 2430.66 
1426 2336.44 
1427 2222.50 
1428 2153.91 
1429 2380.90 
1430 2543.94 
1431 2232.65 
1432 2347.82 
1433 2251.07 
1434 2255.98 
1435 2298.97 
1436 2385.49 
1437 2393.89 
1438 2314.94 
1439 2347.76 
1440 2481.36 
1441 2328.28 
1442 2209.05 
1443 2395.04 
1444 2469.90 
1445 2347.01 
1446 2245.89 
1447 2469.04 
1448 2265.73 
1449 1945.96 
1450 2523.97 
1451 2358.53 
1452 2422.75 
1453 2289.35 
1454 2426.90 
1455 2501.56 
1456 2330.21 
1457 2528.17 
1458 2482.41 
1459 2197.46 
1460 2367.53 
1461 2518.63 
1462 2510.10 
1463 2181.48 
1464 2537.90 
1465 2497.68 
1466 2508.08 
1467 2162.87 
1468 2457.33 
1469 2062.62 
1470 2484.86 
1471 2287.13 
1472 2143.57 
1473 2280.89 
1474 2592.15 
1475 2359.83 
1476 2433.22 
1477 2425.70 
1478 2586.31 
0 2386.70 
1 2442.94 
2 2156.74 
3 2501.21 
4 2296.64 
5 2236.63 
6 2341.01 
7 2336.95 
8 2376.66 
9 2458.03 
10 2261.33 
11 2130.44 
12 2425.82 
13 2130.53 
14 2454.18 
15 2307.01 
16 2404.68 
17 2287.77 
18 2515.76 
19 2326.54 
20 2482.67 
21 2307.89 
22 2424.56 
23 2327.42 
24 2425.52 
25 2331.09 
26 2466.35 
27 2490.68 
28 2202.07 
29 2222.32 
30 2534.70 
31 2591.04 
32 2242.24 
33 2465.73 
34 2171.64 
35 2230.65 
36 2000.89 
37 2222.32 
38 2495.77 
39 2483.89 
40 2258.70 
41 2558.22 
42 2279.21 
43 2406.99 
44 2317.68 
45 2171.41 
46 2269.46 
47 2329.44 
48 2071.88 
49 2234.03 
50 2402.78 
51 2127.06 
52 2471.82 
53 2238.94 
54 2186.89 
55 2426.86 
56 2393.71 
57 2338.15 
58 2423.78 
59 2563.81 
60 2398.66 
61 2553.89 
62 2413.37 
63 2263.73 
64 2344.80 
65 2400.25 
66 2396.44 
67 2473.07 
68 2252.03 
69 2190.52 
70 2607.86 
71 2143.95 
72 2463.04 
73 2427.58 
74 2309.10 
75 2344.06 
76 2492.44 
77 2292.31 
78 2378.63 
79 2383.39 
80 2171.42 
81 2527.49 
82 2437.19 
83 2420.99 
84 2405.50 
85 2345.45 
86 2284.22 
87 2327.78 
88 2426.46 
89 2370.50 
90 2280.46 
91 2263.65 
92 2278.68 
93 1970.29 
94 2204.57 
95 2260.56 
96 2462.06 
97 2344.75 
98 2347.21 
99 2211.20 
100 2559.39 
101 2230.45 
102 2198.19 
103 2326.64 
104 2399.54 
105 2396.27 
106 2255.22 
107 2163.61 
108 2241.03 
109 2276.71 
110 2345.10 
111 2363.02 
112 2282.05 
113 2289.53 
114 2207.75 
115 2371.86 
116 2526.89 
117 2376.80 
118 2606.63 
119 2314.47 
120 2306.22 
121 2209.56 
122 2210.03 
123 2367.79 
124 2436.19 
125 2248.04 
126 2413.50 
127 2629.88 
128 2246.02 
129 2327.15 
130 2473.39 
131 2577.71 
132 2288.58 
133 2521.15 
134 2384.50 
135 2450.93 
136 2306.11 
137 2389.79 
138 2314.74 
139 2351.34 
140 2277.14 
141 2447.24 
142 2197.28 
143 2458.05 
144 2050.17 
145 2390.98 
146 2438.99 
147 2364.96 
148 2264.61 
149 2264.27 
150 2486.89 
151 2377.92 
152 2385.61 
153 2435.14 
154 2445.91 
155 2369.68 
156 2341.79 
157 2321.08 
158 2511.04 
159 2350.90 
160 2321.08 
161 2152.66 
162 2587.40 
163 2282.53 
164 2195.88 
165 2400.31 
166 2429.41 
167 2377.89 
168 2300.60 
169 2391.65 
170 2422.56 
171 2352.32 
172 2367.53 
173 2300.28 
174 2178.05 
175 2300.26 
176 2216.11 
177 2219.68 
178 2374.39 
179 2236.05 
180 2543.44 
181 2435.07 
182 2190.99 
183 2415.78 
184 2475.07 
185 2440.21 
186 2349.50 
187 2340.10 
188 2346.30 
189 2297.34 
190 2057.17 
191 2375.08 
192 2388.70 
193 2284.44 
194 2371.53 
195 2335.06 
196 2383.08 
197 2488.88 
198 2508.94 
199 2443.79 
200 2377.57 
201 2443.40 
202 2248.52 
203 2417.31 
204 2322.39 
205 2503.67 
206 2337.73 
207 2253.43 
208 2340.61 
209 2280.79 
210 2415.81 
211 2336.31 
212 2214.29 
213 2425.86 
214 2535.42 
215 2476.73 
216 2140.81 
217 2496.98 
218 2416.60 
219 2388.07 
220 2432.00 
221 2282.67 
222 2315.98 
223 2216.49 
224 2214.54 
225 2312.99 
226 2386.96 
227 2552.17 
228 2254.63 
229 2290.45 
230 2326.69 
231 2630.51 
232 2443.58 
233 2377.53 
234 2483.27 
235 2374.78 
236 2358.99 
237 2319.43 
238 2168.96 
239 2372.07 
240 2327.66 
241 2303.83 
242 2506.99 
243 2407.94 
244 2301.51 
245 2209.11 
246 2393.43 
247 2211.69 
248 2375.67 
249 2553.62 
250 2371.59 
251 2158.53 
252 2182.06 
253 2046.37 
254 2069.95 
255 2410.37 
256 2333.47 
257 2258.22 
258 2286.30 
259 2235.51 
260 2242.42 
261 2469.47 
262 2352.79 
263 2383.83 
264 2282.43 
265 2370.14 
266 2361.72 
267 2400.46 
268 2572.59 
269 2218.38 
270 2482.15 
271 2441.85 
272 2478.90 
273 2336.46 
274 2384.65 
275 2454.07 
276 2402.48 
277 2347.62 
278 2313.06 
279 2248.63 
280 2273.77 
281 2135.53 
282 2450.90 
283 2426.36 
284 2373.07 
285 2331.74 
286 2329.53 
287 2198.65 
288 2283.15 
289 1991.96 
290 2335.51 
291 2249.09 
292 2555.33 
293 2360.73 
294 2296.16 
295 2324.19 
296 2212.19 
297 2380.77 
298 2492.27 
299 2415.27 
300 2588.36 
301 2406.64 
302 2200.83 
303 2325.49 
304 2441.85 
305 2398.14 
306 2159.50 
307 2159.33 
308 2462.42 
309 2349.35 
310 2177.05 
311 2260.66 
312 2480.36 
313 2427.25 
314 2223.98 
315 2456.34 
316 2180.89 
317 2409.30 
318 2161.96 
319 2435.41 
320 2469.03 
321 2334.44 
322 2467.53 
323 2286.37 
324 2469.74 
325 2385.08 
326 2261.98 
327 2357.46 
328 2247.69 
329 2563.49 
330 2376.29 
331 2423.35 
332 2261.33 
333 2396.26 
334 2352.53 
335 2393.40 
336 2489.91 
337 2545.43 
338 2369.79 
339 2402.05 
340 2465.07 
341 2262.04 
342 2455.06 
343 2537.16 
344 2502.75 
345 2417.90 
346 2325.79 
347 2103.09 
348 2111.38 
349 2392.21 
350 2259.74 
351 2328.33 
352 2327.09 
353 2180.53 
354 2360.68 
355 2394.05 
356 2310.97 
357 2238.43 
358 2324.28 
359 2717.29 
360 2598.18 
361 2493.68 
362 2402.18 
363 2462.89 
364 2235.05 
365 2451.79 
366 2219.64 
367 2177.49 
368 2216.42 
369 2227.85 
370 2279.01 
371 2274.29 
372 2502.81 
373 2203.58 
374 2348.36 
375 2333.64 
376 2487.17 
377 2435.30 
378 2490.49 
379 2385.21 
380 2459.33 
381 2488.50 
382 2294.50 
383 2557.30 
384 2291.24 
385 2462.25 
386 2478.31 
387 2451.30 
388 2253.83 
389 2316.99 
390 2411.36 
391 2320.11 
392 2296.21 
393 2453.49 
394 2381.67 
395 2498.65 
396 2265.23 
397 2318.20 
398 2268.17 
399 2282.98 
400 2421.04 
401 2434.08 
402 2487.58 
403 2511.25 
404 2361.92 
405 2414.85 
406 2195.19 
407 2493.53 
408 2262.08 
409 2235.37 
410 2516.36 
411 2412.31 
412 2381.51 
413 2487.17 
414 2202.02 
415 2362.33 
416 2611.76 
417 2433.71 
418 2610.30 
419 2173.16 
420 2199.12 
421 2335.42 
422 2445.77 
423 2142.35 
424 2018.55 
425 2592.47 
426 2127.15 
427 2393.47 
428 2202.95 
429 2189.27 
430 2528.57 
431 2372.39 
432 2315.70 
433 2385.85 
434 2355.31 
435 2380.95 
436 2422.13 
437 2394.12 
438 2513.96 
439 2393.30 
440 2426.69 
441 2329.03 
442 2375.19 
443 2469.34 
444 2388.57 
445 2201.99 
446 2439.33 
447 2377.00 
448 2330.76 
449 2357.42 
450 2404.93 
451 2382.86 
452 2507.97 
453 2444.78 
454 2413.86 
455 2351.75 
456 2239.49 
457 2299.58 
458 2477.75 
459 2441.91 
460 2283.75 
461 2318.47 
462 2537.89 
463 2415.23 
464 2540.03 
465 2437.14 
466 2216.91 
467 2501.09 
468 2362.64 
469 2478.56 
470 2522.76 
471 2308.19 
472 2288.45 
473 2295.30 
474 2475.87 
475 2417.05 
476 2301.40 
477 2397.04 
478 2280.63 
479 2556.59 
480 2270.70 
481 2373.54 
482 2381.80 
483 2539.36 
484 2623.71 
485 2377.48 
486 2138.83 
487 2255.66 
488 2121.73 
489 2262.41 
490 2239.50 
491 2497.86 
492 2416.40 
493 2287.80 
494 2511.15 
495 2422.93 
496 2350.94 
497 2423.08 
498 2499.32 
499 2138.85 
500 2473.36 
501 2183.35 
502 2324.34 
503 2443.35 
504 2403.29 
505 2355.87 
506 2305.18 
507 2426.96 
508 2472.45 
509 2421.06 
510 2233.03 
511 2463.02 
512 2284.71 
513 2180.28 
514 2333.39 
515 2134.43 
516 2088.95 
517 2171.97 
518 2390.46 
519 2267.55 
520 2315.30 
521 2299.52 
522 2225.02 
523 2208.81 
524 2652.57 
525 2154.68 
526 2374.44 
527 2313.80 
528 2193.31 
529 2406.21 
530 2454.50 
531 2515.69 
532 2234.96 
533 2217.46 
534 2630.12 
535 2167.71 
536 2200.26 
537 2216.53 
538 2340.87 
539 2453.44 
540 2310.59 
541 2313.54 
542 2399.29 
543 2323.07 
544 2329.70 
545 2293.88 
546 2423.69 
547 2313.90 
548 2420.78 
549 2160.06 
550 2388.12 
551 2226.79 
552 2210.03 
553 2309.90 
554 2443.20 
555 2269.87 
556 2455.96 
557 2261.99 
558 2433.70 
559 2314.93 
560 2342.22 
561 2361.47 
562 2426.89 
563 2256.83 
564 2577.48 
565 2200.50 
566 2376.43 
567 2467.38 
568 2461.09 
569 2281.52 
570 2431.47 
571 2345.08 
572 2515.68 
573 2262.45 
574 2446.79 
575 2394.40 
576 2280.99 
577 2243.15 
578 2160.53 
579 2262.32 
580 2322.15 
581 2258.66 
582 2526.15 
583 2408.78 
584 2381.47 
585 2552.50 
586 2378.02 
587 2310.57 
588 2462.08 
589 2508.56 
590 2408.06 
591 2433.48 
592 2353.56 
593 2525.45 
594 2410.33 
595 2287.58 
596 2355.77 
597 2372.72 
598 2417.97 
599 2297.56 
600 2326.34 
601 2307.02 
602 2514.93 
603 2461.37 
604 2438.96 
605 2390.63 
606 2487.42 
607 2338.10 
608 2348.79 
609 2262.25 
610 2344.91 
611 2279.71 
612 2329.69 
613 2258.97 
614 2245.01 
615 2431.98 
616 2537.75 
617 2306.14 
618 2114.51 
619 2259.73 
620 2318.36 
621 2432.32 
622 2168.32 
623 2152.97 
624 2358.56 
625 2322.78 
626 2396.82 
627 2335.46 
628 2363.98 
629 2483.66 
630 2270.54 
631 2260.17 
632 2446.19 
633 2207.41 
634 2355.10 
635 2338.92 
636 2343.84 
637 2413.79 
638 2424.40 
639 2480.93 
640 2530.70 
641 2289.96 
642 2054.09 
643 2393.41 
644 2550.98 
645 2498.14 
646 2387.13 
647 2413.02 
648 2403.55 
649 2182.54 
650 2555.24 
651 2284.26 
652 2183.88 
653 2247.44 
654 2456.56 
655 2484.20 
656 2363.91 
657 2328.85 
658 2460.43 
659 2441.99 
660 2191.29 
661 2413.35 
662 2407.51 
663 2256.73 
664 2388.08 
665 2285.66 
666 2231.24 
667 2314.28 
668 2386.16 
669 2276.02 
670 2372.84 
671 2625.74 
672 2566.99 
673 2316.67 
674 2429.63 
675 2427.58 
676 2334.29 
677 2026.83 
678 2353.88 
679 2487.08 
680 2614.22 
681 2339.18 
682 2448.85 
683 2225.38 
684 2337.25 
685 2335.88 
686 2156.74 
687 2098.64 
688 2437.32 
689 2566.65 
690 2366.40 
691 2251.76 
692 2405.11 
693 2209.64 
694 2378.95 
695 2522.31 
696 2409.20 
697 2286.76 
698 2206.25 
699 2328.41 
700 2391.41 
701 2418.41 
702 2368.89 
703 2531.64 
704 2211.70 
705 2370.10 
706 2517.52 
707 2388.45 
708 2344.91 
709 2433.78 
710 2290.44 
711 2326.51 
712 2154.40 
713 2508.22 
714 2346.44 
715 2108.52 
716 2325.57 
717 2355.71 
718 2399.34 
719 2494.01 
720 1939.80 
721 2030.01 
722 2507.47 
723 2253.99 
724 2293.25 
725 2397.42 
726 2405.44 
727 2359.54 
728 2404.14 
729 2350.77 
730 2436.85 
731 2418.69 
732 2347.55 
733 2355.15 
734 2293.94 
735 2438.30 
736 2444.79 
737 2538.14 
738 2455.69 
739 2493.20 
740 2357.73 
741 2263.29 
742 2339.21 
743 2609.21 
744 2431.10 
745 2267.34 
746 2464.94 
747 2470.50 
748 2329.96 
749 2533.09 
750 2394.23 
751 2286.64 
752 2041.47 
753 2516.67 
754 2418.76 
755 2215.72 
756 2483.10 
757 2477.11 
758 2499.50 
759 2035.73 
760 2088.53 
761 2537.64 
762 2236.11 
763 2411.56 
764 2600.73 
765 2307.34 
766 2378.88 
767 2537.03 
768 2551.52 
769 2358.41 
770 2326.50 
771 2380.37 
772 2299.41 
773 2238.91 
774 2523.45 
775 2488.73 
776 2396.34 
777 2489.49 
778 2480.31 
779 2397.19 
780 2497.47 
781 2267.85 
782 2299.06 
783 2351.63 
784 2391.70 
785 2259.03 
786 2166.74 
787 2440.82 
788 2381.71 
789 2198.49 
790 2510.74 
791 2356.06 
792 2491.76 
793 2365.38 
794 2323.27 
795 2417.89 
796 2474.58 
797 2361.42 
798 2302.37 
799 2317.51 
800 2343.53 
801 2107.60 
802 2375.34 
803 2380.96 
804 2447.36 
805 2372.04 
806 2267.62 
807 2140.54 
808 2291.00 
809 2341.76 
810 2375.06 
811 2463.12 
812 2380.23 
813 2543.62 
814 2258.11 
815 2213.31 
816 2327.39 
817 2464.97 
818 2508.55 
819 2699.39 
820 2196.38 
821 2285.84 
822 2448.17 
823 2235.93 
824 2481.14 
825 2399.81 
826 2363.22 
827 2420.22 
828 2166.69 
829 2284.49 
830 2577.54 
831 2604.29 
832 2591.65 
833 2444.41 
834 2381.50 
835 2336.48 
836 2237.93 
837 2590.16 
838 2549.58 
839 2284.82 
840 2281.08 
841 2417.63 
842 2495.18 
843 2461.72 
844 2222.07 
845 2510.83 
846 2328.56 
847 2416.89 
848 2576.32 
849 2423.16 
850 2393.03 
851 2485.36 
852 2469.59 
853 2260.45 
854 2431.58 
855 2573.27 
856 2540.45 
857 2305.94 
858 2508.63 
859 2313.26 
860 2378.56 
861 2373.18 
862 2403.26 
863 2286.94 
864 2282.85 
865 2442.73 
866 2550.71 
867 2192.30 
868 2678.58 
869 2518.45 
870 2445.48 
871 2230.65 
872 2408.69 
873 2358.58 
874 2422.89 
875 2444.99 
876 2436.05 
877 2490.05 
878 2540.01 
879 2517.01 
880 2407.23 
881 2353.72 
882 2311.61 
883 2229.41 
884 2415.54 
885 2294.39 
886 2231.56 
887 2200.13 
888 2358.96 
889 2321.59 
890 2467.97 
891 2545.44 
892 2436.79 
893 2483.73 
894 2387.32 
895 2421.33 
896 2097.86 
897 2378.07 
898 2366.34 
899 2318.17 
900 2239.04 
901 2110.09 
902 2448.09 
903 2461.11 
904 2499.51 
905 2284.79 
906 2597.27 
907 2374.08 
908 2578.01 
909 2332.96 
910 2511.30 
911 2568.41 
912 2414.75 
913 2268.06 
914 2513.91 
915 2218.07 
916 1992.37 
917 2411.09 
918 2274.75 
919 2630.42 
920 2310.83 
921 2498.13 
922 2220.79 
923 2312.61 
924 2510.44 
925 2417.73 
926 2223.35 
927 2372.98 
928 2449.43 
929 2392.01 
930 2483.36 
931 2446.31 
932 2483.32 
933 2465.08 
934 2447.08 
935 2369.43 
936 2482.70 
937 2355.58 
938 2298.91 
939 2504.33 
940 2280.13 
941 2349.09 
942 2265.51 
943 2496.90 
944 2327.63 
945 2123.34 
946 2355.06 
947 2528.85 
948 2468.51 
949 2196.40 
950 2573.57 
951 2291.06 
952 2414.17 
953 2534.81 
954 2462.76 
955 2465.01 
956 2316.24 
957 2280.50 
958 2364.55 
959 2325.76 
960 2591.48 
961 2502.93 
962 2412.38 
963 2299.88 
964 2272.74 
965 1991.88 
966 2308.80 
967 2096.04 
968 2070.97 
969 2301.06 
970 2145.56 
971 2303.59 
972 2210.93 
973 2364.02 
974 2430.56 
975 2517.49 
976 2435.60 
977 2479.10 
978 2196.68 
979 2324.39 
980 2269.83 
981 2360.71 
982 2467.81 
983 2315.13 
984 2352.16 
985 2407.23 
986 2295.53 
987 2442.15 
988 2235.11 
989 2186.87 
990 2327.16 
991 2322.85 
992 2305.39 
993 2127.36 
994 2432.34 
995 2390.47 
996 2395.34 
997 2311.20 
998 2270.57 
999 2326.02 
1000 2134.33 
1001 2212.55 
1002 2386.87 
1003 2370.80 
1004 2283.73 
1005 2367.45 
1006 2460.52 
1007 2340.09 
1008 2404.77 
1009 2243.71 
1010 2487.01 
1011 2413.83 
1012 2157.69 
1013 2510.93 
1014 2548.17 
1015 2284.55 
1016 2445.90 
1017 2279.63 
1018 2268.03 
1019 2298.99 
1020 2277.28 
1021 2522.83 
1022 2212.14 
1023 2330.93 
1024 2154.94 
1025 2322.04 
1026 2370.62 
1027 2323.86 
1028 2569.76 
1029 2293.72 
1030 2402.59 
1031 2498.32 
1032 2534.78 
1033 2282.39 
1034 2398.04 
1035 2155.40 
1036 2287.49 
1037 2365.05 
1038 2428.55 
1039 2396.91 
1040 2402.21 
1041 2466.06 
1042 2299.79 
1043 2162.30 
1044 2361.37 
1045 2395.90 
1046 2213.77 
1047 2233.87 
1048 2443.42 
1049 2247.05 
1050 2552.70 
1051 2338.86 
1052 2327.22 
1053 2430.43 
1054 2305.14 
1055 2401.87 
1056 2169.36 
1057 2626.94 
1058 2371.21 
1059 2335.53 
1060 2362.67 
1061 2310.03 
1062 2325.75 
1063 2550.27 
1064 2422.82 
1065 2190.39 
1066 2402.71 
1067 2435.95 
1068 2440.86 
1069 2518.74 
1070 2273.46 
1071 2590.06 
1072 2489.96 
1073 2263.95 
1074 2212.16 
1075 2364.02 
1076 2552.52 
1077 2119.06 
1078 2573.47 
1079 2279.89 
1080 2312.10 
1081 2462.96 
1082 2296.78 
1083 2551.80 
1084 2174.29 
1085 2298.80 
1086 2636.05 
1087 2629.12 
1088 2302.88 
1089 2394.81 
1090 2235.51 
1091 2538.37 
1092 2286.56 
1093 2627.48 
1094 2141.88 
1095 2253.15 
1096 2481.34 
1097 2409.12 
1098 2399.10 
1099 2279.43 
1100 2311.14 
1101 2343.79 
1102 2581.44 
1103 2161.65 
1104 2335.17 
1105 2257.58 
1106 2429.35 
1107 2378.49 
1108 2237.20 
1109 2235.77 
1110 2512.62 
1111 2269.19 
1112 2482.85 
1113 2355.38 
1114 2291.45 
1115 2404.80 
1116 2298.69 
1117 2491.80 
1118 2417.27 
1119 2451.76 
1120 2439.06 
1121 2261.94 
1122 2313.77 
1123 2331.48 
1124 2423.32 
1125 2327.12 
1126 2200.86 
1127 2528.16 
1128 2307.17 
1129 2416.72 
1130 2309.63 
1131 2436.26 
1132 2034.21 
1133 2571.73 
1134 2187.82 
1135 2436.68 
1136 2434.31 
1137 2360.39 
1138 2279.55 
1139 2327.73 
1140 2439.34 
1141 2384.98 
1142 2346.31 
1143 2191.19 
1144 2427.39 
1145 2485.93 
1146 2291.61 
1147 2392.33 
1148 2387.58 
1149 2554.06 
1150 2666.12 
1151 2547.63 
1152 2508.26 
1153 2316.40 
1154 2242.53 
1155 2718.45 
1156 2417.57 
1157 2523.54 
1158 2550.58 
1159 2327.29 
1160 2313.84 
1161 2549.35 
1162 2139.31 
1163 2663.57 
1164 2465.02 
1165 2160.27 
1166 2307.56 
1167 2436.68 
1168 2260.34 
1169 2548.59 
1170 2274.97 
1171 2430.22 
1172 2273.95 
1173 2434.90 
1174 2400.49 
1175 2286.75 
1176 2356.79 
1177 2371.94 
1178 2420.28 
1179 2574.42 
1180 2417.45 
1181 2146.75 
1182 2407.59 
1183 2413.62 
1184 2618.29 
1185 2315.92 
1186 2342.50 
1187 2475.61 
1188 2417.81 
1189 2186.67 
1190 2575.51 
1191 2241.35 
1192 2357.94 
1193 2170.40 
1194 2426.45 
1195 2450.41 
1196 2124.70 
1197 2319.95 
1198 2273.06 
1199 2484.87 
1200 2126.33 
1201 2380.64 
1202 2384.58 
1203 2392.14 
1204 2321.11 
1205 2310.93 
1206 2378.17 
1207 2501.14 
1208 2077.46 
1209 2254.30 
1210 2393.75 
1211 2279.57 
1212 2234.52 
1213 2368.65 
1214 2294.87 
1215 2288.43 
1216 2250.68 
1217 2237.10 
1218 2278.67 
1219 2373.02 
1220 2398.59 
1221 2478.71 
1222 2256.09 
1223 2455.97 
1224 2532.29 
1225 2374.76 
1226 2461.69 
1227 2428.55 
1228 2345.74 
1229 2463.84 
1230 2222.28 
1231 2354.08 
1232 2321.64 
1233 2396.83 
1234 2070.68 
1235 2372.29 
1236 2289.34 
1237 2483.51 
1238 2314.13 
1239 2290.48 
1240 2414.34 
1241 2280.19 
1242 2516.78 
1243 2280.14 
1244 2462.79 
1245 2498.02 
1246 2401.32 
1247 2235.70 
1248 2487.36 
1249 2551.33 
1250 2428.97 
1251 2546.66 
1252 2157.60 
1253 2150.64 
1254 2221.66 
1255 2537.32 
1256 2464.36 
1257 2494.15 
1258 2140.88 
1259 2535.93 
1260 2458.85 
1261 2463.08 
1262 2227.14 
1263 2194.84 
1264 2430.18 
1265 2547.34 
1266 2364.09 
1267 2494.81 
1268 2143.29 
1269 2342.80 
1270 2363.36 
1271 2219.98 
1272 2328.33 
1273 2142.11 
1274 2618.98 
1275 2383.15 
1276 2349.34 
1277 2363.44 
1278 2543.89 
1279 2351.93 
1280 2351.73 
1281 2532.91 
1282 2076.53 
1283 2464.46 
1284 2459.17 
1285 2425.95 
1286 2333.70 
1287 2405.17 
1288 2329.08 
1289 2251.77 
1290 2415.47 
1291 2421.21 
1292 2351.68 
1293 2264.49 
1294 2211.86 
1295 2415.25 
1296 2345.12 
1297 2308.84 
1298 2346.12 
1299 2288.43 
1300 2357.19 
1301 2311.19 
1302 2365.08 
1303 2563.01 
1304 2210.42 
1305 2388.90 
1306 2317.58 
1307 2364.73 
1308 2365.05 
1309 2466.77 
1310 2258.08 
1311 2319.13 
1312 2303.42 
1313 2433.12 
1314 2312.95 
1315 2544.52 
1316 2149.02 
1317 2324.26 
1318 2498.42 
1319 2404.31 
1320 2145.14 
1321 2159.40 
1322 2437.30 
1323 2248.52 
1324 2377.96 
1325 2170.81 
1326 2426.41 
1327 2321.40 
1328 2423.01 
1329 2365.21 
1330 2328.85 
1331 2460.60 
1332 2213.85 
1333 2412.86 
1334 2375.71 
1335 2694.70 
1336 2283.69 
1337 2497.71 
1338 2596.57 
1339 2279.55 
1340 2238.80 
1341 2142.35 
1342 2203.47 
1343 2265.38 
1344 2351.56 
1345 2019.51 
1346 2418.05 
1347 2477.76 
1348 2386.23 
1349 2388.57 
1350 2276.74 
1351 2409.36 
1352 2324.78 
1353 2309.00 
1354 2280.28 
1355 2448.58 
1356 2364.11 
1357 2273.48 
1358 2593.89 
1359 2169.28 
1360 2262.46 
1361 2175.18 
1362 2327.80 
1363 2226.17 
1364 2329.54 
1365 2326.56 
1366 2414.39 
1367 2439.04 
1368 2219.74 
1369 2313.28 
1370 2277.29 
1371 2396.19 
1372 2391.70 
1373 2456.26 
1374 2125.98 
1375 2409.76 
1376 2444.12 
1377 2179.32 
1378 2435.65 
1379 2384.69 
1380 2554.63 
1381 2489.65 
1382 2073.84 
1383 2167.66 
1384 2377.46 
1385 2391.28 
1386 2201.77 
1387 2380.42 
1388 2400.77 
1389 2233.35 
1390 2213.21 
1391 2269.08 
1392 2343.87 
1393 2379.30 
1394 2185.59 
1395 2229.46 
1396 2311.43 
1397 2425.21 
1398 2466.60 
1399 2257.49 
1400 2317.27 
1401 2126.08 
1402 2259.33 
1403 2371.16 
1404 2318.54 
1405 2412.64 
1406 2182.62 
1407 2303.31 
1408 2491.37 
1409 2471.60 
1410 2304.87 
1411 2345.09 
1412 2121.71 
1413 2206.22 
1414 2267.35 
1415 2399.09 
1416 2421.36 
1417 2431.43 
1418 2150.72 
1419 2400.43 
1420 2444.42 
1421 2497.42 
1422 2176.15 
1423 2265.75 
1424 2504.71 
1425 2437.95 
1426 2295.94 
1427 2308.66 
1428 2366.02 
1429 2293.67 
1430 2712.15 
1431 2395.93 
1432 2178.30 
1433 2318.22 
1434 2188.58 
1435 2254.10 
1436 2323.25 
1437 2224.02 
1438 2321.60 
1439 2219.64 
1440 2273.77 
1441 2421.93 
1442 2382.23 
1443 2406.16 
1444 2414.84 
1445 2424.96 
1446 2154.03 
1447 2327.39 
1448 2468.06 
1449 2597.57 
1450 2428.83 
1451 2553.63 
1452 2354.83 
1453 2415.21 
1454 2365.74 
1455 2345.06 
1456 2135.93 
1457 2465.43 
1458 2356.74 
1459 2567.87 
1460 2324.55 
1461 2419.83 
1462 2260.82 
1463 2161.60 
1464 2388.76 
1465 2044.81 
1466 2595.50 
1467 2597.97 
1468 2394.66 
1469 2585.14 
1470 2141.46 
1471 2224.09 
1472 2359.55 
0 2363.40 
1 2306.47 
2 2236.44 
3 2440.81 
4 2325.32 
5 2444.85 
6 2146.53 
7 2333.81 
8 2338.20 
9 2344.24 
10 2515.77 
11 2331.33 
12 2462.13 
13 2386.87 
14 2262.51 
15 2392.47 
16 2268.97 
17 2237.09 
18 2320.11 
19 2274.97 
20 2211.26 
21 2478.89 
22 2316.34 
23 2357.43 
24 2312.29 
25 2508.59 
26 2297.77 
27 2402.98 
28 2260.70 
29 2432.90 
30 2540.24 
31 2363.34 
32 2167.27 
33 2405.46 
34 2249.37 
35 2427.71 
36 2414.56 
37 2272.11 
38 2452.05 
39 2304.52 
40 2664.06 
41 2296.98 
42 2336.82 
43 2456.60 
44 2289.60 
45 2205.58 
46 2481.37 
47 2552.41 
48 2327.80 
49 2556.99 
50 2442.79 
51 2403.87 
52 2363.95 
53 2479.22 
54 2383.56 
55 2303.43 
56 2350.30 
57 2444.45 
58 2244.02 
59 2181.77 
60 2200.10 
61 2236.76 
62 2324.60 
63 2266.56 
64 2146.16 
65 2321.09 
66 2291.40 
67 2206.72 
68 2438.72 
69 2267.10 
70 2202.04 
71 2283.99 
72 2329.48 
73 2656.05 
74 2313.46 
75 2265.48 
76 2403.23 
77 2419.95 
78 2397.23 
79 2491.38 
80 2267.56 
81 2348.62 
82 2376.16 
83 2480.16 
84 2467.70 
85 2436.17 
86 2033.74 
87 2406.79 
88 2522.97 
89 2308.91 
90 2318.06 
91 2343.37 
92 2460.21 
93 2306.24 
94 2473.25 
95 2275.58 
96 2262.26 
97 2227.04 
98 2408.76 
99 2312.01 
100 2302.26 
101 2244.37 
102 2361.11 
103 2172.10 
104 2569.87 
105 2313.04 
106 2335.22 
107 2336.83 
108 2222.21 
109 2258.30 
110 2612.80 
111 2469.01 
112 2367.45 
113 2270.15 
114 2426.79 
115 2491.53 
116 2317.88 
117 2309.59 
118 2398.97 
119 2449.20 
120 2550.66 
121 2319.26 
122 2249.81 
123 2162.44 
124 2253.10 
125 2397.01 
126 2415.20 
127 2257.20 
128 2396.77 
129 2361.02 
130 2512.42 
131 2220.79 
132 2435.45 
133 2254.33 
134 2396.29 
135 2274.26 
136 2623.16 
137 2166.27 
138 2390.83 
139 2471.64 
140 2295.57 
141 2548.38 
142 2329.77 
143 2236.33 
144 2381.35 
145 2426.40 
146 2288.76 
147 2207.54 
