Seed 0:
0 -245.52 
1 -304.16 
2 -313.20 
3 -333.40 
4 -386.28 
5 -388.86 
6 -357.74 
7 -378.96 
8 -370.62 
9 -369.68 
10 -347.67 
11 -281.66 
12 -130.86 
13 -214.30 
14 -189.29 
15 -68.98 
16 -21.33 
17 84.48 
18 98.00 
19 187.84 
20 158.80 
21 173.66 
22 193.61 
23 194.25 
24 232.93 
25 322.60 
26 304.95 
27 277.12 
28 487.58 
29 474.45 
30 498.29 
31 645.87 
32 543.58 
33 604.25 
34 698.79 
35 591.19 
36 717.46 
37 796.73 
38 688.04 
39 836.75 
40 964.16 
41 850.48 
42 871.93 
43 1024.36 
44 1116.20 
45 1148.81 
46 1009.85 
47 1278.73 
48 1239.77 
49 1128.70 
50 1196.37 
51 984.73 
52 1181.55 
53 1120.71 
54 1206.53 
55 1074.47 
56 1194.35 
57 1177.85 
58 1418.62 
59 1303.16 
60 1288.51 
61 1279.54 
62 1132.69 
63 1237.35 
64 1287.93 
65 1122.07 
66 1241.50 
67 1251.89 
68 1427.69 
69 1235.53 
70 1327.72 
71 1367.36 
72 1518.52 
73 1436.99 
74 1364.63 
75 1361.01 
76 1372.90 
77 1476.82 
78 1294.04 
79 1495.68 
80 1297.38 
81 1425.28 
82 1460.97 
83 1331.98 
84 1484.83 
85 1442.62 
86 1329.31 
87 1252.71 
88 1401.74 
89 1310.95 
90 1605.56 
91 1282.37 
92 1331.09 
93 1312.45 
94 1357.55 
95 1266.67 
96 1394.88 
97 1320.53 
98 1358.51 
99 1238.15 
100 1471.88 
101 1418.16 
102 1455.22 
103 1382.51 
104 1409.39 
105 1304.95 
106 1406.00 
107 1570.95 
108 1558.86 
109 1439.00 
110 1395.81 
111 1503.86 
112 1333.59 
113 1466.38 
114 1536.84 
115 1293.37 
116 1250.85 
117 1480.92 
118 1473.52 
119 1451.88 
120 1606.36 
121 1572.60 
122 1525.85 
123 1288.08 
124 1446.56 
125 1444.52 
126 1415.55 
127 1339.90 
128 1517.71 
129 1351.10 
130 1343.76 
131 1353.54 
132 1332.41 
133 1261.53 
134 1418.22 
135 1492.03 
136 1506.73 
137 1397.48 
138 1406.99 
139 1386.49 
140 1420.41 
141 1441.14 
142 1445.99 
143 1362.32 
144 1389.98 
145 1380.74 
146 1248.02 
147 1371.94 
148 1648.06 
149 1365.24 
150 1426.52 
151 1527.69 
152 1374.32 
153 1548.68 
154 1332.67 
155 1592.89 
156 1348.69 
157 1350.84 
158 1502.48 
159 1327.41 
160 1524.40 
161 1351.95 
162 1639.12 
163 1444.12 
164 1423.87 
165 1276.54 
166 1259.93 
167 1394.39 
168 1413.56 
169 1493.58 
170 1267.64 
171 1543.17 
172 1368.37 
173 1565.24 
174 1369.62 
175 1353.06 
176 1511.86 
177 1351.85 
178 1347.94 
179 1433.06 
180 1351.60 
181 1464.86 
182 1515.51 
183 1313.95 
184 1347.47 
185 1496.15 
186 1505.58 
187 1543.05 
188 1653.02 
189 1596.91 
190 1617.87 
191 1387.82 
192 1513.45 
193 1486.33 
194 1334.15 
195 1361.90 
196 1615.83 
197 1498.37 
198 1433.63 
199 1366.27 
200 1529.36 
201 1529.61 
202 1337.83 
203 1516.13 
204 1403.10 
205 1486.02 
206 1515.37 
207 1338.06 
208 1473.17 
209 1417.81 
210 1387.48 
211 1552.22 
212 1543.12 
213 1378.32 
214 1535.20 
215 1626.75 
216 1270.65 
217 1307.34 
218 1246.44 
219 1628.48 
220 1421.84 
221 1404.72 
222 1558.85 
223 1503.01 
224 1413.44 
225 1511.31 
226 1503.33 
227 1568.55 
228 1374.30 
229 1397.31 
230 1318.50 
231 1569.53 
232 1405.47 
233 1321.36 
234 1492.95 
235 1479.19 
236 1448.97 
237 1412.34 
238 1327.29 
239 1588.21 
240 1488.31 
241 1504.53 
242 1433.68 
243 1393.31 
244 1491.45 
245 1605.02 
246 1384.22 
247 1278.95 
248 1424.74 
249 1365.91 
250 1493.62 
251 1526.46 
252 1662.81 
253 1661.71 
254 1305.56 
255 1329.17 
256 1569.11 
257 1437.43 
258 1440.93 
259 1644.42 
0 1781.02 
260 1506.36 
1 1543.17 
261 1290.99 
2 1396.56 
262 1435.28 
3 1563.10 
263 1394.74 
4 1568.39 
264 1368.10 
5 1345.00 
265 1440.69 
6 1511.39 
266 1259.06 
7 1579.41 
267 1518.62 
8 1742.04 
268 1589.43 
9 1683.01 
269 1560.46 
10 1165.16 
270 1496.86 
11 1551.31 
271 1572.23 
12 1557.84 
272 1402.57 
13 1487.64 
273 1563.16 
14 1552.29 
274 1547.62 
15 1387.13 
275 1495.85 
16 1437.99 
276 1574.09 
17 1496.46 
277 1456.81 
18 1381.16 
278 1571.29 
19 1607.96 
279 1317.98 
20 1432.36 
280 1584.91 
21 1677.26 
281 1476.50 
22 1617.18 
282 1531.47 
23 1514.25 
283 1451.82 
24 1375.15 
284 1388.64 
25 1521.59 
285 1713.34 
26 1569.47 
286 1356.92 
27 1539.77 
287 1421.56 
28 1488.27 
288 1634.56 
29 1494.49 
289 1476.93 
30 1754.58 
290 1472.84 
31 1637.60 
291 1486.12 
32 1657.36 
292 1451.75 
33 1512.19 
293 1507.64 
34 1742.08 
294 1606.65 
35 1469.90 
295 1658.65 
36 1646.27 
296 1563.91 
37 1638.15 
297 1412.75 
38 1663.01 
298 1330.68 
39 1511.97 
299 1571.45 
40 1510.10 
300 1817.84 
41 1593.80 
301 1552.36 
42 1567.77 
302 1588.92 
43 1444.17 
303 1595.86 
44 1573.29 
304 1592.86 
45 1592.40 
305 1511.05 
46 1440.22 
306 1702.44 
47 1413.37 
307 1643.89 
48 1557.24 
308 1578.15 
49 1452.10 
309 1442.45 
50 1598.18 
310 1642.18 
51 1593.96 
311 1536.46 
52 1787.66 
312 1510.60 
53 1630.65 
313 1657.70 
54 1627.15 
314 1692.64 
55 1515.12 
315 1411.05 
56 1532.41 
316 1569.18 
57 1549.46 
317 1592.95 
58 1669.14 
318 1449.82 
59 1471.30 
319 1293.95 
60 1570.49 
320 1502.45 
61 1509.67 
321 1538.51 
62 1656.01 
322 1611.28 
63 1601.35 
323 1455.24 
64 1581.73 
324 1563.81 
65 1492.53 
325 1574.40 
66 1582.46 
326 1791.22 
67 1575.61 
327 1603.45 
68 1593.14 
328 1552.34 
69 1534.06 
329 1849.36 
70 1657.08 
330 1689.09 
71 1499.93 
331 1658.04 
72 1497.10 
332 1719.43 
73 1732.40 
74 1672.17 
333 1588.44 
75 1612.12 
334 1547.63 
76 1692.91 
335 1618.65 
77 1522.87 
336 1641.97 
78 1645.33 
337 1626.40 
79 1503.58 
338 1523.38 
80 1511.15 
339 1535.32 
340 1688.52 
81 1764.07 
341 1631.01 
82 1833.01 
342 1658.43 
83 1455.43 
343 1677.38 
84 1614.89 
344 1652.11 
85 1623.01 
345 1627.71 
86 1788.66 
346 1606.21 
87 1657.99 
347 1716.16 
88 1802.87 
348 1649.38 
89 1618.37 
349 1695.97 
90 1526.91 
350 1520.01 
91 1742.98 
92 1673.59 
351 1634.15 
352 1670.48 
93 1653.40 
353 1597.36 
94 1643.69 
95 1622.04 
354 1495.69 
96 1799.03 
355 1638.26 
97 1596.29 
356 1625.55 
98 1642.14 
357 1633.37 
358 1584.80 
99 1407.19 
100 1596.52 
359 1682.94 
101 1679.49 
360 1522.00 
102 1625.20 
361 1924.67 
103 1566.96 
362 1670.83 
104 1703.51 
363 1744.93 
105 1426.63 
364 1454.50 
106 1495.37 
365 1529.40 
107 1784.72 
366 1591.65 
108 1676.01 
367 1724.24 
109 1738.76 
368 1686.84 
110 1689.98 
369 1774.51 
111 1754.30 
370 1704.68 
112 1789.09 
371 1471.92 
113 1758.16 
372 1669.46 
114 1534.22 
373 1836.89 
115 1689.58 
374 1586.82 
116 1583.60 
375 1769.73 
117 1686.04 
376 1763.74 
118 1744.90 
377 1488.62 
119 1608.09 
378 1666.27 
120 1800.15 
379 1669.56 
121 1544.24 
380 1565.41 
122 1598.80 
381 1500.56 
123 1604.39 
382 1717.66 
124 1764.65 
383 1807.94 
125 1539.25 
384 1440.95 
126 1688.79 
385 1654.17 
127 1670.68 
386 1456.31 
128 1665.00 
387 1727.20 
129 1779.22 
388 1690.91 
130 1548.92 
389 1640.89 
131 1681.36 
390 1710.24 
132 1614.14 
391 1463.92 
133 2022.42 
392 1602.87 
134 1731.58 
393 1718.19 
135 1670.34 
394 1473.52 
136 1761.63 
395 1789.71 
137 1530.97 
396 1675.61 
138 1847.31 
397 1802.54 
139 1635.19 
398 1682.83 
140 1681.03 
399 1658.20 
141 1629.71 
400 1733.19 
142 1812.57 
401 1791.40 
143 1498.32 
402 1532.40 
144 1511.13 
403 1710.11 
145 1633.39 
404 1540.03 
146 1637.68 
405 1759.06 
147 1813.10 
406 1852.46 
148 1684.92 
407 1831.35 
149 1862.10 
408 1642.50 
150 1713.86 
409 1691.15 
151 1597.69 
410 1520.62 
411 1701.86 
152 1651.21 
412 1669.68 
153 1624.99 
413 1825.00 
154 1597.53 
155 1654.17 
414 1779.36 
415 1771.77 
156 1701.10 
416 1507.29 
157 1714.76 
158 1574.65 
417 1614.71 
418 1716.40 
159 1661.00 
419 1587.96 
160 1759.73 
420 1586.76 
161 1694.84 
421 1850.48 
162 1595.26 
422 1690.83 
163 1720.05 
423 1385.33 
164 1877.92 
424 1885.73 
165 1634.44 
425 1909.06 
166 1689.14 
426 1544.80 
167 1634.04 
427 1602.36 
168 1655.98 
428 1548.52 
169 1863.72 
429 1683.25 
170 1723.62 
430 1609.11 
171 1769.19 
431 1690.61 
172 1665.17 
432 1658.80 
173 1495.45 
433 1723.45 
174 1594.63 
434 1703.84 
175 1713.46 
435 1832.41 
176 1807.70 
436 1780.24 
177 1863.65 
437 1660.92 
178 1697.64 
438 1443.46 
179 1789.69 
439 1688.88 
180 1640.46 
440 1608.23 
181 1926.04 
441 1604.14 
182 1586.96 
442 1440.60 
183 1955.79 
443 1891.80 
184 1731.75 
444 1695.75 
185 1755.75 
445 1680.05 
186 1794.76 
446 1798.80 
187 1627.26 
447 1874.42 
188 1748.29 
448 1610.32 
189 1751.04 
449 1847.68 
190 1727.77 
191 1504.77 
450 1673.31 
192 1731.01 
451 1770.30 
452 1759.88 
193 1714.51 
453 1862.12 
194 1688.71 
454 1632.20 
195 1779.79 
455 1684.20 
196 1596.88 
456 1556.93 
197 1763.22 
457 1607.50 
198 1704.25 
458 1734.48 
199 1584.72 
459 1806.47 
200 1850.34 
460 1668.37 
201 1840.85 
461 1583.44 
202 1721.65 
462 1751.03 
203 1623.01 
463 1764.85 
204 1876.35 
464 1748.13 
205 1516.28 
465 1641.91 
206 1803.00 
466 1791.06 
207 1721.49 
467 1680.30 
208 1713.70 
468 1689.04 
209 1729.91 
469 1713.00 
210 1679.43 
470 1844.38 
211 1663.29 
471 1647.85 
212 1594.65 
472 1756.49 
213 1655.72 
473 1888.13 
214 1543.19 
474 1830.37 
215 1719.93 
475 1778.77 
216 1649.89 
476 1784.19 
217 1667.13 
477 1883.99 
218 1682.52 
478 1713.50 
219 1609.08 
479 1782.62 
220 1765.25 
480 1783.08 
221 1735.79 
481 1552.50 
222 1803.21 
482 1749.30 
223 1690.39 
483 1763.91 
224 1779.22 
484 1712.21 
225 1622.40 
485 1616.84 
226 1600.33 
486 1840.74 
227 1624.17 
487 1570.13 
228 1841.57 
488 1757.73 
229 1714.06 
489 1515.37 
230 1631.89 
490 1933.08 
231 1815.96 
491 1571.00 
232 1680.74 
492 1605.60 
233 1717.62 
493 1781.21 
234 1981.54 
494 1771.68 
235 1742.94 
495 1758.29 
236 1751.12 
496 1738.45 
237 1618.31 
497 1798.39 
238 1805.47 
498 1857.20 
239 1783.84 
499 1590.15 
240 1629.29 
500 1763.26 
241 1775.84 
501 1651.57 
242 1915.91 
502 1818.53 
243 1848.38 
503 1840.42 
244 1695.08 
504 1759.81 
245 1683.89 
505 1725.77 
246 1789.41 
506 1764.43 
247 1697.94 
507 1871.00 
248 1679.67 
508 1785.42 
249 1728.69 
509 1813.87 
250 1640.51 
510 1650.12 
251 1620.26 
511 1632.62 
252 1717.67 
512 1713.95 
253 1922.66 
254 1775.19 
513 1820.98 
255 1774.00 
514 1977.37 
256 1658.06 
515 2088.79 
257 1593.18 
516 2054.40 
258 1701.54 
517 2094.10 
259 1615.17 
518 2153.26 
260 1619.44 
519 2131.98 
261 1818.01 
520 2020.35 
262 1684.60 
521 1959.13 
263 1612.07 
522 2372.71 
264 1582.30 
523 2148.82 
265 1769.40 
524 2083.10 
266 1910.68 
525 2261.65 
267 1782.82 
526 2427.38 
268 1630.50 
527 2047.69 
269 1758.57 
528 2220.68 
270 1792.67 
529 2181.69 
530 2178.23 
271 1687.90 
531 2241.40 
272 1647.75 
532 2244.39 
273 1600.03 
533 2210.03 
274 1637.68 
534 2186.03 
275 1817.83 
535 2385.22 
276 1841.17 
536 2186.86 
277 1872.24 
537 2334.58 
278 1837.48 
538 2329.63 
279 1739.61 
539 2164.31 
280 1613.79 
540 2236.04 
281 1426.86 
541 2246.34 
282 1789.40 
542 1966.69 
283 1764.11 
543 2058.24 
284 1847.52 
544 2008.64 
285 1651.51 
545 2324.66 
286 1663.98 
546 2166.19 
287 1761.71 
547 2250.04 
288 1799.68 
548 2342.79 
289 1652.20 
549 2117.70 
290 1803.16 
550 1990.99 
291 1698.69 
551 2327.26 
292 1753.21 
552 2178.89 
293 1662.74 
553 2261.05 
294 1729.04 
554 2412.70 
295 1888.13 
555 2353.51 
296 1662.67 
556 2187.69 
297 1803.74 
557 2255.95 
298 1826.41 
558 2090.54 
299 1820.86 
559 2170.03 
300 1504.07 
560 2181.05 
301 1800.05 
561 2491.84 
302 1775.35 
562 2317.49 
303 1825.38 
563 2281.04 
304 1795.11 
564 2420.35 
305 1851.58 
565 2214.66 
306 1814.24 
566 2329.13 
307 1891.35 
567 2250.72 
308 1803.97 
568 2203.76 
309 1550.69 
569 2250.53 
310 1797.32 
570 2274.36 
311 1845.26 
571 2160.62 
312 1727.34 
572 2380.60 
313 1747.04 
573 2282.59 
314 1669.90 
574 2317.49 
315 1803.49 
575 2306.08 
316 1697.92 
576 2284.98 
317 1645.28 
577 2258.94 
318 1772.12 
578 2502.33 
319 1755.03 
579 1990.97 
320 1626.66 
580 2072.28 
321 1778.91 
581 2266.70 
322 1650.98 
582 2282.07 
323 1705.98 
583 2331.13 
324 1662.86 
584 2272.44 
325 1652.64 
585 2443.84 
326 1736.07 
586 2259.99 
327 1720.01 
587 2397.81 
328 1551.63 
588 2470.99 
329 1775.70 
589 2445.66 
330 1820.33 
590 2272.47 
331 1757.15 
591 2325.45 
332 1622.30 
592 2202.94 
333 1729.65 
593 2336.77 
334 1795.76 
594 2321.71 
335 1762.75 
595 2026.53 
336 1652.64 
596 2525.49 
337 1805.20 
597 2095.85 
338 1726.29 
598 2114.69 
339 1612.05 
599 1988.33 
340 1803.45 
600 2315.10 
341 1704.16 
601 2177.56 
342 1680.25 
602 2179.58 
343 1741.96 
603 2072.14 
344 1857.01 
604 2046.76 
345 1765.33 
605 2170.07 
346 1893.74 
606 2490.27 
347 1696.87 
607 2237.83 
348 1709.71 
608 2170.38 
349 1728.17 
609 2226.32 
350 1868.66 
610 2359.01 
351 1882.14 
611 2202.47 
352 1831.62 
612 2193.22 
353 1762.84 
613 2279.97 
354 1722.14 
614 1957.51 
355 1899.94 
615 2186.78 
616 2145.19 
356 1666.65 
617 2184.77 
357 1612.21 
358 1552.56 
618 2328.22 
359 1801.67 
619 2260.20 
620 2325.30 
360 1819.42 
621 2375.67 
361 1723.33 
622 2494.80 
362 1694.30 
623 2212.19 
363 1674.04 
624 2370.04 
364 1841.61 
625 2438.05 
365 1758.25 
626 2220.09 
366 1795.21 
627 2240.47 
367 1965.90 
628 2059.79 
368 1717.32 
629 2044.82 
369 1857.87 
630 2438.57 
370 1736.83 
631 1969.17 
371 1805.83 
632 2235.51 
372 1761.52 
633 2045.58 
373 1639.42 
634 2458.25 
374 1581.85 
635 2178.53 
375 1811.39 
636 2402.59 
376 1669.27 
637 2245.65 
377 1611.31 
638 2215.78 
378 1923.34 
639 2016.66 
379 1725.91 
640 2178.83 
380 1815.37 
641 2277.21 
381 1888.20 
642 2299.43 
382 1839.06 
643 2229.68 
383 1664.11 
644 2346.46 
384 1746.99 
645 2443.06 
385 1632.01 
646 2285.17 
386 1859.62 
647 2365.63 
387 1855.76 
648 2302.04 
388 1792.05 
649 1991.04 
389 1692.70 
650 2400.15 
390 1823.67 
651 2376.19 
391 1906.77 
652 2210.75 
392 1678.35 
653 2336.13 
393 1680.49 
654 2185.42 
394 1840.61 
655 2083.05 
395 1773.66 
656 1990.44 
396 1833.18 
657 2255.81 
397 1722.53 
658 2446.98 
398 1729.24 
659 2345.13 
399 1638.04 
660 2246.49 
400 1832.64 
661 2211.98 
401 1824.96 
662 2283.75 
402 1753.31 
663 2416.11 
403 1727.63 
664 2125.73 
404 1654.03 
665 2372.95 
405 1831.21 
666 2281.98 
406 1751.27 
667 2281.18 
407 1944.79 
668 2277.77 
408 1708.54 
669 2136.17 
409 1879.16 
670 1930.27 
410 1750.82 
671 2468.34 
411 1453.80 
672 2363.84 
412 1848.78 
673 2237.37 
413 1643.28 
674 1909.59 
414 1662.07 
675 2153.79 
415 1796.21 
676 2237.71 
416 1686.12 
677 2650.65 
417 1622.87 
678 1995.90 
418 1752.70 
679 2353.08 
419 1593.11 
680 2003.55 
420 1620.41 
681 2024.89 
421 1826.08 
682 2188.85 
422 1924.63 
683 2178.13 
423 1719.81 
684 2213.32 
424 1759.30 
685 2208.02 
425 1818.14 
686 1909.45 
426 1683.63 
687 2543.58 
427 1727.73 
688 2149.49 
428 1949.50 
689 2146.36 
429 1838.16 
690 2002.16 
430 1690.48 
691 2378.70 
431 1826.19 
692 1980.16 
432 1794.26 
693 2270.76 
433 1907.51 
694 2140.33 
434 1866.10 
695 2180.12 
435 1936.49 
696 2133.86 
436 2055.59 
697 2245.85 
437 2093.34 
698 2350.44 
438 1976.24 
699 2313.37 
439 2033.58 
700 1958.82 
440 2404.42 
701 2159.94 
441 2343.11 
702 2291.27 
442 2113.19 
703 2439.74 
443 2248.14 
704 2210.81 
444 2037.66 
705 2337.42 
445 2255.19 
706 2383.40 
446 2186.08 
707 2146.08 
447 2114.19 
708 2271.46 
448 2225.51 
709 2505.94 
449 2332.10 
710 2360.72 
450 2334.32 
711 2301.60 
451 2051.71 
712 2235.68 
452 2293.21 
713 2252.64 
453 2217.13 
714 2118.76 
454 2340.37 
715 2284.65 
455 2023.79 
716 2051.78 
456 2258.30 
717 2236.17 
457 2220.15 
718 2188.30 
458 2134.84 
719 2094.21 
459 2299.19 
720 2217.63 
460 2107.23 
721 2380.00 
461 2076.59 
722 2261.44 
462 2320.26 
723 2206.74 
463 2223.02 
724 2178.01 
464 2123.14 
725 2063.70 
465 2017.72 
726 2321.89 
466 2164.83 
727 2197.16 
467 2006.80 
728 2386.74 
468 2274.90 
729 2134.15 
469 2286.71 
730 2022.85 
470 2247.32 
731 2365.52 
471 2151.74 
732 2059.66 
472 2209.47 
733 2340.73 
734 2254.08 
473 2351.87 
474 2231.41 
735 2160.18 
475 2261.49 
736 2375.00 
476 2359.74 
737 2340.81 
477 2307.15 
738 2181.50 
478 2214.21 
739 2228.10 
740 2258.91 
479 2071.56 
480 2364.63 
741 2211.28 
481 2115.60 
742 2139.68 
743 2412.40 
482 2307.58 
483 2257.66 
744 2367.90 
484 2110.70 
745 2329.47 
485 2104.26 
746 2102.20 
486 2319.26 
747 2308.52 
487 2108.03 
748 2180.93 
749 2294.16 
488 2084.39 
750 2368.64 
489 1922.36 
751 2287.71 
490 2246.28 
752 2294.19 
491 2259.40 
753 2340.41 
492 2147.52 
754 2084.57 
493 2162.82 
755 2264.29 
494 2290.58 
756 2032.59 
495 2403.78 
757 2373.39 
496 2173.85 
758 2308.34 
497 2355.88 
759 2235.54 
498 2044.16 
760 2262.43 
499 2314.47 
761 2308.61 
500 2113.30 
762 2004.31 
501 2191.17 
763 2366.10 
502 2322.21 
764 2311.88 
503 2260.30 
765 2292.95 
504 2089.76 
766 2220.54 
505 2283.09 
506 2056.36 
767 2260.90 
768 2419.83 
507 2392.68 
769 2280.88 
508 2290.32 
509 2220.40 
770 2176.96 
771 2391.36 
510 2292.10 
511 2013.17 
772 2537.57 
512 2186.97 
773 2209.10 
513 2346.17 
774 2157.84 
514 2237.51 
775 2319.87 
515 2220.00 
776 2205.30 
516 2353.91 
777 2431.49 
517 2468.28 
778 2329.43 
518 2235.15 
779 2126.50 
519 2304.70 
780 2522.32 
520 2065.46 
781 2361.65 
521 2186.86 
782 2249.72 
522 2235.52 
783 2363.82 
523 2111.48 
784 2353.96 
524 2512.56 
785 2339.51 
525 2369.30 
786 2197.16 
526 2212.48 
787 2462.46 
527 2345.50 
788 2359.81 
528 2163.90 
789 2187.79 
529 2178.93 
790 2324.61 
530 2175.69 
791 2423.12 
531 2165.46 
792 2282.38 
532 2196.86 
793 2147.42 
533 2339.10 
794 2319.46 
534 2307.44 
795 2219.45 
535 2291.19 
796 2234.40 
797 2380.15 
536 2217.08 
798 2502.22 
537 2031.28 
799 2425.75 
538 2230.90 
800 2381.83 
539 2308.59 
801 2373.27 
540 2335.12 
802 2318.95 
541 2017.69 
803 2123.66 
542 2258.33 
804 2092.15 
543 2355.16 
805 2409.50 
544 2216.73 
806 2220.82 
545 2185.15 
807 2313.14 
546 2187.21 
808 2410.06 
547 2126.85 
809 2295.17 
548 2225.15 
810 2113.27 
549 2128.40 
811 2347.00 
550 2438.30 
812 2331.26 
551 2262.28 
813 2038.41 
552 2171.12 
814 2330.40 
553 2131.73 
815 2168.82 
554 2258.13 
816 2227.54 
555 1870.56 
817 2361.75 
556 2245.05 
818 2129.59 
557 2002.73 
558 2048.07 
819 2067.37 
559 2192.48 
820 2177.42 
560 2004.44 
821 2262.48 
561 2028.09 
822 1991.87 
562 2123.86 
823 2160.63 
563 2389.30 
824 2215.95 
564 2513.32 
825 2404.35 
565 2058.16 
826 2210.84 
566 2060.06 
827 2160.14 
828 2284.18 
567 2154.74 
568 2323.46 
829 2210.09 
830 2263.10 
569 2394.01 
831 2201.35 
570 2392.95 
571 2008.56 
832 2372.61 
833 2349.44 
572 2146.72 
834 2451.05 
573 2270.92 
835 2293.47 
574 2028.98 
836 2386.19 
575 2265.41 
837 2352.68 
576 2138.61 
838 2214.22 
577 2160.99 
839 2214.66 
578 2028.24 
840 2074.66 
579 2217.84 
841 2235.84 
580 2045.82 
842 2287.49 
581 2521.73 
843 2268.42 
582 2362.44 
844 2025.30 
583 2329.21 
845 2002.52 
584 2111.56 
846 1968.26 
585 2007.71 
847 2584.36 
586 2554.04 
848 2150.08 
587 2206.93 
849 2079.63 
588 2326.71 
850 2201.25 
589 2302.49 
851 2157.69 
590 2417.65 
852 2083.54 
591 2241.74 
853 2130.92 
592 2363.08 
854 2375.68 
593 2112.42 
855 2379.28 
594 2317.30 
856 2174.62 
595 2389.93 
857 2390.93 
596 2194.69 
858 2458.40 
597 2300.74 
859 2152.67 
598 2197.91 
860 2088.20 
599 2120.01 
861 2345.94 
600 2320.96 
862 2113.55 
601 2301.07 
863 2371.97 
602 2196.66 
864 2265.49 
603 2049.29 
865 2377.55 
604 2127.11 
866 2108.81 
605 2154.45 
867 2189.65 
606 2214.55 
868 2352.88 
607 2172.65 
869 2108.01 
608 2228.08 
870 2338.02 
609 2108.75 
871 2101.19 
610 2177.69 
872 2271.93 
611 2303.01 
873 2047.92 
612 2346.39 
874 2284.32 
613 2205.33 
875 2169.41 
614 2241.09 
876 2234.92 
615 2454.32 
877 2472.15 
616 2271.25 
878 2075.81 
617 2177.39 
879 2194.68 
618 2337.10 
880 2189.59 
619 2198.11 
881 2341.46 
620 2293.77 
882 2286.18 
621 2630.72 
883 2365.90 
622 2247.19 
884 2509.57 
623 2380.80 
885 2323.88 
624 2239.99 
886 2402.63 
625 2343.42 
887 2116.82 
626 2221.88 
888 2174.58 
627 2271.47 
889 2200.13 
628 2312.86 
890 2015.59 
629 2086.87 
891 2227.93 
630 2341.74 
892 2112.11 
631 2189.01 
893 2040.74 
632 2078.78 
894 2244.66 
633 2094.39 
895 2202.61 
634 2158.35 
896 2514.00 
897 2189.51 
635 2261.06 
898 2423.60 
636 2261.34 
899 2217.64 
637 2270.13 
900 2563.08 
638 2348.06 
901 2198.15 
639 2182.31 
902 2028.30 
640 2154.16 
903 2064.38 
641 2280.77 
904 2344.10 
642 2150.93 
905 2063.60 
643 2229.15 
906 2126.82 
644 2453.82 
907 2212.51 
645 2338.31 
908 2050.09 
646 2319.02 
909 2277.83 
647 2292.13 
910 2264.10 
648 2127.94 
911 2209.50 
649 2336.58 
912 2237.48 
650 2266.48 
913 2217.81 
651 2236.04 
914 2343.42 
652 2246.01 
915 2221.69 
653 2330.23 
916 2100.14 
654 2367.26 
917 2140.80 
655 2257.68 
918 2254.49 
656 2209.73 
919 2334.20 
657 2319.85 
920 2220.90 
658 2566.56 
921 2375.73 
659 2010.25 
922 2218.66 
660 2062.18 
923 2237.69 
661 2237.85 
924 2229.03 
662 2450.81 
925 2400.04 
663 2049.48 
926 2284.74 
664 2324.23 
927 2233.86 
665 2218.23 
928 2204.03 
666 2277.86 
929 2376.88 
667 2397.17 
930 2260.00 
668 2185.21 
931 2207.57 
669 2182.35 
932 2060.31 
670 2451.52 
933 2276.06 
671 2056.96 
934 2122.02 
672 2228.50 
935 2393.14 
673 2170.21 
936 2177.49 
674 2303.59 
937 2213.93 
675 2232.55 
938 2268.47 
676 2131.02 
939 2253.80 
677 2315.09 
940 2157.42 
678 2350.78 
941 2046.26 
679 2394.27 
942 2440.47 
680 1848.37 
943 2241.34 
681 2376.39 
944 2475.81 
682 2270.30 
945 2218.93 
683 2041.51 
946 2273.59 
684 2273.06 
947 2253.13 
685 2115.70 
948 2374.94 
686 2243.01 
949 2052.10 
687 2223.14 
950 2350.60 
688 2418.01 
951 2359.39 
689 2422.27 
952 2405.28 
690 2234.77 
953 2356.03 
691 2087.32 
954 2111.55 
692 2264.51 
955 2226.21 
693 2324.68 
956 2265.73 
694 2133.89 
957 2192.71 
695 2292.53 
958 2239.83 
696 2427.50 
959 2297.11 
697 2380.87 
960 2193.48 
698 2255.57 
961 2249.72 
699 2175.40 
962 1966.72 
700 2485.31 
701 2330.90 
963 2410.56 
702 2102.32 
964 2440.52 
703 2316.55 
965 2324.39 
704 2203.16 
966 2314.89 
705 2285.04 
967 2188.75 
706 2433.89 
968 2185.66 
707 2139.17 
969 2339.82 
708 2363.86 
970 2324.26 
709 2337.36 
971 2375.05 
710 2457.91 
972 2477.84 
711 2187.61 
973 2348.58 
712 2280.08 
974 2446.23 
713 2314.40 
975 2158.83 
714 2263.27 
976 2034.76 
715 2094.13 
977 2099.77 
716 2323.66 
978 2270.07 
717 2131.80 
979 2319.57 
718 2262.09 
980 2168.53 
719 2181.44 
981 2222.59 
720 2156.15 
982 2303.27 
721 2229.43 
983 2293.49 
722 2252.27 
984 2394.83 
723 2315.17 
985 2183.82 
724 2394.09 
986 1975.99 
725 2140.79 
987 2209.11 
726 2257.17 
988 2305.18 
727 2189.46 
989 2286.59 
990 2310.08 
728 2209.79 
991 2275.90 
729 2368.04 
992 2302.16 
730 2334.37 
993 2290.38 
731 2329.47 
994 2340.97 
732 1976.10 
995 2070.00 
733 2220.56 
996 2109.93 
734 2106.16 
997 2387.69 
735 2448.28 
998 2339.95 
736 2384.21 
999 2182.54 
737 2481.42 
1000 2403.13 
738 2299.39 
1001 2226.08 
739 2401.45 
1002 2004.30 
740 2298.27 
1003 2222.71 
741 2268.32 
1004 2310.42 
742 2109.39 
1005 2106.16 
743 2341.10 
1006 2184.78 
744 2213.13 
1007 2243.56 
745 2429.66 
1008 2114.91 
746 2278.49 
1009 2021.42 
747 2157.92 
1010 2238.88 
748 2292.53 
1011 2151.65 
749 2382.75 
1012 2318.41 
750 2362.67 
1013 2094.90 
751 2325.03 
1014 2337.24 
752 2003.91 
1015 2110.61 
753 2113.25 
1016 2132.43 
754 2279.88 
1017 2396.89 
755 2191.77 
1018 2019.03 
756 2424.37 
1019 2041.51 
757 2206.06 
1020 2111.49 
758 2346.92 
1021 2217.69 
759 2170.26 
1022 2273.71 
760 2463.94 
1023 2309.91 
761 2169.02 
1024 2514.34 
762 2256.49 
1025 1956.73 
763 2292.75 
1026 2384.40 
764 2403.68 
1027 2215.66 
765 2472.64 
1028 2194.83 
766 2238.87 
1029 2193.97 
767 2010.68 
1030 2340.88 
768 2206.89 
1031 2008.65 
769 1978.33 
1032 2390.63 
770 2246.91 
1033 2137.68 
771 2232.23 
1034 2380.79 
772 2256.13 
1035 2165.09 
773 2462.61 
1036 2017.99 
774 2243.09 
1037 2161.96 
775 2141.22 
1038 2163.63 
776 2244.03 
1039 2311.44 
777 2350.93 
1040 2349.38 
778 2494.69 
1041 2424.40 
779 2428.80 
1042 2265.30 
780 2161.23 
1043 2301.91 
781 2262.93 
1044 2160.97 
782 2267.55 
1045 2198.61 
783 2145.71 
1046 2521.73 
784 2408.54 
1047 2435.19 
785 2156.25 
1048 2226.39 
786 2230.76 
1049 2263.45 
787 2069.60 
1050 2240.90 
788 2174.69 
1051 2495.05 
1052 2367.07 
789 2271.98 
1053 2208.45 
790 2209.51 
1054 2260.12 
791 2406.95 
1055 2075.67 
792 2258.45 
1056 2356.64 
793 2375.58 
1057 2208.80 
794 2182.88 
1058 2413.04 
795 2303.48 
1059 2329.99 
796 2324.41 
1060 2219.14 
797 2069.16 
1061 2333.76 
798 2341.09 
1062 2072.53 
799 2010.11 
1063 2249.82 
800 2147.64 
1064 2304.09 
801 2007.38 
1065 1942.57 
802 2350.44 
1066 2351.25 
803 2101.21 
1067 2285.92 
804 2159.74 
1068 2298.64 
805 2236.88 
1069 2276.80 
806 2241.30 
1070 2108.46 
807 2050.97 
1071 2516.49 
808 2098.56 
1072 2372.38 
809 2224.02 
1073 2146.28 
810 2288.68 
1074 2376.00 
811 2186.60 
1075 2101.95 
812 2251.27 
1076 2247.93 
813 2051.96 
1077 1998.26 
814 2451.79 
1078 2187.77 
815 2252.87 
1079 2210.26 
816 2183.33 
1080 2150.33 
817 2302.70 
1081 2316.48 
818 2262.83 
1082 2239.88 
819 2371.67 
1083 2254.25 
820 2174.88 
1084 2322.41 
821 2258.95 
1085 2134.74 
822 2247.70 
1086 2395.12 
823 2038.17 
1087 2353.49 
824 2119.54 
1088 2274.57 
825 2122.96 
1089 2239.37 
826 2320.53 
1090 2095.23 
827 2389.24 
1091 2465.37 
828 2151.22 
1092 2353.10 
829 2184.55 
1093 2277.04 
830 1969.84 
1094 2342.42 
831 2033.81 
1095 2498.80 
832 2360.55 
1096 2319.98 
833 2007.30 
1097 2199.23 
834 2385.07 
1098 2369.59 
835 2232.08 
1099 2376.72 
836 2342.77 
1100 2500.27 
837 2312.74 
1101 2242.16 
838 2270.14 
1102 2157.32 
839 2376.99 
1103 2312.42 
840 2222.00 
1104 2205.33 
841 2232.90 
1105 2244.50 
842 2224.41 
1106 2280.08 
843 2294.59 
1107 2266.41 
844 2175.54 
1108 2028.36 
845 2223.82 
1109 2440.62 
846 2286.55 
1110 2467.58 
847 2517.22 
1111 2263.02 
848 2226.23 
1112 2345.60 
849 1956.90 
1113 2400.54 
850 2368.61 
1114 2164.47 
851 2272.64 
1115 2114.31 
852 1986.09 
1116 2444.43 
853 2091.29 
1117 2365.24 
854 2264.24 
1118 2414.01 
855 2423.08 
1119 2438.69 
856 2363.82 
1120 2246.84 
857 2063.66 
1121 2067.77 
858 2365.34 
1122 2386.74 
859 2361.54 
1123 2480.24 
860 2424.96 
1124 2165.46 
861 2445.37 
1125 2241.70 
862 2195.76 
1126 2419.26 
863 2258.02 
1127 2021.85 
864 2428.41 
1128 2250.65 
865 2494.25 
1129 2251.33 
866 2161.29 
1130 2355.26 
867 2305.52 
1131 2058.45 
868 2062.58 
1132 2137.84 
869 2224.02 
1133 2202.10 
870 2333.38 
1134 2261.93 
871 2209.62 
1135 2313.32 
872 2258.52 
1136 2261.64 
873 2392.78 
1137 2314.42 
874 2264.36 
1138 2487.75 
875 2396.06 
1139 2041.16 
876 2346.98 
1140 2093.40 
877 2314.64 
1141 2337.91 
878 2343.47 
1142 2169.40 
879 2268.00 
1143 2133.81 
880 2428.72 
1144 2341.85 
881 2336.53 
1145 2388.80 
882 2217.51 
1146 2388.39 
883 2335.20 
1147 2062.56 
884 2348.98 
1148 2248.03 
885 2391.40 
1149 2214.75 
886 2262.97 
1150 2314.01 
887 2473.61 
1151 2317.72 
888 2156.99 
1152 2126.40 
889 2258.55 
1153 2218.33 
890 2437.43 
1154 2279.36 
891 2073.48 
1155 2441.48 
892 2237.52 
1156 2131.01 
893 2217.16 
1157 2111.25 
894 2214.24 
1158 2351.43 
895 2308.48 
1159 2253.65 
896 2084.02 
1160 2437.45 
897 2229.37 
1161 2168.85 
898 2433.32 
1162 2221.16 
899 2282.24 
1163 2144.58 
900 2329.84 
1164 2189.94 
901 2204.73 
1165 2256.43 
902 2447.78 
1166 2258.08 
903 2397.80 
1167 2373.07 
904 2232.64 
1168 2281.38 
905 2296.52 
1169 2263.62 
906 2248.68 
1170 2155.18 
907 2201.72 
1171 2169.11 
908 2374.73 
1172 2361.66 
909 2260.53 
1173 1957.44 
910 2424.23 
1174 2301.36 
911 2306.10 
1175 2249.07 
912 2206.81 
1176 2104.13 
913 2307.60 
1177 2134.51 
914 2455.10 
1178 2147.63 
915 2434.80 
1179 2340.62 
916 2312.80 
1180 2393.18 
917 2210.03 
1181 2319.46 
918 2163.27 
1182 2268.69 
919 2019.47 
1183 2168.40 
920 2246.45 
1184 2215.76 
921 2365.20 
1185 2469.40 
922 2399.81 
1186 2255.22 
923 2207.10 
1187 2323.14 
924 2490.41 
1188 2134.32 
925 2262.97 
1189 2346.37 
926 2423.38 
1190 2101.82 
927 2390.09 
1191 2216.23 
928 2217.31 
1192 2232.76 
929 2185.51 
1193 2325.34 
930 2223.25 
1194 2197.29 
931 2146.67 
1195 2360.31 
932 2273.44 
1196 2330.41 
933 2295.46 
1197 2176.61 
934 1991.73 
1198 2392.84 
935 2215.78 
1199 2279.35 
936 2257.27 
1200 2112.74 
937 2440.62 
1201 2316.41 
938 2247.42 
1202 2413.84 
939 2373.02 
1203 2379.29 
940 2345.68 
1204 2276.78 
941 2275.98 
1205 1967.43 
1206 2354.01 
942 2440.59 
1207 2292.52 
943 2241.80 
1208 2321.16 
944 2207.75 
1209 2380.97 
945 2339.16 
1210 2227.34 
946 2102.76 
1211 2389.55 
947 2421.26 
1212 2312.11 
948 2187.98 
1213 2439.42 
949 2190.22 
1214 2279.89 
950 2194.23 
1215 2264.90 
951 2143.31 
1216 2177.93 
952 2286.31 
1217 2199.72 
953 2612.94 
1218 2445.17 
954 2239.22 
1219 1921.80 
955 2345.70 
1220 2268.22 
956 2271.19 
1221 2347.90 
957 2277.71 
1222 2237.34 
958 2239.32 
1223 2209.77 
959 2204.17 
1224 2145.93 
960 2177.36 
1225 1995.34 
961 2327.06 
1226 2109.58 
962 2189.49 
1227 2187.27 
963 2229.66 
1228 2363.31 
964 2254.35 
1229 2263.97 
965 2303.35 
1230 2369.25 
966 2159.98 
1231 2154.64 
967 2441.09 
1232 2101.86 
968 2158.34 
1233 2442.03 
969 2226.88 
1234 2160.49 
970 2316.60 
1235 2468.43 
971 2222.06 
1236 2447.99 
972 2335.66 
1237 2327.14 
973 2042.53 
1238 1967.45 
974 2397.63 
1239 2262.74 
975 2420.58 
1240 2035.77 
976 2300.00 
1241 2249.24 
977 2197.75 
1242 2276.37 
978 2330.90 
1243 2209.21 
979 2396.42 
1244 2265.49 
980 2174.97 
1245 2148.83 
981 2278.77 
1246 2254.41 
982 2351.30 
1247 2358.07 
983 2338.36 
1248 2196.99 
984 2285.20 
1249 2426.05 
985 2500.63 
1250 2432.43 
986 2454.67 
1251 2189.37 
987 2492.44 
1252 2408.97 
988 2607.53 
1253 2186.92 
989 2388.43 
1254 2363.48 
990 2113.49 
1255 2249.16 
991 2440.14 
1256 2278.81 
992 2281.42 
1257 2245.18 
993 2313.49 
1258 2209.64 
994 2150.16 
1259 2351.69 
995 2721.64 
1260 2216.38 
996 2221.63 
1261 2317.33 
997 2295.10 
1262 2065.49 
998 2284.36 
1263 2283.21 
999 2063.36 
1264 2297.05 
1000 2116.98 
1265 2058.92 
1001 2201.03 
1266 2398.73 
1002 2307.16 
1267 2255.18 
1003 2368.71 
1268 2499.77 
1004 2073.51 
1269 2411.55 
1005 2295.16 
1270 2346.49 
1006 2564.70 
1271 2119.01 
1007 2390.01 
1272 2450.49 
1008 2136.89 
1273 2040.71 
1009 2238.69 
1274 2304.27 
1010 2394.69 
1275 2143.30 
1011 2231.72 
1276 2236.17 
1012 2271.87 
1277 2222.28 
1278 2296.61 
1013 2105.22 
1279 2302.74 
1014 2060.34 
1280 2446.57 
1015 2453.74 
1281 2358.85 
1016 2286.40 
1282 2369.39 
1017 2162.41 
1283 2265.03 
1018 2439.95 
1284 2166.46 
1019 2360.29 
1285 2441.32 
1020 2641.35 
1286 2389.35 
1021 2322.50 
1287 2266.10 
1022 2444.17 
1288 2306.88 
1023 2465.82 
1289 2211.36 
1024 2352.13 
1290 2166.56 
1025 2364.70 
1291 2334.01 
1026 2259.16 
1292 2301.59 
1027 2306.31 
1293 2402.74 
1028 2120.52 
1294 2334.54 
1029 2236.94 
1295 2316.06 
1030 2266.76 
1296 2194.83 
1031 2411.86 
1297 2440.81 
1032 2365.12 
1298 2168.88 
1033 2119.73 
1299 2309.09 
1034 2493.35 
1300 2263.77 
1035 2138.86 
1301 2209.17 
1036 2096.47 
1302 2332.09 
1037 2247.60 
1303 2217.96 
1038 2244.38 
1304 2334.39 
1039 2356.24 
1305 2258.94 
1040 2358.82 
1306 2518.56 
1041 2123.85 
1307 2454.06 
1042 2429.87 
1308 2152.90 
1043 2216.15 
1309 2359.75 
1044 2190.55 
1310 2356.12 
1045 2342.51 
1311 2403.28 
1046 2246.75 
1312 2260.23 
1047 2467.17 
1313 2137.01 
1048 2395.12 
1314 2450.03 
1049 2479.39 
1315 2231.31 
1050 2435.50 
1316 2453.90 
1051 2516.07 
1317 2149.63 
1052 2278.17 
1318 2334.77 
1053 2404.92 
1319 2230.61 
1054 2321.73 
1320 2439.50 
1055 2215.74 
1321 2217.62 
1056 2162.19 
1322 2327.84 
1057 2316.00 
1323 2263.54 
1058 2362.28 
1324 2174.55 
1059 2287.08 
1325 2460.18 
1060 2332.12 
1326 2115.13 
1061 2184.89 
1327 2308.86 
1062 2393.18 
1328 2100.86 
1063 2432.06 
1329 2404.96 
1064 2096.28 
1330 2321.43 
1065 2431.75 
1331 2391.01 
1066 2212.37 
1332 2203.11 
1067 2292.26 
1333 2317.99 
1068 2367.05 
1334 2237.41 
1069 2443.71 
1335 2355.13 
1070 2361.79 
1336 2051.65 
1071 2167.08 
1337 2222.57 
1072 2081.28 
1338 2208.75 
1073 2296.31 
1339 2443.23 
1074 2183.93 
1340 2443.72 
1075 2490.22 
1341 2137.21 
1076 2236.07 
1342 2367.42 
1077 2162.26 
1343 2301.29 
1078 2427.05 
1344 2299.08 
1079 2445.28 
1345 2210.94 
1080 1989.68 
1346 2313.87 
1081 2130.18 
1347 2438.54 
1082 2438.26 
1348 2524.41 
1083 2336.62 
1349 2438.44 
1084 2392.30 
1350 2265.74 
1085 2453.68 
1351 2055.98 
1086 2504.21 
1352 2443.80 
1087 2426.51 
1353 2620.40 
1088 2472.89 
1354 2320.69 
1089 2275.43 
1355 2209.72 
1090 2345.90 
1356 2490.65 
1091 2086.67 
1357 2290.91 
1092 2329.64 
1358 2396.01 
1093 2417.78 
1359 2091.81 
1094 2037.74 
1360 2238.53 
1095 2209.36 
1361 2182.45 
1096 2109.71 
1362 2200.07 
1097 2325.67 
1363 2321.59 
1098 2134.64 
1364 2228.76 
1099 2111.49 
1365 2330.88 
1100 2240.42 
1366 2290.92 
1101 2436.27 
1367 2440.94 
1102 2157.09 
1368 2126.55 
1103 2316.15 
1369 2117.96 
1104 2105.04 
1370 2279.19 
1105 2157.84 
1371 2360.97 
1106 2207.03 
1372 2312.80 
1107 2263.37 
1373 2282.83 
1108 2389.59 
1374 2508.05 
1109 2277.08 
1375 2216.00 
1110 2286.22 
1376 2015.81 
1111 2365.95 
1377 2100.86 
1112 2169.10 
1378 2443.44 
1113 2256.94 
1379 2216.16 
1114 2264.77 
1380 2303.16 
1115 2116.89 
1381 2410.30 
1116 2139.28 
1382 2314.15 
1117 2429.28 
1383 2038.42 
1118 2438.37 
1384 2390.65 
1119 2581.62 
1385 2250.10 
1120 2185.97 
1386 2134.43 
1121 2210.83 
1387 2186.34 
1122 2416.81 
1388 2297.58 
1123 2364.81 
1389 2239.12 
1124 2238.29 
1390 2141.31 
1125 2414.41 
1391 2113.31 
1126 2546.21 
1392 2116.73 
1127 2231.50 
1393 2277.71 
1128 2495.23 
1394 2135.25 
1129 2462.77 
1395 2265.44 
1130 2162.13 
1396 2098.76 
1131 2322.25 
1397 2266.32 
1132 2336.40 
1398 2273.33 
1133 2221.85 
1399 2209.51 
1134 2235.44 
1400 2197.25 
1135 2097.92 
1136 2429.31 
1137 2187.99 
1138 2471.77 
1139 2272.33 
1140 2222.92 
1141 2302.32 
1142 2286.59 
1143 2392.46 
1144 2079.97 
1145 2208.56 
1146 2367.74 
1147 2353.28 
1148 2034.55 
1149 2187.02 
1150 2407.33 
1151 2441.38 
1152 2257.88 
1153 2318.73 
1154 2317.81 
1155 2212.11 
1156 2306.16 
1157 2334.29 
1158 2341.86 
1159 2314.40 
1160 2264.94 
1161 2341.89 
1162 2190.97 
1163 2439.77 
1164 2161.93 
1165 2114.19 
1166 2173.37 
1167 2346.53 
1168 2411.61 
1169 2392.47 
1170 2212.30 
1171 1995.16 
1172 2306.46 
1173 2339.39 
1174 2340.31 
1175 2253.95 
1176 2006.43 
1177 2389.22 
1178 2112.42 
1179 2179.65 
1180 2132.54 
1181 2231.07 
1182 2305.73 
1183 2175.59 
1184 2154.97 
1185 2099.71 
1186 2269.09 
1187 2179.25 
1188 2248.40 
1189 2292.31 
1190 2306.20 
1191 2288.55 
1192 2196.51 
1193 2263.59 
1194 2329.00 
1195 2473.50 
1196 2208.99 
1197 2246.09 
1198 2511.52 
1199 2283.62 
1200 2076.59 
1201 2311.72 
1202 2152.11 
1203 2390.27 
1204 2248.98 
1205 2347.36 
1206 1971.91 
1207 2479.88 
1208 2061.34 
1209 2284.56 
1210 2175.86 
1211 2390.16 
1212 2182.21 
1213 1858.09 
1214 2316.59 
1215 2415.66 
1216 2376.23 
1217 2209.37 
1218 2241.89 
1219 2238.29 
1220 2310.46 
1221 2219.98 
1222 2394.21 
1223 2289.19 
1224 2445.64 
1225 2342.86 
1226 2127.50 
1227 2342.49 
1228 2261.80 
1229 2062.60 
1230 2060.18 
1231 2280.08 
1232 2051.50 
1233 2182.11 
1234 2390.29 
1235 2379.86 
1236 2204.87 
1237 2086.39 
1238 2304.97 
1239 2205.05 
1240 2201.23 
1241 2258.23 
1242 2197.11 
1243 2342.17 
1244 2297.66 
1245 2049.96 
1246 2376.35 
1247 2294.47 
1248 2168.15 
1249 2448.90 
1250 2302.35 
1251 2272.81 
1252 2210.14 
1253 2292.19 
1254 2257.93 
1255 2249.54 
1256 2240.10 
1257 2291.70 
1258 2213.43 
1259 2336.84 
1260 2030.91 
1261 2213.64 
1262 2364.40 
1263 2151.90 
1264 2223.45 
1265 2297.36 
1266 2415.89 
1267 2431.93 
1268 2230.34 
1269 2337.81 
1270 1970.77 
1271 2108.09 
1272 2198.90 
1273 1970.88 
1274 2451.25 
1275 2446.97 
1276 2339.75 
1277 2256.14 
1278 2296.69 
1279 2395.79 
1280 2525.18 
1281 2341.14 
1282 2244.96 
1283 2276.96 
1284 2451.43 
1285 2391.24 
1286 2327.22 
1287 2261.18 
1288 2314.55 
1289 2107.97 
1290 2279.24 
1291 2168.35 
1292 2420.38 
1293 2385.72 
1294 2287.70 
1295 2265.01 
1296 2337.70 
1297 2423.57 
1298 2425.58 
1299 2341.15 
1300 2192.50 
1301 2411.95 
1302 2362.50 
1303 2346.01 
1304 2434.44 
1305 2198.65 
1306 2097.47 
1307 2092.69 
1308 2176.26 
1309 2440.05 
1310 2376.66 
1311 2192.51 
1312 2071.75 
1313 2189.14 
1314 2218.54 
1315 2247.52 
1316 2304.53 
1317 2269.56 
1318 2184.07 
1319 2228.10 
1320 2349.26 
1321 2228.59 
1322 2294.67 
1323 2146.41 
1324 2174.47 
1325 1981.22 
1326 2364.86 
1327 2051.97 
1328 2253.66 
1329 2568.29 
1330 2361.33 
1331 2295.46 
1332 2428.32 
1333 2060.69 
1334 2333.34 
1335 2385.33 
1336 2262.12 
1337 2251.09 
1338 2275.34 
0 2281.41 
1339 2259.32 
1 2226.04 
1340 2002.26 
2 2506.97 
1341 2209.86 
3 2279.97 
1342 2357.75 
4 2166.52 
1343 2335.04 
5 2502.10 
1344 2258.26 
6 2223.51 
1345 2205.72 
7 2329.34 
1346 2202.76 
8 2265.57 
1347 2376.94 
9 2329.02 
1348 2168.88 
10 2267.12 
1349 2351.94 
11 2144.74 
1350 2268.23 
12 2315.56 
1351 2153.42 
13 2337.23 
1352 2145.90 
14 2399.15 
1353 2200.30 
15 2156.07 
1354 2259.16 
16 2268.27 
1355 2544.41 
17 2381.75 
1356 2285.10 
18 2482.34 
1357 2253.08 
19 2300.06 
1358 2212.59 
20 2236.51 
1359 2382.49 
21 2281.17 
1360 2103.39 
22 2419.35 
1361 2353.96 
23 2274.62 
1362 2483.10 
24 2352.36 
1363 2400.99 
25 2267.61 
1364 2176.08 
26 2343.65 
1365 2080.39 
27 2461.24 
1366 2231.37 
28 2268.55 
1367 2292.66 
29 2287.13 
1368 2312.08 
30 2360.47 
1369 2500.58 
31 2352.96 
1370 2396.96 
32 2428.64 
1371 2417.71 
33 2351.40 
1372 2434.52 
34 2218.18 
1373 2272.13 
35 2373.31 
1374 2214.87 
36 2263.90 
1375 2037.72 
37 2172.71 
1376 2250.00 
38 2447.67 
1377 2064.73 
39 2266.56 
1378 2426.84 
40 2242.19 
1379 2360.07 
41 2194.92 
1380 2298.43 
42 2143.15 
1381 2371.43 
43 2247.09 
1382 2127.12 
44 2270.38 
1383 2172.37 
45 2406.49 
1384 2124.03 
46 2302.60 
1385 2333.35 
47 2193.34 
1386 2133.09 
48 2309.37 
1387 2477.90 
49 2339.65 
1388 2264.27 
50 2345.55 
1389 2271.88 
51 2310.93 
1390 2311.11 
52 2380.62 
1391 2409.01 
53 2239.08 
1392 2284.30 
54 2178.05 
1393 2415.30 
55 2216.64 
1394 2068.82 
56 2297.61 
1395 2412.72 
57 2197.96 
1396 2220.52 
58 2401.22 
1397 2323.35 
59 2220.62 
1398 2204.34 
60 2184.45 
1399 2510.13 
61 2263.00 
1400 2155.32 
62 2243.10 
63 2296.62 
64 2077.75 
65 2384.73 
66 2429.57 
67 2455.93 
68 1909.10 
69 2191.28 
70 2191.22 
71 2270.96 
72 2140.50 
73 2322.98 
74 2329.87 
75 2409.01 
76 2174.58 
77 2334.26 
78 2222.12 
79 2275.90 
80 2395.44 
81 2200.95 
82 2093.47 
83 2300.79 
84 2280.21 
85 2064.13 
86 2421.18 
87 2205.37 
88 2262.82 
89 2298.84 
90 2292.77 
91 2137.59 
92 2294.21 
93 2002.09 
94 2258.33 
95 2284.44 
96 2078.00 
97 2397.61 
98 2160.29 
99 2027.87 
100 2193.56 
101 2227.28 
102 2149.64 
103 2196.75 
104 2309.39 
105 2346.58 
106 2186.96 
107 2163.38 
108 2326.80 
109 2153.91 
110 2254.47 
111 2481.54 
112 1898.67 
113 2329.40 
114 2295.18 
115 2209.60 
116 2234.24 
117 2175.32 
118 2122.98 
119 2359.67 
120 2397.58 
121 2236.64 
122 2440.32 
123 2438.06 
124 2232.51 
125 2263.20 
126 2340.49 
127 2445.16 
128 2398.14 
129 2086.36 
130 1961.05 
131 2567.28 
132 2168.97 
133 2255.46 
134 2173.11 
135 2326.58 
136 2326.43 
137 2547.52 
138 2145.58 
139 2203.90 
140 2183.33 
141 2496.79 
142 2098.10 
143 2125.99 
144 2358.01 
145 2324.02 
146 2343.51 
147 2159.19 
148 2152.67 
149 2294.23 
150 2378.92 
151 2211.72 
152 2251.20 
153 2282.31 
154 2299.13 
155 2395.58 
156 2370.22 
157 2088.38 
158 2436.43 
159 2262.50 
160 2011.59 
161 2230.78 
162 2200.03 
163 2295.35 
164 2310.56 
165 2184.45 
166 2123.67 
167 2427.31 
168 2228.84 
169 2321.25 
170 2466.82 
171 2240.17 
172 2455.28 
173 2072.52 
174 2463.30 
175 2318.90 
176 2300.02 
177 2232.02 
178 2149.31 
179 2277.15 
180 2356.70 
181 2325.38 
182 2382.94 
183 2181.77 
184 2231.42 
185 2212.60 
186 2251.53 
187 2295.85 
188 2371.16 
189 2298.69 
190 2195.98 
191 2101.22 
192 2278.16 
193 2088.49 
194 2383.06 
195 2250.26 
196 2385.52 
197 2233.49 
198 2147.36 
199 2208.60 
200 2309.28 
201 2380.85 
202 2071.27 
203 2073.20 
204 2195.74 
205 2396.30 
206 2201.86 
207 2161.86 
208 2408.73 
209 2385.44 
210 2363.05 
211 2328.61 
212 2131.66 
213 2251.01 
214 2413.99 
215 2182.75 
216 2516.18 
217 2195.83 
218 2401.51 
219 2402.45 
220 2223.69 
221 2224.48 
222 2167.51 
223 2286.44 
224 2399.71 
225 2412.75 
226 2181.80 
227 2339.06 
228 2335.76 
229 2301.69 
230 2515.01 
231 2256.42 
232 2485.69 
233 2318.26 
234 2188.60 
235 2317.52 
236 2381.38 
237 2383.08 
238 2227.75 
239 2159.77 
240 2140.60 
241 2255.23 
242 2426.61 
243 2200.57 
244 2206.70 
245 2078.93 
246 2524.66 
247 2394.42 
248 2484.39 
249 2296.38 
250 2248.44 
251 2364.37 
252 2246.39 
253 2423.19 
254 2158.12 
255 2227.13 
256 2306.79 
257 2315.24 
258 2189.17 
259 2223.13 
260 2415.84 
261 2406.84 
262 2143.97 
263 2435.96 
264 2122.56 
265 2239.26 
266 2354.40 
267 2063.24 
268 2367.49 
269 2201.35 
270 2107.44 
271 2368.40 
272 2366.67 
273 2298.59 
274 2278.48 
275 2465.40 
276 2204.46 
277 2251.65 
278 2160.21 
279 2191.09 
280 2251.72 
281 2311.66 
282 2384.51 
283 2252.40 
284 1973.16 
285 2164.31 
286 2059.90 
287 2444.83 
288 2044.69 
289 2409.02 
290 2356.86 
291 2275.80 
292 2550.69 
293 2224.78 
294 2392.30 
295 2218.55 
296 2353.80 
297 2175.17 
298 2425.73 
299 2280.54 
300 2240.66 
301 2385.24 
302 2337.66 
303 2361.03 
304 2422.11 
305 2360.67 
306 2297.46 
307 2257.91 
308 2182.77 
309 2242.05 
310 2369.51 
311 2287.81 
312 2608.76 
313 2447.62 
314 2334.49 
315 2159.93 
316 2134.76 
317 2068.99 
318 2310.13 
319 2334.13 
320 2329.65 
321 2356.93 
322 2294.14 
323 2258.06 
324 2483.35 
325 2251.10 
326 2264.26 
327 2260.71 
328 2317.80 
329 2239.40 
330 2094.53 
331 2339.71 
332 2603.95 
333 2212.61 
334 2284.95 
335 2385.88 
336 1986.39 
337 2251.41 
338 2203.82 
339 2218.18 
340 2122.70 
341 2124.65 
342 2246.56 
343 2254.64 
344 2335.54 
345 2401.64 
346 2165.05 
347 2156.57 
348 2374.62 
349 2310.65 
350 2084.65 
351 2358.36 
352 2354.99 
353 2322.50 
354 2360.02 
355 2284.82 
356 2162.55 
357 2126.40 
358 2459.15 
359 2403.83 
360 2300.27 
361 2211.63 
362 2379.62 
363 2288.88 
364 2599.12 
365 2196.23 
366 2223.56 
367 2267.56 
368 2348.03 
369 1977.09 
370 2168.47 
371 2325.50 
372 2532.94 
373 2193.93 
374 2319.66 
375 2300.58 
376 2290.65 
377 2319.94 
378 2399.96 
379 2360.25 
380 2252.99 
381 2348.50 
382 2210.17 
383 2350.41 
384 2235.77 
385 2225.61 
386 2178.18 
387 2285.99 
388 2358.99 
389 2223.17 
390 2367.12 
391 2286.42 
392 2326.35 
393 1919.27 
394 2225.38 
395 2150.58 
396 2086.53 
397 2343.19 
398 2233.43 
399 2289.39 
400 2177.42 
401 1987.65 
402 2487.20 
403 2369.24 
404 2331.76 
405 2356.80 
406 2504.94 
407 2222.85 
408 2317.36 
409 2209.88 
410 2594.60 
411 2364.28 
412 2424.05 
413 2484.52 
414 2384.95 
415 2065.55 
416 2377.95 
417 2444.12 
418 2122.05 
419 2328.75 
420 2146.00 
421 2199.60 
422 2385.56 
423 2306.11 
424 2360.14 
425 2284.13 
426 2520.73 
427 2263.34 
428 2346.42 
429 2313.14 
430 2169.66 
431 2278.91 
432 2276.96 
433 2189.70 
434 2239.51 
435 2134.97 
436 2397.85 
437 2219.27 
438 2191.60 
439 2223.90 
440 2326.50 
441 2280.16 
442 2307.27 
443 2107.38 
444 2356.85 
445 2377.55 
446 2335.67 
447 2338.31 
448 2133.74 
449 2232.82 
450 2386.41 
451 2116.31 
452 2370.88 
453 2475.87 
454 2185.21 
455 1995.37 
456 2379.64 
457 2352.53 
458 2157.48 
459 2066.12 
460 2234.10 
461 2305.29 
462 2229.43 
463 2180.98 
464 2253.09 
465 2156.31 
466 2118.13 
467 2458.37 
468 2212.48 
469 2259.46 
470 2432.04 
471 2345.51 
472 2423.21 
473 2221.83 
474 2331.75 
475 2240.60 
476 2272.57 
477 2412.70 
478 2416.51 
479 2189.02 
480 2270.08 
481 2148.76 
482 2384.05 
483 2362.91 
484 1885.13 
485 2338.82 
486 2229.74 
487 2147.97 
488 2335.40 
489 2422.39 
490 2448.52 
491 2290.28 
492 2075.53 
493 2244.66 
494 2118.95 
495 2280.56 
496 2505.76 
497 2190.10 
498 2316.20 
499 2225.70 
500 2250.36 
501 2262.90 
502 2287.53 
503 2159.13 
504 2246.10 
505 2438.37 
506 2083.66 
507 2530.47 
508 2473.81 
509 2465.04 
510 2404.23 
511 2472.12 
512 2397.59 
513 2354.56 
514 2153.87 
515 1987.68 
516 2280.06 
517 2389.88 
518 2353.96 
519 2175.44 
520 2474.58 
521 2103.79 
522 2229.51 
523 2144.10 
524 2399.82 
525 2478.67 
526 2337.33 
527 2329.46 
528 2149.20 
529 2119.60 
530 2211.51 
531 2212.05 
532 2099.99 
533 2087.91 
534 2118.91 
535 2430.49 
536 2212.24 
537 2442.75 
538 2115.34 
539 2266.69 
540 2460.58 
541 2272.64 
542 2373.76 
543 2258.51 
544 2384.93 
545 2567.75 
546 2422.59 
547 2169.59 
548 2176.14 
549 2371.80 
550 2267.75 
551 2276.96 
552 2526.25 
553 2410.41 
554 2336.29 
555 2210.68 
556 2196.28 
557 2162.59 
558 2351.33 
559 2407.94 
560 2219.70 
561 2373.39 
562 2114.29 
563 2285.19 
564 2339.62 
565 2064.75 
566 2255.61 
567 2173.04 
568 2191.38 
569 2218.15 
570 2343.80 
571 2113.80 
572 2364.73 
573 2202.16 
574 2271.73 
575 2549.71 
576 2291.85 
577 2229.62 
578 2400.48 
579 2508.15 
580 2198.58 
581 2245.14 
582 2274.01 
583 2437.32 
584 2332.44 
585 2391.26 
586 2204.51 
587 2075.79 
588 2432.60 
589 2418.81 
590 2254.91 
591 2180.86 
592 2418.46 
593 2155.63 
594 2368.78 
595 2465.49 
596 2339.95 
597 2356.93 
598 2310.81 
599 2266.77 
600 2173.11 
601 2547.59 
602 2134.87 
603 2327.23 
604 2222.49 
605 2330.12 
606 2472.18 
607 2331.59 
608 2321.81 
609 2095.57 
610 2415.82 
611 2413.94 
612 2322.44 
613 2404.25 
614 2305.85 
615 2352.32 
616 2289.69 
617 2526.35 
618 2316.68 
619 2328.81 
620 2531.60 
621 2244.73 
622 2276.95 
623 2266.48 
624 2359.78 
625 2374.52 
626 2386.24 
627 2303.81 
628 2347.64 
629 2225.50 
630 2362.86 
631 2384.56 
632 2480.48 
633 2348.58 
634 2409.71 
635 2249.48 
636 2269.03 
637 2418.87 
638 2164.39 
639 2266.03 
640 2189.94 
641 2467.68 
642 2174.87 
643 2213.69 
644 2275.99 
645 2563.09 
646 2423.86 
647 2388.84 
648 2149.62 
649 2265.09 
650 2323.55 
651 2268.68 
652 2477.77 
653 2443.46 
654 2230.28 
655 2283.48 
656 2256.88 
657 2282.75 
658 2316.24 
659 2158.26 
660 2305.29 
661 2146.87 
662 2421.75 
663 2187.59 
664 2205.07 
665 2200.39 
666 2258.52 
667 2136.77 
668 2450.74 
669 2552.26 
670 2436.63 
671 2419.82 
672 2393.93 
673 2229.71 
674 2412.86 
675 2139.69 
676 2174.28 
677 2282.93 
678 2110.60 
679 2395.65 
680 2244.72 
681 2212.91 
682 2396.58 
683 2364.95 
684 2400.68 
685 2329.25 
686 2141.14 
687 2167.00 
688 2276.14 
689 2193.36 
690 2362.57 
691 2260.67 
692 2397.97 
693 2257.27 
694 2255.52 
695 2372.42 
696 2298.89 
697 2252.55 
698 2359.86 
699 2277.41 
700 2365.22 
701 2468.75 
702 2417.50 
703 2271.72 
704 2510.14 
705 2276.63 
706 2375.58 
707 2344.51 
708 2211.17 
709 2337.97 
710 2165.77 
711 2416.31 
712 2147.06 
713 2232.21 
714 2277.73 
715 2367.78 
716 2397.77 
717 2353.38 
718 2146.84 
719 2125.34 
720 2278.64 
721 2488.83 
722 2282.76 
723 2331.14 
724 2256.46 
725 2456.46 
726 2204.04 
727 2415.93 
728 2193.63 
729 2352.32 
730 2033.94 
731 2407.76 
732 1962.51 
733 2371.96 
734 2267.52 
735 2111.35 
736 2395.02 
737 2395.02 
738 2351.79 
739 2274.84 
740 2304.80 
741 2355.53 
742 2311.46 
743 2198.10 
744 2466.23 
745 2445.78 
746 2405.68 
747 2487.42 
748 2270.99 
749 2313.04 
750 2323.47 
751 2522.33 
752 2106.63 
753 2321.37 
754 2066.90 
755 2183.01 
756 2272.00 
757 2452.74 
758 2107.75 
759 2355.23 
760 2369.84 
761 2305.34 
762 2326.84 
763 2170.90 
764 2419.32 
765 2191.17 
766 2128.37 
767 2176.48 
768 2278.40 
769 2462.98 
770 2283.66 
771 2186.75 
772 2255.92 
773 2176.86 
774 2236.56 
775 2225.12 
776 1991.83 
777 2285.26 
778 2259.88 
779 2316.32 
780 2377.61 
781 2332.14 
782 2263.05 
783 2254.03 
784 2126.27 
785 2275.56 
786 2326.76 
787 2286.37 
788 2286.86 
789 2259.09 
790 2501.92 
791 2228.76 
792 2377.37 
793 2481.72 
794 2171.42 
795 2026.92 
796 2358.06 
797 2388.36 
798 2424.00 
799 2355.21 
800 2231.24 
801 2394.10 
802 2044.86 
803 2343.15 
804 2449.30 
805 2304.27 
806 2508.89 
807 2385.47 
808 2348.53 
809 2423.37 
810 2062.48 
811 2219.44 
812 2526.33 
813 2433.11 
814 2270.42 
815 2289.77 
816 2176.94 
817 2287.64 
818 2235.20 
819 2291.96 
820 2317.75 
821 2244.13 
822 2273.28 
823 2143.75 
824 2226.58 
825 2310.10 
826 2368.27 
827 2180.04 
828 2114.18 
829 2259.70 
830 2318.03 
831 2393.27 
832 2072.46 
833 2396.68 
834 2322.10 
835 2357.99 
836 2314.94 
837 2472.62 
838 2376.93 
839 2231.69 
840 2187.57 
841 2477.02 
842 2448.71 
843 2278.72 
844 2179.34 
845 2249.10 
846 2368.81 
847 2279.27 
848 2387.92 
849 2126.35 
850 2150.59 
851 2400.73 
852 2093.25 
853 2632.30 
854 2156.05 
855 2049.26 
856 2237.08 
857 2391.44 
858 2249.45 
859 2488.44 
860 2237.41 
861 2496.28 
862 2292.33 
863 2482.54 
864 2224.51 
865 2426.33 
866 2361.41 
867 2403.40 
868 2402.45 
869 2522.69 
870 2076.89 
871 2285.45 
872 2530.35 
873 2538.26 
874 2080.25 
875 2404.58 
876 2344.54 
877 2091.13 
878 2303.85 
879 2199.10 
880 2489.83 
881 2370.65 
882 2302.23 
883 2388.32 
884 2241.13 
885 2232.83 
886 2289.55 
887 2423.78 
888 2290.68 
889 2158.45 
890 2331.63 
891 2340.00 
892 2429.56 
893 2350.54 
894 2293.32 
895 2178.38 
896 2391.01 
897 2313.50 
898 2117.30 
899 2296.52 
900 2197.82 
901 2326.46 
902 2292.33 
903 2446.84 
904 2237.03 
905 2076.81 
906 2258.36 
907 2353.47 
908 2181.34 
909 2332.21 
910 2207.81 
911 2244.17 
912 2213.77 
913 2201.88 
914 2352.43 
915 2312.97 
916 2285.21 
917 2478.55 
918 2214.12 
919 2497.55 
920 2321.40 
921 2347.89 
922 2375.43 
923 2354.02 
924 2129.12 
925 2310.16 
926 2467.19 
927 2316.33 
928 2410.30 
929 2290.59 
930 2084.66 
931 2279.23 
932 2394.32 
933 2305.80 
934 2355.33 
935 2367.15 
936 2325.28 
937 2310.14 
938 2396.52 
939 2346.16 
940 2353.81 
941 2174.60 
942 2360.34 
943 2213.52 
944 2541.82 
945 2396.91 
946 2302.86 
947 2364.53 
948 2302.50 
949 2217.67 
950 2155.60 
951 2294.48 
952 2247.09 
953 2230.45 
954 2336.38 
955 2394.92 
956 2319.62 
957 2337.72 
958 2530.01 
959 2349.63 
960 2194.86 
961 2165.44 
962 2045.50 
963 2373.49 
964 2380.51 
965 2195.72 
966 2410.96 
967 2435.23 
968 2197.30 
969 2285.03 
970 2183.28 
971 2371.43 
972 2297.84 
973 2311.69 
974 2268.88 
975 2405.26 
976 2457.19 
977 2353.29 
978 2363.38 
979 2240.89 
980 2342.41 
981 2524.07 
982 2202.14 
983 2360.94 
984 2511.18 
985 2317.60 
986 2233.89 
987 2175.43 
988 2484.24 
989 2226.73 
990 2443.72 
991 2463.67 
992 2235.71 
993 2447.77 
994 2248.73 
995 2506.57 
996 2505.27 
997 2217.68 
998 2474.73 
999 2174.51 
1000 2348.28 
1001 2288.67 
1002 2348.14 
1003 2142.51 
1004 2231.47 
1005 2275.72 
1006 2397.84 
1007 2215.12 
1008 2528.99 
1009 2407.01 
1010 2180.62 
1011 2073.09 
1012 2005.31 
1013 2440.86 
1014 2208.30 
1015 2308.21 
1016 2458.86 
1017 2342.58 
1018 2411.81 
1019 2222.08 
1020 2225.61 
1021 2323.75 
1022 2490.00 
1023 2202.43 
1024 2320.71 
1025 2321.26 
1026 2500.21 
1027 2297.86 
1028 2361.86 
1029 2470.37 
1030 2516.32 
1031 2284.57 
1032 2271.35 
1033 2308.95 
1034 2391.28 
1035 2346.95 
1036 2337.18 
1037 2295.87 
1038 2199.62 
1039 2315.95 
1040 2332.50 
1041 2245.40 
1042 2435.43 
1043 2296.94 
1044 2295.38 
1045 2246.95 
1046 2160.97 
1047 2174.89 
1048 2498.14 
1049 2411.30 
1050 2330.42 
1051 2357.49 
1052 2238.02 
1053 2338.36 
1054 2378.46 
1055 2244.77 
1056 2310.73 
1057 2367.88 
1058 2197.28 
1059 2291.08 
1060 2463.13 
1061 2366.91 
1062 2311.09 
1063 2307.93 
1064 2359.35 
1065 2338.70 
1066 2362.95 
1067 2383.47 
1068 2049.31 
1069 2370.07 
1070 2413.63 
1071 2320.54 
1072 2120.58 
1073 2405.40 
1074 2232.10 
1075 2289.62 
1076 2278.51 
1077 2350.42 
1078 2388.51 
1079 2416.47 
1080 2191.46 
1081 2412.31 
1082 2060.99 
1083 2062.84 
1084 2268.94 
1085 2275.81 
1086 2220.92 
1087 2206.04 
1088 2244.76 
1089 2076.29 
1090 2340.58 
1091 2299.78 
1092 2302.09 
1093 2390.39 
1094 2344.90 
1095 2369.73 
1096 2187.57 
1097 2449.75 
1098 2348.82 
1099 2379.24 
1100 2277.48 
1101 2356.75 
1102 2207.99 
1103 2156.72 
1104 2262.83 
1105 2300.67 
1106 2334.00 
1107 2069.27 
1108 2478.32 
1109 2429.03 
1110 2180.57 
1111 2424.01 
1112 2327.56 
1113 2236.35 
1114 2415.59 
1115 2532.43 
1116 2522.06 
1117 2465.51 
1118 2205.19 
1119 2185.08 
1120 2390.67 
1121 2332.94 
1122 2221.30 
1123 2194.14 
1124 2327.36 
1125 2565.85 
1126 2172.55 
1127 2371.86 
1128 2424.16 
1129 2525.35 
1130 2144.41 
1131 2271.03 
1132 2147.21 
1133 2476.98 
1134 2512.98 
1135 2162.67 
1136 2371.01 
1137 2538.50 
1138 2190.29 
1139 2341.20 
1140 2442.83 
1141 2185.00 
1142 2309.23 
1143 2318.66 
1144 2398.32 
1145 2489.88 
1146 2440.60 
1147 2247.82 
1148 2425.32 
1149 2238.44 
1150 2098.34 
1151 2458.19 
1152 2343.98 
1153 2068.06 
1154 2391.77 
1155 2252.11 
1156 2235.97 
1157 2238.12 
1158 2320.24 
1159 2481.87 
1160 2303.68 
1161 2317.21 
1162 2318.97 
1163 2514.20 
1164 2311.28 
1165 2379.02 
1166 2217.72 
1167 2489.30 
1168 2277.86 
1169 2293.99 
1170 2051.78 
1171 2338.11 
1172 2425.62 
1173 2154.44 
1174 2263.86 
1175 2534.73 
1176 2209.64 
1177 2221.92 
1178 2317.04 
1179 2334.11 
1180 2198.72 
1181 2269.34 
1182 2256.65 
1183 2156.79 
1184 2355.90 
1185 2185.92 
1186 2190.66 
1187 2170.21 
1188 2258.29 
1189 2430.00 
1190 2623.66 
1191 2309.03 
1192 2097.13 
1193 2412.83 
1194 2211.42 
1195 2074.96 
1196 2410.70 
1197 2497.23 
1198 2394.31 
1199 2564.56 
1200 2053.23 
1201 2122.53 
1202 2411.92 
1203 2260.84 
1204 2174.25 
1205 2289.93 
1206 2592.42 
1207 2250.81 
1208 2423.69 
1209 2418.02 
1210 2324.52 
1211 2057.90 
1212 2423.10 
1213 2396.03 
1214 2272.84 
1215 2307.05 
1216 2307.28 
1217 2189.35 
1218 2350.07 
1219 2191.93 
1220 2465.55 
1221 2326.67 
1222 2297.80 
1223 2418.70 
1224 2257.87 
1225 2297.93 
1226 2490.84 
1227 2316.37 
1228 2350.04 
1229 2375.20 
1230 2310.31 
1231 2354.20 
1232 2300.24 
1233 2264.81 
1234 2371.58 
1235 2343.67 
1236 2346.64 
1237 2293.09 
1238 2392.51 
1239 2416.62 
1240 2336.53 
1241 2343.49 
1242 2024.16 
1243 2356.79 
1244 2423.84 
1245 2362.47 
1246 2250.26 
1247 2106.28 
1248 2277.60 
1249 2415.31 
1250 2102.19 
1251 2403.27 
1252 2370.08 
1253 2294.41 
1254 2430.47 
1255 2202.58 
1256 2445.20 
1257 2216.35 
1258 2447.02 
1259 2282.16 
1260 2318.68 
1261 2092.28 
1262 2507.98 
1263 2191.75 
1264 2260.65 
1265 2471.47 
1266 2438.99 
1267 2437.85 
1268 2169.46 
1269 2361.73 
1270 2352.57 
1271 2327.20 
1272 2417.39 
1273 2176.94 
1274 2200.39 
1275 2213.06 
1276 2149.15 
1277 2333.12 
1278 2331.34 
1279 2140.43 
1280 2394.01 
1281 2445.88 
1282 2339.53 
1283 2160.11 
1284 2186.88 
1285 2332.16 
1286 2327.21 
1287 2218.35 
1288 2362.87 
1289 2418.11 
1290 2306.45 
1291 2505.50 
1292 2354.00 
1293 2316.66 
1294 2105.22 
1295 2146.01 
1296 2323.53 
1297 2346.43 
1298 2243.37 
1299 2287.35 
1300 2235.70 
1301 2335.72 
1302 2294.42 
1303 2223.14 
1304 2303.57 
1305 2166.81 
1306 2096.17 
1307 2180.83 
1308 2308.06 
1309 2298.86 
1310 2233.33 
1311 2210.98 
1312 2264.15 
1313 2056.37 
1314 2335.34 
1315 2229.21 
1316 2340.86 
1317 2368.08 
1318 2245.79 
1319 2127.32 
1320 2498.46 
1321 2443.51 
1322 2198.06 
1323 2287.86 
1324 2433.62 
1325 2290.56 
1326 2217.16 
1327 2175.42 
1328 2641.27 
1329 2251.39 
1330 2215.19 
1331 2326.00 
1332 2239.88 
1333 2156.14 
1334 2164.20 
1335 2246.79 
1336 2262.55 
1337 2428.82 
1338 2274.87 
1339 2340.82 
1340 2491.58 
1341 2402.68 
1342 2353.51 
1343 2057.78 
1344 2364.98 
1345 2153.75 
1346 2044.69 
1347 2131.25 
1348 2090.50 
1349 2437.14 
1350 2310.23 
1351 2429.42 
1352 2352.09 
1353 2263.71 
1354 2248.61 
1355 2260.03 
1356 2361.34 
1357 2359.81 
1358 2175.85 
1359 2004.72 
1360 2159.12 
1361 2244.24 
1362 2396.43 
1363 2079.07 
1364 2241.24 
1365 2065.95 
1366 2376.95 
1367 2304.55 
1368 2258.57 
1369 2324.04 
1370 2264.65 
1371 2434.81 
1372 2266.80 
1373 2444.44 
1374 2122.21 
1375 2233.66 
1376 2454.46 
1377 2426.95 
1378 2433.96 
1379 1999.13 
1380 2500.27 
1381 2271.74 
1382 2468.34 
1383 2142.84 
1384 2252.03 
1385 2253.87 
1386 2342.33 
1387 2347.09 
1388 2457.21 
1389 2447.97 
1390 2230.27 
1391 2406.57 
1392 2266.30 
1393 2018.88 
1394 2279.50 
1395 2184.44 
1396 2471.85 
1397 2337.02 
1398 2298.52 
1399 2469.41 
1400 2162.61 
