Seed 9:
0 -200.00 
1 -200.00 
2 -200.00 
3 -200.00 
4 -200.00 
5 -200.00 
6 -200.00 
7 -200.00 
8 -200.00 
9 -200.00 
10 -200.00 
11 -200.00 
12 -200.00 
13 -200.00 
14 -200.00 
15 -200.00 
16 -200.00 
17 -200.00 
18 -200.00 
19 -200.00 
20 -200.00 
21 -200.00 
22 -200.00 
23 -200.00 
24 -200.00 
25 -200.00 
26 -200.00 
27 -200.00 
28 -200.00 
29 -200.00 
30 -200.00 
31 -200.00 
32 -200.00 
33 -200.00 
34 -200.00 
35 -200.00 
36 -200.00 
37 -200.00 
38 -200.00 
39 -200.00 
40 -200.00 
41 -200.00 
42 -200.00 
43 -200.00 
44 -200.00 
45 -200.00 
46 -200.00 
47 -200.00 
48 -200.00 
49 -200.00 
50 -200.00 
51 -200.00 
52 -200.00 
53 -200.00 
54 -200.00 
55 -200.00 
56 -200.00 
57 -200.00 
58 -200.00 
59 -200.00 
60 -200.00 
61 -200.00 
62 -200.00 
63 -200.00 
64 -200.00 
65 -200.00 
66 -200.00 
67 -200.00 
68 -200.00 
69 -200.00 
70 -200.00 
71 -200.00 
72 -200.00 
73 -200.00 
74 -200.00 
75 -200.00 
76 -200.00 
77 -200.00 
78 -200.00 
79 -200.00 
80 -200.00 
81 -200.00 
82 -200.00 
83 -200.00 
84 -200.00 
85 -200.00 
86 -200.00 
87 -200.00 
88 -200.00 
89 -200.00 
90 -200.00 
91 -200.00 
92 -200.00 
93 -200.00 
94 -200.00 
95 -200.00 
96 -200.00 
97 -200.00 
98 -200.00 
99 -200.00 
100 -200.00 
101 -200.00 
102 -200.00 
103 -200.00 
104 -200.00 
105 -200.00 
106 -200.00 
107 -200.00 
108 -200.00 
109 -200.00 
110 -200.00 
111 -200.00 
112 -200.00 
113 -200.00 
114 -200.00 
115 -200.00 
116 -200.00 
117 -200.00 
118 -200.00 
119 -200.00 
120 -200.00 
121 -200.00 
122 -200.00 
123 -200.00 
124 -200.00 
125 -200.00 
126 -200.00 
127 -200.00 
128 -200.00 
129 -200.00 
130 -200.00 
131 -200.00 
132 -200.00 
133 -200.00 
134 -200.00 
135 -200.00 
136 -200.00 
137 -200.00 
138 -200.00 
139 -200.00 
140 -200.00 
141 -200.00 
142 -200.00 
143 -200.00 
144 -200.00 
145 -200.00 
146 -200.00 
147 -200.00 
148 -200.00 
149 -200.00 
150 -200.00 
151 -200.00 
152 -200.00 
153 -200.00 
154 -200.00 
155 -200.00 
156 -200.00 
157 -200.00 
158 -200.00 
159 -200.00 
160 -200.00 
161 -200.00 
162 -200.00 
163 -200.00 
164 -200.00 
165 -200.00 
166 -200.00 
167 -200.00 
168 -200.00 
169 -200.00 
170 -200.00 
171 -200.00 
172 -200.00 
173 -200.00 
174 -200.00 
175 -200.00 
176 -200.00 
177 -200.00 
178 -200.00 
179 -200.00 
180 -200.00 
181 -200.00 
182 -200.00 
183 -200.00 
184 -200.00 
185 -200.00 
186 -200.00 
187 -200.00 
188 -200.00 
189 -200.00 
190 -200.00 
191 -200.00 
192 -200.00 
193 -200.00 
194 -200.00 
195 -200.00 
196 -200.00 
197 -200.00 
198 -200.00 
199 -200.00 
200 -200.00 
201 -200.00 
202 -200.00 
203 -200.00 
204 -200.00 
205 -200.00 
206 -200.00 
207 -200.00 
208 -200.00 
209 -200.00 
210 -200.00 
211 -200.00 
212 -200.00 
213 -200.00 
214 -200.00 
215 -200.00 
216 -200.00 
217 -200.00 
218 -200.00 
219 -200.00 
220 -200.00 
221 -200.00 
222 -200.00 
223 -200.00 
224 -200.00 
225 -200.00 
226 -200.00 
227 -200.00 
228 -200.00 
229 -200.00 
230 -200.00 
231 -200.00 
232 -200.00 
233 -200.00 
234 -200.00 
235 -200.00 
236 -200.00 
237 -200.00 
238 -200.00 
239 -200.00 
240 -200.00 
241 -200.00 
242 -200.00 
243 -200.00 
244 -200.00 
245 -200.00 
246 -200.00 
247 -200.00 
248 -200.00 
249 -200.00 
250 -200.00 
251 -200.00 
252 -200.00 
253 -200.00 
254 -200.00 
255 -200.00 
256 -200.00 
257 -200.00 
258 -200.00 
259 -200.00 
260 -200.00 
261 -200.00 
262 -200.00 
263 -200.00 
264 -200.00 
265 -200.00 
266 -200.00 
267 -200.00 
268 -200.00 
269 -200.00 
270 -200.00 
271 -200.00 
272 -200.00 
273 -200.00 
274 -200.00 
275 -200.00 
276 -200.00 
277 -200.00 
278 -200.00 
279 -200.00 
280 -200.00 
281 -200.00 
282 -200.00 
283 -200.00 
284 -200.00 
285 -200.00 
286 -200.00 
287 -200.00 
288 -200.00 
289 -200.00 
290 -200.00 
291 -200.00 
292 -200.00 
293 -200.00 
294 -200.00 
295 -200.00 
296 -200.00 
297 -200.00 
298 -200.00 
299 -200.00 
300 -200.00 
301 -200.00 
302 -200.00 
303 -200.00 
304 -200.00 
305 -187.00 
306 -200.00 
307 -200.00 
308 -200.00 
309 -200.00 
310 -200.00 
311 -200.00 
312 -200.00 
313 -200.00 
314 -200.00 
315 -183.00 
316 -200.00 
317 -200.00 
318 -200.00 
319 -181.00 
320 -200.00 
321 -189.00 
322 -182.00 
323 -200.00 
324 -200.00 
325 -181.00 
326 -200.00 
327 -200.00 
328 -200.00 
329 -200.00 
330 -200.00 
331 -177.00 
332 -200.00 
333 -200.00 
334 -200.00 
335 -200.00 
336 -111.00 
337 -200.00 
338 -102.00 
339 -171.00 
340 -93.00 
341 -200.00 
342 -110.00 
343 -102.00 
344 -100.00 
345 -200.00 
346 -200.00 
347 -176.00 
348 -106.00 
349 -103.00 
350 -97.00 
351 -200.00 
352 -200.00 
353 -200.00 
354 -200.00 
355 -200.00 
356 -176.00 
357 -200.00 
358 -181.00 
359 -179.00 
360 -200.00 
361 -200.00 
362 -175.00 
363 -173.00 
364 -200.00 
365 -175.00 
366 -200.00 
367 -101.00 
368 -200.00 
369 -200.00 
370 -178.00 
371 -200.00 
372 -200.00 
373 -200.00 
374 -200.00 
375 -189.00 
376 -175.00 
377 -182.00 
378 -200.00 
379 -174.00 
380 -200.00 
381 -200.00 
382 -174.00 
383 -103.00 
384 -173.00 
385 -178.00 
386 -177.00 
387 -200.00 
388 -200.00 
389 -200.00 
390 -184.00 
391 -177.00 
392 -129.00 
393 -200.00 
394 -200.00 
395 -200.00 
396 -200.00 
397 -188.00 
398 -178.00 
399 -200.00 
400 -200.00 
401 -200.00 
402 -94.00 
403 -157.00 
404 -123.00 
405 -114.00 
406 -128.00 
407 -123.00 
408 -116.00 
409 -114.00 
410 -123.00 
411 -118.00 
412 -197.00 
413 -177.00 
414 -156.00 
415 -200.00 
416 -174.00 
417 -92.00 
418 -90.00 
419 -109.00 
420 -105.00 
421 -163.00 
422 -161.00 
423 -174.00 
424 -200.00 
425 -159.00 
426 -92.00 
427 -94.00 
428 -122.00 
429 -114.00 
430 -113.00 
431 -159.00 
432 -115.00 
433 -126.00 
434 -122.00 
435 -120.00 
436 -123.00 
437 -200.00 
438 -119.00 
439 -125.00 
440 -116.00 
441 -117.00 
442 -122.00 
443 -115.00 
444 -122.00 
445 -200.00 
446 -200.00 
447 -173.00 
448 -200.00 
449 -200.00 
450 -200.00 
451 -200.00 
452 -200.00 
453 -200.00 
454 -200.00 
455 -182.00 
456 -181.00 
457 -179.00 
458 -179.00 
459 -175.00 
460 -200.00 
461 -200.00 
462 -102.00 
463 -200.00 
464 -200.00 
465 -190.00 
466 -190.00 
467 -179.00 
468 -200.00 
469 -170.00 
470 -95.00 
471 -122.00 
472 -200.00 
473 -179.00 
474 -174.00 
475 -200.00 
476 -200.00 
477 -95.00 
478 -105.00 
479 -108.00 
480 -117.00 
481 -177.00 
482 -200.00 
483 -200.00 
484 -177.00 
485 -173.00 
486 -175.00 
487 -171.00 
488 -175.00 
489 -101.00 
490 -171.00 
491 -200.00 
492 -191.00 
493 -115.00 
494 -200.00 
495 -120.00 
496 -200.00 
497 -200.00 
498 -200.00 
499 -176.00 
500 -175.00 
501 -177.00 
502 -171.00 
503 -100.00 
504 -170.00 
505 -200.00 
506 -92.00 
507 -167.00 
508 -98.00 
509 -162.00 
510 -159.00 
511 -153.00 
512 -123.00 
513 -118.00 
514 -126.00 
515 -124.00 
516 -158.00 
517 -117.00 
518 -121.00 
519 -123.00 
520 -114.00 
521 -115.00 
522 -115.00 
523 -115.00 
524 -122.00 
525 -122.00 
526 -119.00 
527 -123.00 
528 -125.00 
529 -122.00 
530 -121.00 
531 -121.00 
532 -200.00 
533 -119.00 
534 -200.00 
535 -200.00 
536 -122.00 
537 -130.00 
538 -114.00 
539 -118.00 
540 -119.00 
541 -122.00 
542 -125.00 
543 -123.00 
544 -125.00 
545 -115.00 
546 -156.00 
547 -117.00 
548 -124.00 
549 -122.00 
550 -115.00 
551 -123.00 
552 -117.00 
553 -122.00 
554 -200.00 
555 -115.00 
556 -116.00 
557 -118.00 
558 -121.00 
559 -116.00 
560 -114.00 
561 -122.00 
562 -115.00 
563 -114.00 
564 -126.00 
565 -131.00 
566 -121.00 
567 -120.00 
568 -121.00 
569 -200.00 
570 -115.00 
571 -118.00 
572 -120.00 
573 -121.00 
574 -200.00 
575 -122.00 
576 -115.00 
577 -200.00 
578 -122.00 
579 -118.00 
580 -200.00 
581 -120.00 
582 -121.00 
583 -117.00 
584 -123.00 
585 -125.00 
586 -200.00 
587 -121.00 
588 -117.00 
589 -121.00 
590 -120.00 
591 -200.00 
592 -200.00 
593 -200.00 
594 -117.00 
595 -200.00 
596 -115.00 
597 -115.00 
598 -116.00 
599 -115.00 
600 -122.00 
601 -121.00 
602 -116.00 
603 -121.00 
604 -121.00 
605 -122.00 
606 -124.00 
607 -124.00 
608 -118.00 
609 -124.00 
610 -200.00 
611 -124.00 
612 -121.00 
613 -115.00 
614 -116.00 
615 -115.00 
616 -122.00 
617 -200.00 
618 -124.00 
619 -114.00 
620 -122.00 
621 -119.00 
622 -117.00 
623 -117.00 
624 -121.00 
625 -123.00 
626 -200.00 
627 -116.00 
628 -123.00 
629 -116.00 
630 -124.00 
631 -200.00 
632 -115.00 
633 -200.00 
634 -127.00 
635 -115.00 
636 -123.00 
637 -123.00 
638 -157.00 
639 -113.00 
640 -122.00 
641 -114.00 
642 -122.00 
643 -115.00 
644 -115.00 
645 -123.00 
646 -115.00 
647 -122.00 
648 -126.00 
649 -121.00 
650 -200.00 
651 -115.00 
652 -114.00 
653 -123.00 
654 -126.00 
655 -126.00 
656 -116.00 
657 -115.00 
658 -200.00 
659 -121.00 
660 -115.00 
661 -124.00 
662 -125.00 
663 -126.00 
664 -117.00 
665 -117.00 
666 -122.00 
667 -200.00 
668 -122.00 
669 -127.00 
670 -114.00 
671 -123.00 
672 -124.00 
673 -116.00 
674 -117.00 
675 -122.00 
676 -119.00 
677 -123.00 
678 -123.00 
679 -122.00 
680 -116.00 
681 -122.00 
682 -123.00 
683 -123.00 
684 -114.00 
685 -125.00 
686 -200.00 
687 -114.00 
688 -115.00 
689 -122.00 
690 -117.00 
691 -123.00 
692 -122.00 
693 -115.00 
694 -121.00 
695 -124.00 
696 -122.00 
697 -122.00 
698 -122.00 
699 -123.00 
700 -115.00 
701 -114.00 
702 -122.00 
703 -88.00 
704 -123.00 
705 -115.00 
706 -122.00 
707 -115.00 
708 -124.00 
709 -123.00 
710 -153.00 
711 -97.00 
712 -157.00 
713 -107.00 
714 -168.00 
715 -163.00 
716 -195.00 
717 -166.00 
718 -89.00 
719 -88.00 
720 -176.00 
721 -87.00 
722 -159.00 
723 -160.00 
724 -89.00 
725 -154.00 
726 -114.00 
727 -122.00 
728 -116.00 
729 -114.00 
730 -122.00 
731 -120.00 
732 -122.00 
733 -117.00 
734 -126.00 
735 -115.00 
736 -200.00 
737 -114.00 
738 -126.00 
739 -200.00 
740 -123.00 
741 -121.00 
742 -121.00 
743 -127.00 
744 -118.00 
745 -125.00 
746 -117.00 
747 -118.00 
748 -125.00 
749 -124.00 
750 -128.00 
751 -123.00 
752 -122.00 
753 -114.00 
754 -123.00 
755 -122.00 
756 -121.00 
757 -114.00 
758 -115.00 
759 -117.00 
760 -126.00 
761 -122.00 
762 -120.00 
763 -123.00 
764 -123.00 
765 -200.00 
766 -134.00 
767 -123.00 
768 -129.00 
769 -125.00 
770 -122.00 
771 -200.00 
772 -122.00 
773 -200.00 
774 -125.00 
775 -200.00 
776 -200.00 
777 -114.00 
778 -122.00 
779 -123.00 
780 -130.00 
781 -121.00 
782 -114.00 
783 -114.00 
784 -200.00 
785 -125.00 
786 -123.00 
787 -200.00 
788 -116.00 
789 -123.00 
790 -122.00 
791 -113.00 
792 -123.00 
793 -127.00 
794 -122.00 
795 -122.00 
796 -122.00 
797 -113.00 
798 -200.00 
799 -122.00 
800 -119.00 
801 -122.00 
802 -200.00 
803 -122.00 
804 -115.00 
805 -115.00 
806 -122.00 
807 -200.00 
808 -116.00 
809 -121.00 
810 -122.00 
811 -121.00 
812 -122.00 
813 -122.00 
814 -121.00 
815 -115.00 
816 -129.00 
817 -200.00 
818 -200.00 
819 -116.00 
820 -121.00 
821 -132.00 
822 -121.00 
823 -115.00 
824 -115.00 
825 -122.00 
826 -123.00 
827 -200.00 
828 -117.00 
829 -117.00 
830 -124.00 
831 -123.00 
832 -118.00 
833 -114.00 
834 -118.00 
835 -119.00 
836 -99.00 
837 -117.00 
838 -114.00 
839 -123.00 
840 -115.00 
841 -123.00 
842 -130.00 
843 -119.00 
844 -128.00 
845 -200.00 
846 -122.00 
847 -133.00 
848 -122.00 
849 -122.00 
850 -122.00 
851 -125.00 
852 -115.00 
853 -123.00 
854 -117.00 
855 -200.00 
856 -200.00 
857 -120.00 
858 -200.00 
859 -122.00 
860 -200.00 
861 -129.00 
862 -118.00 
863 -120.00 
864 -121.00 
865 -115.00 
866 -121.00 
867 -122.00 
868 -200.00 
869 -122.00 
870 -200.00 
871 -115.00 
872 -117.00 
873 -122.00 
874 -119.00 
875 -131.00 
876 -115.00 
877 -200.00 
878 -127.00 
879 -116.00 
880 -200.00 
881 -200.00 
882 -122.00 
883 -122.00 
884 -121.00 
885 -122.00 
886 -122.00 
887 -122.00 
888 -117.00 
889 -115.00 
890 -115.00 
891 -124.00 
892 -115.00 
893 -122.00 
894 -122.00 
895 -116.00 
896 -122.00 
897 -122.00 
898 -116.00 
899 -119.00 
900 -200.00 
901 -126.00 
902 -128.00 
903 -122.00 
904 -124.00 
905 -116.00 
906 -118.00 
907 -200.00 
908 -122.00 
909 -115.00 
910 -200.00 
911 -114.00 
912 -119.00 
913 -114.00 
914 -127.00 
915 -119.00 
916 -123.00 
917 -124.00 
918 -114.00 
919 -122.00 
920 -115.00 
921 -117.00 
922 -114.00 
923 -122.00 
924 -123.00 
925 -118.00 
926 -200.00 
927 -121.00 
928 -120.00 
929 -114.00 
930 -200.00 
931 -116.00 
932 -120.00 
933 -121.00 
934 -200.00 
935 -116.00 
936 -121.00 
937 -115.00 
938 -125.00 
939 -122.00 
940 -123.00 
941 -123.00 
942 -200.00 
943 -122.00 
944 -125.00 
945 -123.00 
946 -119.00 
947 -116.00 
948 -115.00 
949 -122.00 
950 -121.00 
951 -200.00 
952 -121.00 
953 -118.00 
954 -126.00 
955 -126.00 
956 -200.00 
957 -121.00 
958 -118.00 
959 -122.00 
960 -133.00 
961 -200.00 
962 -122.00 
963 -118.00 
964 -122.00 
965 -114.00 
966 -115.00 
967 -119.00 
968 -116.00 
969 -116.00 
970 -129.00 
971 -200.00 
972 -120.00 
973 -200.00 
974 -131.00 
975 -123.00 
976 -125.00 
977 -115.00 
978 -200.00 
979 -121.00 
980 -126.00 
981 -115.00 
982 -200.00 
983 -114.00 
984 -121.00 
985 -121.00 
986 -115.00 
987 -200.00 
988 -126.00 
989 -200.00 
990 -121.00 
991 -117.00 
992 -124.00 
993 -115.00 
994 -121.00 
995 -121.00 
996 -115.00 
997 -121.00 
998 -121.00 
999 -121.00 
1000 -200.00 
1001 -200.00 
1002 -200.00 
1003 -122.00 
1004 -123.00 
1005 -115.00 
1006 -121.00 
1007 -114.00 
1008 -115.00 
1009 -123.00 
1010 -122.00 
1011 -200.00 
1012 -121.00 
1013 -115.00 
1014 -115.00 
1015 -200.00 
1016 -122.00 
1017 -121.00 
1018 -200.00 
1019 -117.00 
1020 -200.00 
1021 -122.00 
1022 -200.00 
1023 -122.00 
1024 -122.00 
1025 -120.00 
1026 -125.00 
1027 -122.00 
1028 -121.00 
1029 -123.00 
1030 -122.00 
1031 -137.00 
1032 -130.00 
1033 -116.00 
1034 -117.00 
1035 -115.00 
1036 -200.00 
1037 -117.00 
1038 -117.00 
1039 -114.00 
1040 -114.00 
1041 -200.00 
1042 -119.00 
1043 -115.00 
1044 -200.00 
1045 -200.00 
1046 -118.00 
1047 -118.00 
1048 -200.00 
1049 -114.00 
1050 -200.00 
1051 -121.00 
1052 -115.00 
1053 -119.00 
1054 -122.00 
1055 -114.00 
1056 -200.00 
1057 -126.00 
1058 -122.00 
1059 -124.00 
1060 -120.00 
1061 -122.00 
1062 -200.00 
1063 -124.00 
1064 -122.00 
1065 -126.00 
1066 -124.00 
1067 -122.00 
1068 -120.00 
1069 -122.00 
1070 -122.00 
1071 -122.00 
1072 -122.00 
1073 -122.00 
1074 -122.00 
1075 -122.00 
1076 -114.00 
1077 -118.00 
1078 -122.00 
1079 -126.00 
1080 -122.00 
1081 -114.00 
1082 -123.00 
1083 -90.00 
1084 -91.00 
1085 -88.00 
1086 -162.00 
1087 -157.00 
1088 -90.00 
1089 -159.00 
1090 -122.00 
1091 -90.00 
1092 -118.00 
1093 -97.00 
1094 -122.00 
1095 -88.00 
1096 -161.00 
1097 -173.00 
1098 -89.00 
1099 -114.00 
1100 -114.00 
1101 -123.00 
1102 -200.00 
1103 -114.00 
1104 -117.00 
1105 -117.00 
1106 -116.00 
1107 -123.00 
1108 -115.00 
1109 -116.00 
1110 -119.00 
1111 -120.00 
1112 -121.00 
1113 -114.00 
1114 -121.00 
1115 -200.00 
1116 -116.00 
1117 -126.00 
1118 -200.00 
1119 -119.00 
1120 -200.00 
1121 -118.00 
1122 -121.00 
1123 -117.00 
1124 -115.00 
1125 -122.00 
1126 -200.00 
1127 -121.00 
1128 -115.00 
1129 -200.00 
1130 -118.00 
1131 -200.00 
1132 -117.00 
1133 -123.00 
1134 -122.00 
1135 -114.00 
1136 -123.00 
1137 -114.00 
1138 -122.00 
1139 -117.00 
1140 -123.00 
1141 -127.00 
1142 -125.00 
1143 -120.00 
1144 -118.00 
1145 -123.00 
1146 -120.00 
1147 -115.00 
1148 -122.00 
1149 -122.00 
1150 -121.00 
1151 -123.00 
1152 -125.00 
1153 -122.00 
1154 -115.00 
1155 -124.00 
1156 -123.00 
1157 -200.00 
1158 -124.00 
1159 -117.00 
1160 -123.00 
1161 -119.00 
1162 -122.00 
1163 -118.00 
1164 -86.00 
1165 -87.00 
1166 -88.00 
1167 -123.00 
1168 -113.00 
1169 -165.00 
1170 -90.00 
1171 -120.00 
1172 -90.00 
1173 -91.00 
1174 -161.00 
1175 -99.00 
1176 -93.00 
1177 -175.00 
1178 -92.00 
1179 -89.00 
1180 -93.00 
1181 -103.00 
1182 -157.00 
1183 -87.00 
1184 -162.00 
1185 -123.00 
1186 -122.00 
1187 -115.00 
1188 -114.00 
1189 -122.00 
1190 -119.00 
1191 -200.00 
1192 -118.00 
1193 -122.00 
1194 -117.00 
1195 -115.00 
1196 -200.00 
1197 -118.00 
1198 -116.00 
1199 -115.00 
1200 -121.00 
1201 -122.00 
1202 -121.00 
1203 -130.00 
1204 -129.00 
1205 -114.00 
1206 -129.00 
1207 -128.00 
1208 -117.00 
1209 -122.00 
1210 -120.00 
1211 -123.00 
1212 -122.00 
1213 -123.00 
1214 -113.00 
1215 -127.00 
1216 -122.00 
1217 -116.00 
1218 -122.00 
1219 -115.00 
1220 -117.00 
1221 -119.00 
1222 -122.00 
1223 -117.00 
1224 -122.00 
1225 -121.00 
1226 -116.00 
1227 -114.00 
1228 -200.00 
1229 -115.00 
1230 -122.00 
1231 -115.00 
1232 -119.00 
1233 -200.00 
1234 -121.00 
1235 -116.00 
1236 -114.00 
1237 -123.00 
1238 -115.00 
1239 -115.00 
1240 -200.00 
1241 -116.00 
1242 -122.00 
1243 -123.00 
1244 -115.00 
1245 -200.00 
1246 -200.00 
1247 -114.00 
1248 -130.00 
1249 -124.00 
1250 -116.00 
1251 -116.00 
1252 -122.00 
1253 -123.00 
1254 -114.00 
1255 -123.00 
1256 -123.00 
1257 -114.00 
1258 -121.00 
1259 -121.00 
1260 -122.00 
1261 -122.00 
1262 -117.00 
1263 -131.00 
1264 -200.00 
1265 -200.00 
1266 -120.00 
1267 -114.00 
1268 -114.00 
1269 -200.00 
1270 -120.00 
1271 -122.00 
1272 -122.00 
1273 -126.00 
1274 -122.00 
1275 -123.00 
1276 -115.00 
1277 -123.00 
1278 -200.00 
1279 -122.00 
1280 -122.00 
1281 -122.00 
1282 -126.00 
1283 -114.00 
1284 -132.00 
1285 -116.00 
1286 -123.00 
1287 -122.00 
1288 -116.00 
1289 -122.00 
1290 -122.00 
1291 -115.00 
1292 -116.00 
1293 -200.00 
1294 -122.00 
1295 -115.00 
1296 -119.00 
1297 -121.00 
1298 -117.00 
1299 -200.00 
1300 -126.00 
1301 -118.00 
1302 -200.00 
1303 -122.00 
1304 -123.00 
1305 -123.00 
1306 -114.00 
1307 -123.00 
1308 -122.00 
1309 -122.00 
1310 -114.00 
1311 -116.00 
1312 -116.00 
1313 -123.00 
1314 -116.00 
1315 -117.00 
1316 -123.00 
1317 -124.00 
1318 -117.00 
1319 -122.00 
1320 -120.00 
1321 -122.00 
1322 -118.00 
1323 -200.00 
1324 -122.00 
1325 -133.00 
1326 -122.00 
1327 -118.00 
1328 -122.00 
1329 -122.00 
1330 -125.00 
1331 -124.00 
1332 -124.00 
1333 -117.00 
1334 -124.00 
1335 -119.00 
1336 -116.00 
1337 -124.00 
1338 -123.00 
1339 -122.00 
1340 -115.00 
1341 -121.00 
1342 -116.00 
1343 -116.00 
1344 -120.00 
1345 -122.00 
1346 -123.00 
1347 -116.00 
1348 -122.00 
1349 -125.00 
1350 -123.00 
1351 -124.00 
1352 -120.00 
1353 -123.00 
1354 -118.00 
1355 -122.00 
1356 -123.00 
1357 -124.00 
1358 -122.00 
1359 -116.00 
1360 -117.00 
1361 -117.00 
1362 -116.00 
1363 -118.00 
1364 -117.00 
1365 -121.00 
1366 -200.00 
1367 -122.00 
1368 -121.00 
1369 -121.00 
1370 -115.00 
1371 -121.00 
1372 -124.00 
1373 -114.00 
1374 -121.00 
1375 -117.00 
1376 -200.00 
1377 -118.00 
1378 -115.00 
1379 -121.00 
1380 -115.00 
1381 -121.00 
1382 -126.00 
1383 -122.00 
1384 -120.00 
1385 -119.00 
1386 -121.00 
1387 -121.00 
1388 -122.00 
1389 -200.00 
1390 -115.00 
1391 -122.00 
1392 -114.00 
1393 -122.00 
1394 -115.00 
1395 -115.00 
1396 -125.00 
1397 -200.00 
1398 -116.00 
1399 -118.00 
1400 -128.00 
1401 -116.00 
1402 -122.00 
1403 -200.00 
1404 -115.00 
1405 -126.00 
1406 -117.00 
1407 -122.00 
1408 -129.00 
1409 -200.00 
1410 -114.00 
1411 -122.00 
1412 -130.00 
1413 -125.00 
1414 -115.00 
1415 -119.00 
1416 -122.00 
1417 -200.00 
1418 -124.00 
1419 -123.00 
1420 -122.00 
1421 -123.00 
1422 -122.00 
1423 -117.00 
1424 -118.00 
1425 -116.00 
1426 -124.00 
1427 -115.00 
1428 -116.00 
1429 -116.00 
1430 -121.00 
1431 -123.00 
1432 -122.00 
1433 -122.00 
1434 -129.00 
1435 -122.00 
1436 -116.00 
1437 -200.00 
1438 -125.00 
1439 -118.00 
1440 -125.00 
1441 -115.00 
1442 -115.00 
1443 -128.00 
1444 -122.00 
1445 -123.00 
1446 -118.00 
1447 -130.00 
1448 -123.00 
1449 -118.00 
1450 -118.00 
1451 -126.00 
1452 -118.00 
1453 -200.00 
1454 -114.00 
1455 -200.00 
1456 -114.00 
1457 -116.00 
1458 -200.00 
1459 -122.00 
1460 -132.00 
1461 -116.00 
1462 -119.00 
1463 -116.00 
1464 -114.00 
1465 -123.00 
1466 -115.00 
1467 -132.00 
1468 -124.00 
1469 -200.00 
1470 -134.00 
1471 -124.00 
1472 -124.00 
1473 -123.00 
1474 -117.00 
1475 -121.00 
1476 -122.00 
1477 -117.00 
1478 -130.00 
1479 -122.00 
1480 -126.00 
1481 -114.00 
1482 -116.00 
1483 -115.00 
1484 -121.00 
1485 -121.00 
1486 -200.00 
1487 -115.00 
1488 -200.00 
1489 -127.00 
1490 -122.00 
1491 -121.00 
1492 -122.00 
1493 -122.00 
1494 -115.00 
1495 -115.00 
1496 -120.00 
1497 -118.00 
1498 -200.00 
1499 -123.00 
1500 -125.00 
1501 -126.00 
1502 -122.00 
1503 -118.00 
1504 -120.00 
1505 -121.00 
1506 -116.00 
1507 -115.00 
1508 -115.00 
1509 -116.00 
1510 -115.00 
1511 -115.00 
1512 -200.00 
1513 -123.00 
1514 -129.00 
1515 -126.00 
1516 -115.00 
1517 -126.00 
1518 -115.00 
1519 -123.00 
1520 -126.00 
1521 -122.00 
1522 -122.00 
1523 -123.00 
1524 -122.00 
1525 -122.00 
1526 -114.00 
1527 -200.00 
1528 -114.00 
1529 -116.00 
1530 -117.00 
1531 -118.00 
1532 -200.00 
1533 -114.00 
1534 -122.00 
1535 -126.00 
1536 -124.00 
1537 -117.00 
1538 -122.00 
1539 -130.00 
1540 -130.00 
1541 -124.00 
1542 -115.00 
1543 -119.00 
1544 -116.00 
1545 -129.00 
1546 -116.00 
1547 -121.00 
1548 -119.00 
1549 -131.00 
1550 -123.00 
1551 -122.00 
1552 -114.00 
1553 -121.00 
1554 -115.00 
1555 -121.00 
1556 -125.00 
1557 -127.00 
1558 -119.00 
1559 -200.00 
1560 -119.00 
1561 -116.00 
1562 -120.00 
1563 -123.00 
1564 -123.00 
1565 -123.00 
1566 -122.00 
1567 -118.00 
1568 -115.00 
1569 -118.00 
1570 -124.00 
1571 -200.00 
1572 -116.00 
1573 -117.00 
1574 -200.00 
1575 -123.00 
1576 -116.00 
1577 -116.00 
1578 -115.00 
1579 -122.00 
1580 -128.00 
1581 -125.00 
1582 -124.00 
1583 -122.00 
1584 -121.00 
1585 -116.00 
1586 -122.00 
1587 -127.00 
1588 -114.00 
1589 -118.00 
1590 -123.00 
1591 -122.00 
1592 -121.00 
1593 -116.00 
1594 -122.00 
1595 -200.00 
1596 -115.00 
1597 -116.00 
1598 -129.00 
1599 -115.00 
1600 -128.00 
1601 -122.00 
1602 -117.00 
1603 -122.00 
1604 -126.00 
1605 -122.00 
1606 -86.00 
1607 -124.00 
1608 -123.00 
1609 -115.00 
1610 -116.00 
1611 -122.00 
1612 -115.00 
1613 -119.00 
1614 -114.00 
1615 -200.00 
1616 -121.00 
1617 -126.00 
1618 -122.00 
1619 -200.00 
1620 -122.00 
1621 -114.00 
1622 -121.00 
1623 -123.00 
1624 -122.00 
1625 -119.00 
1626 -119.00 
1627 -122.00 
1628 -122.00 
1629 -122.00 
1630 -121.00 
1631 -115.00 
1632 -116.00 
1633 -116.00 
1634 -200.00 
1635 -115.00 
1636 -121.00 
1637 -119.00 
1638 -115.00 
1639 -118.00 
1640 -200.00 
1641 -114.00 
1642 -122.00 
1643 -130.00 
1644 -115.00 
1645 -125.00 
1646 -124.00 
1647 -115.00 
1648 -122.00 
1649 -123.00 
1650 -115.00 
1651 -200.00 
1652 -124.00 
1653 -115.00 
1654 -123.00 
1655 -121.00 
1656 -121.00 
1657 -122.00 
1658 -127.00 
1659 -122.00 
1660 -114.00 
1661 -115.00 
1662 -130.00 
1663 -122.00 
1664 -122.00 
1665 -125.00 
1666 -117.00 
1667 -114.00 
1668 -117.00 
1669 -122.00 
1670 -200.00 
1671 -117.00 
1672 -122.00 
1673 -200.00 
1674 -122.00 
1675 -129.00 
1676 -114.00 
1677 -120.00 
1678 -118.00 
1679 -114.00 
1680 -116.00 
1681 -200.00 
1682 -121.00 
1683 -135.00 
1684 -115.00 
1685 -117.00 
1686 -126.00 
1687 -122.00 
1688 -127.00 
1689 -128.00 
1690 -116.00 
1691 -121.00 
1692 -122.00 
1693 -122.00 
1694 -118.00 
1695 -114.00 
1696 -122.00 
1697 -117.00 
1698 -121.00 
1699 -122.00 
1700 -125.00 
1701 -117.00 
1702 -114.00 
1703 -122.00 
1704 -117.00 
1705 -200.00 
1706 -118.00 
1707 -115.00 
1708 -116.00 
1709 -121.00 
1710 -200.00 
1711 -117.00 
1712 -120.00 
1713 -122.00 
1714 -122.00 
1715 -127.00 
1716 -116.00 
1717 -117.00 
1718 -200.00 
1719 -122.00 
1720 -120.00 
1721 -132.00 
1722 -122.00 
1723 -117.00 
1724 -115.00 
1725 -114.00 
1726 -200.00 
1727 -117.00 
1728 -123.00 
1729 -200.00 
1730 -119.00 
1731 -115.00 
1732 -115.00 
1733 -120.00 
1734 -129.00 
1735 -200.00 
1736 -123.00 
1737 -200.00 
1738 -122.00 
1739 -123.00 
1740 -122.00 
1741 -123.00 
1742 -122.00 
1743 -122.00 
1744 -120.00 
1745 -123.00 
1746 -117.00 
1747 -115.00 
1748 -115.00 
1749 -117.00 
1750 -122.00 
1751 -129.00 
1752 -123.00 
1753 -122.00 
1754 -121.00 
1755 -118.00 
1756 -121.00 
1757 -115.00 
1758 -121.00 
1759 -200.00 
1760 -125.00 
1761 -200.00 
1762 -116.00 
1763 -116.00 
1764 -121.00 
1765 -116.00 
1766 -200.00 
1767 -119.00 
1768 -124.00 
1769 -124.00 
1770 -122.00 
1771 -122.00 
1772 -86.00 
1773 -123.00 
1774 -114.00 
1775 -115.00 
1776 -123.00 
1777 -122.00 
1778 -123.00 
1779 -123.00 
1780 -122.00 
1781 -123.00 
1782 -122.00 
1783 -124.00 
1784 -114.00 
1785 -129.00 
1786 -120.00 
1787 -115.00 
1788 -115.00 
1789 -200.00 
1790 -200.00 
1791 -127.00 
1792 -122.00 
1793 -122.00 
1794 -121.00 
1795 -122.00 
1796 -200.00 
1797 -115.00 
1798 -122.00 
1799 -125.00 
1800 -114.00 
1801 -116.00 
1802 -119.00 
1803 -200.00 
1804 -116.00 
1805 -120.00 
1806 -122.00 
1807 -117.00 
1808 -118.00 
1809 -117.00 
1810 -121.00 
1811 -131.00 
1812 -127.00 
1813 -128.00 
1814 -122.00 
1815 -122.00 
1816 -116.00 
1817 -127.00 
1818 -128.00 
1819 -116.00 
1820 -116.00 
1821 -122.00 
1822 -128.00 
1823 -123.00 
1824 -122.00 
1825 -117.00 
1826 -120.00 
1827 -124.00 
1828 -115.00 
1829 -122.00 
1830 -124.00 
1831 -114.00 
1832 -123.00 
1833 -122.00 
1834 -123.00 
1835 -122.00 
1836 -122.00 
1837 -122.00 
1838 -122.00 
1839 -123.00 
1840 -114.00 
1841 -115.00 
1842 -122.00 
1843 -120.00 
1844 -114.00 
1845 -200.00 
1846 -125.00 
1847 -138.00 
1848 -115.00 
1849 -118.00 
1850 -115.00 
1851 -116.00 
1852 -126.00 
1853 -122.00 
1854 -123.00 
1855 -116.00 
1856 -121.00 
1857 -116.00 
1858 -129.00 
1859 -130.00 
1860 -122.00 
1861 -122.00 
1862 -122.00 
1863 -122.00 
1864 -122.00 
1865 -120.00 
1866 -200.00 
1867 -117.00 
1868 -117.00 
1869 -121.00 
1870 -116.00 
1871 -121.00 
1872 -122.00 
1873 -123.00 
1874 -116.00 
1875 -200.00 
1876 -118.00 
1877 -200.00 
1878 -122.00 
1879 -123.00 
1880 -200.00 
1881 -116.00 
1882 -114.00 
1883 -121.00 
1884 -121.00 
1885 -122.00 
1886 -115.00 
1887 -128.00 
1888 -115.00 
1889 -126.00 
1890 -200.00 
1891 -124.00 
1892 -114.00 
1893 -126.00 
1894 -117.00 
1895 -117.00 
1896 -122.00 
1897 -122.00 
1898 -122.00 
1899 -122.00 
1900 -114.00 
1901 -122.00 
1902 -131.00 
1903 -120.00 
1904 -200.00 
1905 -117.00 
1906 -122.00 
1907 -200.00 
1908 -114.00 
1909 -128.00 
1910 -118.00 
1911 -122.00 
1912 -200.00 
1913 -122.00 
1914 -125.00 
1915 -131.00 
1916 -114.00 
1917 -122.00 
1918 -122.00 
1919 -122.00 
1920 -122.00 
1921 -122.00 
1922 -122.00 
1923 -122.00 
1924 -123.00 
1925 -122.00 
1926 -124.00 
1927 -122.00 
1928 -117.00 
1929 -118.00 
1930 -123.00 
1931 -122.00 
1932 -123.00 
1933 -117.00 
1934 -114.00 
1935 -116.00 
1936 -122.00 
1937 -122.00 
1938 -122.00 
1939 -116.00 
1940 -117.00 
1941 -121.00 
1942 -117.00 
1943 -119.00 
1944 -116.00 
1945 -119.00 
1946 -121.00 
1947 -115.00 
1948 -200.00 
1949 -126.00 
1950 -130.00 
1951 -118.00 
1952 -115.00 
1953 -118.00 
1954 -126.00 
1955 -116.00 
1956 -200.00 
1957 -115.00 
1958 -121.00 
1959 -122.00 
1960 -122.00 
1961 -124.00 
1962 -114.00 
1963 -124.00 
1964 -122.00 
1965 -122.00 
1966 -125.00 
1967 -122.00 
1968 -116.00 
1969 -200.00 
1970 -200.00 
1971 -114.00 
1972 -122.00 
1973 -128.00 
1974 -123.00 
1975 -117.00 
1976 -121.00 
1977 -115.00 
1978 -122.00 
1979 -123.00 
1980 -200.00 
1981 -118.00 
1982 -120.00 
1983 -130.00 
1984 -122.00 
1985 -122.00 
1986 -122.00 
1987 -121.00 
1988 -122.00 
1989 -120.00 
1990 -122.00 
1991 -122.00 
1992 -122.00 
1993 -122.00 
1994 -118.00 
1995 -119.00 
1996 -117.00 
1997 -121.00 
1998 -128.00 
1999 -122.00 
2000 -122.00 
2001 -116.00 
2002 -116.00 
2003 -124.00 
2004 -117.00 
2005 -122.00 
2006 -116.00 
2007 -123.00 
2008 -115.00 
2009 -117.00 
2010 -125.00 
2011 -120.00 
2012 -122.00 
2013 -115.00 
2014 -115.00 
2015 -200.00 
2016 -122.00 
2017 -115.00 
2018 -121.00 
2019 -116.00 
2020 -200.00 
2021 -114.00 
2022 -200.00 
2023 -117.00 
2024 -121.00 
2025 -116.00 
2026 -116.00 
2027 -200.00 
2028 -123.00 
2029 -117.00 
2030 -117.00 
2031 -200.00 
2032 -115.00 
2033 -115.00 
2034 -121.00 
2035 -118.00 
2036 -121.00 
2037 -121.00 
2038 -121.00 
2039 -122.00 
2040 -115.00 
2041 -200.00 
2042 -122.00 
2043 -119.00 
2044 -127.00 
2045 -200.00 
2046 -114.00 
2047 -122.00 
2048 -115.00 
2049 -122.00 
2050 -114.00 
2051 -122.00 
2052 -117.00 
2053 -122.00 
2054 -200.00 
2055 -123.00 
2056 -116.00 
2057 -116.00 
2058 -127.00 
2059 -114.00 
2060 -116.00 
2061 -130.00 
2062 -123.00 
2063 -122.00 
2064 -114.00 
2065 -124.00 
2066 -122.00 
2067 -122.00 
2068 -123.00 
2069 -122.00 
2070 -123.00 
2071 -98.00 
2072 -122.00 
2073 -116.00 
2074 -115.00 
2075 -200.00 
2076 -118.00 
2077 -123.00 
2078 -122.00 
2079 -123.00 
2080 -122.00 
2081 -124.00 
2082 -116.00 
2083 -123.00 
2084 -122.00 
2085 -124.00 
2086 -122.00 
2087 -122.00 
2088 -88.00 
2089 -123.00 
2090 -123.00 
2091 -114.00 
2092 -118.00 
2093 -117.00 
2094 -116.00 
2095 -200.00 
2096 -200.00 
2097 -120.00 
2098 -116.00 
2099 -115.00 
2100 -121.00 
2101 -127.00 
2102 -121.00 
2103 -122.00 
2104 -117.00 
2105 -122.00 
2106 -200.00 
2107 -117.00 
2108 -200.00 
2109 -120.00 
2110 -121.00 
2111 -114.00 
2112 -126.00 
2113 -200.00 
2114 -119.00 
2115 -125.00 
2116 -119.00 
2117 -123.00 
2118 -115.00 
2119 -123.00 
2120 -127.00 
2121 -122.00 
2122 -124.00 
2123 -114.00 
2124 -116.00 
2125 -127.00 
2126 -114.00 
2127 -200.00 
2128 -118.00 
2129 -115.00 
2130 -121.00 
2131 -117.00 
2132 -117.00 
2133 -121.00 
2134 -124.00 
2135 -200.00 
2136 -122.00 
2137 -125.00 
2138 -129.00 
2139 -116.00 
2140 -115.00 
2141 -122.00 
2142 -200.00 
2143 -123.00 
2144 -115.00 
2145 -122.00 
2146 -123.00 
2147 -122.00 
2148 -122.00 
2149 -122.00 
2150 -116.00 
2151 -117.00 
2152 -122.00 
2153 -121.00 
2154 -116.00 
2155 -123.00 
2156 -121.00 
2157 -115.00 
2158 -200.00 
2159 -131.00 
2160 -122.00 
2161 -114.00 
2162 -126.00 
2163 -128.00 
2164 -114.00 
2165 -123.00 
2166 -118.00 
2167 -123.00 
2168 -124.00 
2169 -122.00 
2170 -123.00 
2171 -123.00 
2172 -115.00 
2173 -122.00 
2174 -123.00 
2175 -122.00 
2176 -118.00 
2177 -125.00 
2178 -122.00 
2179 -122.00 
2180 -124.00 
2181 -122.00 
2182 -114.00 
2183 -121.00 
2184 -200.00 
2185 -123.00 
2186 -116.00 
2187 -115.00 
2188 -122.00 
2189 -121.00 
2190 -122.00 
2191 -118.00 
2192 -200.00 
2193 -115.00 
2194 -123.00 
2195 -123.00 
2196 -122.00 
2197 -121.00 
2198 -118.00 
2199 -127.00 
2200 -116.00 
2201 -118.00 
2202 -119.00 
2203 -200.00 
2204 -117.00 
2205 -121.00 
2206 -122.00 
2207 -123.00 
2208 -124.00 
2209 -124.00 
2210 -119.00 
2211 -130.00 
2212 -124.00 
2213 -115.00 
2214 -122.00 
2215 -122.00 
2216 -123.00 
2217 -119.00 
2218 -119.00 
2219 -118.00 
2220 -119.00 
2221 -122.00 
2222 -122.00 
2223 -124.00 
2224 -123.00 
2225 -117.00 
2226 -122.00 
2227 -122.00 
2228 -114.00 
2229 -115.00 
2230 -123.00 
2231 -115.00 
2232 -115.00 
2233 -125.00 
2234 -122.00 
2235 -115.00 
2236 -200.00 
2237 -122.00 
2238 -200.00 
2239 -114.00 
2240 -127.00 
2241 -122.00 
2242 -118.00 
2243 -134.00 
2244 -122.00 
2245 -119.00 
2246 -115.00 
2247 -130.00 
2248 -123.00 
2249 -127.00 
2250 -119.00 
2251 -128.00 
2252 -122.00 
2253 -120.00 
2254 -119.00 
2255 -200.00 
2256 -122.00 
2257 -115.00 
2258 -123.00 
2259 -122.00 
2260 -115.00 
2261 -116.00 
2262 -122.00 
2263 -124.00 
2264 -200.00 
2265 -126.00 
2266 -116.00 
2267 -127.00 
2268 -123.00 
2269 -114.00 
2270 -122.00 
2271 -122.00 
2272 -123.00 
2273 -117.00 
2274 -114.00 
2275 -127.00 
2276 -128.00 
2277 -115.00 
2278 -117.00 
2279 -115.00 
2280 -123.00 
2281 -121.00 
2282 -116.00 
2283 -121.00 
2284 -116.00 
2285 -200.00 
2286 -200.00 
2287 -122.00 
2288 -116.00 
2289 -122.00 
2290 -122.00 
2291 -115.00 
2292 -122.00 
2293 -119.00 
2294 -120.00 
2295 -200.00 
2296 -118.00 
2297 -129.00 
2298 -120.00 
2299 -122.00 
2300 -123.00 
2301 -122.00 
2302 -118.00 
2303 -122.00 
2304 -123.00 
2305 -122.00 
2306 -120.00 
2307 -114.00 
2308 -125.00 
2309 -117.00 
2310 -122.00 
2311 -118.00 
2312 -123.00 
2313 -118.00 
2314 -200.00 
2315 -115.00 
2316 -123.00 
2317 -121.00 
2318 -116.00 
2319 -116.00 
2320 -200.00 
2321 -115.00 
2322 -118.00 
2323 -124.00 
2324 -200.00 
2325 -117.00 
2326 -124.00 
2327 -125.00 
2328 -118.00 
2329 -119.00 
2330 -122.00 
2331 -122.00 
2332 -126.00 
2333 -122.00 
2334 -119.00 
2335 -126.00 
2336 -114.00 
2337 -117.00 
2338 -123.00 
2339 -125.00 
2340 -125.00 
2341 -116.00 
2342 -122.00 
2343 -123.00 
2344 -200.00 
2345 -123.00 
2346 -128.00 
2347 -122.00 
2348 -114.00 
2349 -123.00 
2350 -122.00 
2351 -121.00 
2352 -122.00 
2353 -200.00 
2354 -115.00 
2355 -123.00 
2356 -122.00 
2357 -120.00 
2358 -118.00 
2359 -121.00 
2360 -118.00 
2361 -115.00 
2362 -121.00 
2363 -122.00 
2364 -200.00 
2365 -122.00 
2366 -122.00 
2367 -200.00 
2368 -122.00 
2369 -115.00 
2370 -114.00 
2371 -200.00 
2372 -118.00 
2373 -115.00 
2374 -116.00 
2375 -121.00 
2376 -122.00 
2377 -118.00 
2378 -124.00 
2379 -122.00 
2380 -128.00 
2381 -116.00 
2382 -122.00 
2383 -123.00 
2384 -117.00 
2385 -122.00 
2386 -115.00 
2387 -118.00 
2388 -123.00 
2389 -120.00 
2390 -134.00 
2391 -126.00 
2392 -122.00 
2393 -124.00 
2394 -123.00 
2395 -87.00 
2396 -88.00 
2397 -122.00 
2398 -114.00 
2399 -123.00 
2400 -122.00 
2401 -115.00 
2402 -115.00 
2403 -121.00 
2404 -125.00 
2405 -119.00 
2406 -127.00 
2407 -114.00 
2408 -200.00 
2409 -116.00 
2410 -115.00 
2411 -123.00 
2412 -124.00 
2413 -117.00 
2414 -122.00 
2415 -117.00 
2416 -122.00 
2417 -123.00 
2418 -124.00 
2419 -123.00 
2420 -200.00 
2421 -114.00 
2422 -116.00 
2423 -122.00 
2424 -121.00 
2425 -121.00 
2426 -122.00 
2427 -123.00 
2428 -124.00 
2429 -125.00 
2430 -123.00 
2431 -122.00 
2432 -123.00 
2433 -92.00 
2434 -122.00 
2435 -119.00 
2436 -119.00 
2437 -123.00 
2438 -128.00 
2439 -123.00 
2440 -124.00 
2441 -129.00 
2442 -115.00 
2443 -117.00 
2444 -121.00 
2445 -129.00 
2446 -122.00 
2447 -122.00 
2448 -118.00 
2449 -114.00 
2450 -121.00 
2451 -122.00 
2452 -200.00 
2453 -124.00 
2454 -122.00 
2455 -114.00 
2456 -132.00 
2457 -115.00 
2458 -127.00 
2459 -122.00 
2460 -118.00 
2461 -122.00 
2462 -118.00 
2463 -124.00 
2464 -115.00 
2465 -123.00 
2466 -200.00 
2467 -115.00 
2468 -121.00 
2469 -127.00 
2470 -115.00 
2471 -128.00 
2472 -123.00 
2473 -86.00 
2474 -90.00 
2475 -90.00 
2476 -120.00 
2477 -115.00 
2478 -123.00 
2479 -123.00 
2480 -122.00 
2481 -114.00 
2482 -121.00 
2483 -115.00 
2484 -121.00 
2485 -126.00 
2486 -116.00 
2487 -132.00 
2488 -123.00 
2489 -122.00 
2490 -118.00 
2491 -123.00 
2492 -114.00 
2493 -125.00 
2494 -136.00 
2495 -122.00 
2496 -123.00 
2497 -122.00 
2498 -115.00 
2499 -117.00 
2500 -122.00 
2501 -132.00 
2502 -118.00 
2503 -122.00 
2504 -115.00 
2505 -121.00 
2506 -117.00 
2507 -125.00 
2508 -200.00 
2509 -115.00 
2510 -122.00 
2511 -122.00 
2512 -115.00 
2513 -116.00 
2514 -115.00 
2515 -121.00 
2516 -200.00 
2517 -122.00 
2518 -123.00 
2519 -120.00 
2520 -115.00 
2521 -122.00 
2522 -122.00 
2523 -200.00 
2524 -114.00 
2525 -115.00 
2526 -122.00 
2527 -122.00 
2528 -129.00 
2529 -123.00 
2530 -118.00 
2531 -119.00 
2532 -121.00 
2533 -122.00 
2534 -115.00 
2535 -124.00 
2536 -120.00 
2537 -114.00 
2538 -200.00 
2539 -116.00 
2540 -122.00 
2541 -122.00 
2542 -122.00 
2543 -125.00 
2544 -117.00 
2545 -115.00 
2546 -126.00 
2547 -120.00 
2548 -122.00 
2549 -121.00 
2550 -114.00 
2551 -200.00 
2552 -117.00 
2553 -122.00 
2554 -124.00 
2555 -117.00 
2556 -126.00 
2557 -120.00 
2558 -122.00 
2559 -118.00 
2560 -114.00 
2561 -115.00 
2562 -200.00 
2563 -119.00 
2564 -121.00 
2565 -126.00 
2566 -117.00 
2567 -115.00 
2568 -115.00 
2569 -121.00 
2570 -129.00 
2571 -125.00 
2572 -118.00 
2573 -124.00 
2574 -123.00 
2575 -122.00 
2576 -123.00 
2577 -117.00 
2578 -122.00 
2579 -122.00 
2580 -122.00 
2581 -115.00 
2582 -124.00 
2583 -114.00 
2584 -126.00 
2585 -115.00 
2586 -115.00 
2587 -123.00 
2588 -131.00 
2589 -115.00 
2590 -122.00 
2591 -126.00 
2592 -122.00 
2593 -130.00 
2594 -122.00 
2595 -122.00 
2596 -114.00 
2597 -122.00 
2598 -116.00 
2599 -124.00 
2600 -127.00 
2601 -115.00 
2602 -121.00 
2603 -117.00 
2604 -118.00 
2605 -121.00 
2606 -117.00 
2607 -121.00 
2608 -125.00 
2609 -115.00 
2610 -117.00 
2611 -118.00 
2612 -116.00 
2613 -132.00 
2614 -115.00 
2615 -200.00 
2616 -115.00 
2617 -114.00 
2618 -200.00 
2619 -123.00 
2620 -122.00 
2621 -121.00 
2622 -117.00 
2623 -122.00 
2624 -123.00 
2625 -122.00 
2626 -123.00 
2627 -137.00 
2628 -115.00 
2629 -200.00 
2630 -115.00 
2631 -121.00 
2632 -118.00 
2633 -123.00 
2634 -200.00 
2635 -117.00 
2636 -122.00 
2637 -122.00 
2638 -200.00 
2639 -115.00 
2640 -122.00 
2641 -122.00 
2642 -126.00 
2643 -123.00 
2644 -118.00 
2645 -115.00 
2646 -122.00 
2647 -121.00 
2648 -120.00 
2649 -118.00 
2650 -200.00 
2651 -116.00 
2652 -118.00 
2653 -115.00 
2654 -115.00 
2655 -122.00 
2656 -117.00 
2657 -116.00 
2658 -115.00 
2659 -116.00 
2660 -200.00 
2661 -124.00 
2662 -117.00 
2663 -121.00 
2664 -122.00 
2665 -124.00 
2666 -116.00 
2667 -115.00 
2668 -200.00 
2669 -122.00 
2670 -123.00 
2671 -121.00 
2672 -114.00 
2673 -121.00 
2674 -115.00 
2675 -121.00 
2676 -125.00 
2677 -122.00 
2678 -123.00 
2679 -128.00 
2680 -122.00 
2681 -87.00 
2682 -92.00 
2683 -163.00 
2684 -88.00 
2685 -162.00 
2686 -94.00 
2687 -123.00 
2688 -117.00 
2689 -86.00 
2690 -122.00 
2691 -118.00 
2692 -123.00 
2693 -113.00 
2694 -122.00 
2695 -122.00 
2696 -116.00 
2697 -126.00 
2698 -122.00 
2699 -122.00 
2700 -121.00 
2701 -117.00 
2702 -122.00 
2703 -128.00 
2704 -87.00 
2705 -91.00 
2706 -124.00 
2707 -122.00 
2708 -122.00 
2709 -118.00 
2710 -116.00 
2711 -121.00 
2712 -122.00 
2713 -115.00 
2714 -122.00 
2715 -122.00 
2716 -118.00 
2717 -121.00 
2718 -126.00 
2719 -122.00 
2720 -118.00 
2721 -123.00 
2722 -122.00 
2723 -122.00 
2724 -115.00 
2725 -122.00 
2726 -119.00 
2727 -124.00 
2728 -136.00 
2729 -114.00 
2730 -123.00 
2731 -122.00 
2732 -122.00 
2733 -122.00 
2734 -118.00 
2735 -117.00 
2736 -122.00 
2737 -114.00 
2738 -200.00 
2739 -121.00 
2740 -129.00 
2741 -123.00 
2742 -123.00 
2743 -122.00 
2744 -120.00 
2745 -125.00 
2746 -118.00 
2747 -122.00 
2748 -124.00 
2749 -116.00 
2750 -118.00 
2751 -123.00 
2752 -116.00 
2753 -130.00 
2754 -118.00 
2755 -122.00 
2756 -122.00 
2757 -128.00 
2758 -115.00 
2759 -121.00 
2760 -116.00 
2761 -117.00 
2762 -117.00 
2763 -200.00 
2764 -122.00 
2765 -121.00 
2766 -123.00 
2767 -122.00 
2768 -122.00 
2769 -94.00 
2770 -87.00 
2771 -115.00 
2772 -124.00 
2773 -122.00 
2774 -119.00 
2775 -118.00 
2776 -115.00 
2777 -117.00 
2778 -121.00 
2779 -200.00 
2780 -200.00 
2781 -122.00 
2782 -115.00 
2783 -115.00 
2784 -128.00 
2785 -122.00 
2786 -200.00 
2787 -117.00 
2788 -115.00 
2789 -123.00 
2790 -115.00 
2791 -116.00 
2792 -134.00 
2793 -122.00 
2794 -125.00 
2795 -122.00 
2796 -114.00 
2797 -200.00 
2798 -122.00 
2799 -120.00 
2800 -120.00 
2801 -200.00 
2802 -115.00 
2803 -114.00 
2804 -200.00 
2805 -121.00 
2806 -118.00 
2807 -128.00 
2808 -116.00 
2809 -118.00 
2810 -118.00 
2811 -121.00 
2812 -116.00 
2813 -115.00 
2814 -200.00 
2815 -115.00 
2816 -122.00 
2817 -121.00 
2818 -114.00 
2819 -122.00 
2820 -122.00 
2821 -118.00 
2822 -114.00 
2823 -131.00 
2824 -125.00 
2825 -122.00 
2826 -122.00 
2827 -128.00 
2828 -118.00 
2829 -118.00 
2830 -200.00 
2831 -115.00 
2832 -119.00 
2833 -130.00 
2834 -119.00 
2835 -124.00 
2836 -123.00 
2837 -122.00 
2838 -117.00 
2839 -122.00 
2840 -126.00 
2841 -122.00 
2842 -123.00 
2843 -123.00 
2844 -123.00 
2845 -116.00 
2846 -121.00 
2847 -114.00 
2848 -200.00 
2849 -121.00 
2850 -122.00 
2851 -122.00 
2852 -122.00 
2853 -200.00 
2854 -123.00 
2855 -123.00 
2856 -119.00 
2857 -122.00 
2858 -122.00 
2859 -86.00 
2860 -123.00 
2861 -88.00 
2862 -94.00 
2863 -91.00 
2864 -90.00 
2865 -177.00 
2866 -122.00 
2867 -115.00 
2868 -115.00 
2869 -121.00 
2870 -115.00 
2871 -115.00 
2872 -130.00 
2873 -200.00 
2874 -116.00 
2875 -122.00 
2876 -123.00 
2877 -122.00 
2878 -120.00 
2879 -122.00 
2880 -123.00 
2881 -122.00 
2882 -125.00 
2883 -123.00 
2884 -122.00 
2885 -122.00 
2886 -118.00 
2887 -114.00 
2888 -118.00 
2889 -125.00 
2890 -122.00 
2891 -114.00 
2892 -129.00 
2893 -118.00 
2894 -122.00 
2895 -122.00 
2896 -127.00 
2897 -122.00 
2898 -115.00 
2899 -115.00 
2900 -121.00 
2901 -116.00 
2902 -122.00 
2903 -115.00 
2904 -121.00 
2905 -131.00 
2906 -121.00 
2907 -122.00 
2908 -117.00 
2909 -116.00 
2910 -122.00 
2911 -127.00 
2912 -121.00 
2913 -123.00 
2914 -118.00 
2915 -117.00 
2916 -115.00 
2917 -121.00 
2918 -123.00 
2919 -131.00 
2920 -126.00 
2921 -115.00 
2922 -200.00 
2923 -117.00 
2924 -200.00 
2925 -114.00 
2926 -123.00 
2927 -122.00 
2928 -118.00 
2929 -117.00 
2930 -122.00 
2931 -123.00 
2932 -116.00 
2933 -130.00 
2934 -115.00 
2935 -121.00 
2936 -121.00 
2937 -117.00 
2938 -122.00 
2939 -118.00 
2940 -121.00 
2941 -114.00 
2942 -126.00 
2943 -200.00 
2944 -115.00 
2945 -121.00 
2946 -119.00 
2947 -129.00 
2948 -123.00 
2949 -122.00 
2950 -88.00 
2951 -96.00 
2952 -91.00 
2953 -119.00 
2954 -92.00 
2955 -90.00 
2956 -122.00 
2957 -115.00 
2958 -119.00 
2959 -123.00 
2960 -122.00 
2961 -200.00 
2962 -114.00 
2963 -132.00 
2964 -122.00 
2965 -116.00 
2966 -117.00 
2967 -131.00 
2968 -123.00 
2969 -117.00 
2970 -124.00 
2971 -118.00 
2972 -116.00 
2973 -122.00 
2974 -121.00 
2975 -114.00 
2976 -200.00 
2977 -122.00 
2978 -122.00 
2979 -118.00 
2980 -200.00 
2981 -123.00 
2982 -114.00 
2983 -122.00 
2984 -117.00 
2985 -122.00 
2986 -116.00 
2987 -115.00 
2988 -122.00 
2989 -117.00 
2990 -200.00 
2991 -120.00 
2992 -123.00 
2993 -125.00 
2994 -122.00 
2995 -121.00 
2996 -114.00 
2997 -200.00 
2998 -121.00 
2999 -115.00 
3000 -117.00 
