Seed 0:
0 -348.93 
1 -339.39 
2 -408.82 
3 -405.16 
4 -391.70 
5 -406.77 
6 -197.32 
7 -85.51 
8 -2.39 
9 -139.11 
10 -37.25 
11 -3.03 
12 7.56 
13 127.92 
14 137.68 
15 100.77 
16 86.88 
17 240.45 
18 201.55 
19 250.37 
20 213.45 
21 209.67 
22 210.04 
23 145.07 
24 376.82 
25 269.16 
26 280.07 
27 324.29 
28 293.44 
29 276.57 
30 245.61 
31 244.64 
32 341.39 
33 300.29 
34 295.80 
35 322.58 
36 266.83 
37 235.23 
38 256.77 
39 382.88 
40 368.35 
41 301.60 
42 424.83 
43 574.17 
44 520.90 
45 630.59 
46 653.56 
47 643.82 
48 715.34 
49 602.57 
50 842.95 
51 -143.22 
52 1077.21 
53 960.30 
54 862.84 
55 1069.69 
56 910.90 
57 1036.39 
58 1071.14 
59 1022.59 
60 1066.64 
61 1012.07 
62 1257.40 
63 1153.75 
64 1143.33 
65 1206.07 
66 1041.34 
67 1234.62 
68 962.45 
69 1222.08 
70 1051.90 
71 1090.54 
72 1168.96 
73 1050.78 
74 1140.63 
75 1099.06 
76 1162.09 
77 1270.34 
78 1136.97 
79 1098.02 
80 1263.98 
81 1561.24 
82 1071.74 
83 1167.53 
84 1299.81 
85 1386.72 
86 1116.08 
87 1349.10 
88 1452.92 
89 1290.22 
90 1187.15 
91 1450.06 
92 1148.12 
93 1296.51 
94 1273.95 
95 1252.26 
96 1423.30 
97 1373.63 
98 1237.54 
99 -107.64 
100 1135.62 
101 1452.19 
102 1131.94 
103 1464.44 
104 1430.21 
105 1249.57 
106 1480.50 
107 1246.75 
108 1432.32 
109 1330.34 
110 1278.13 
111 1355.56 
112 1221.73 
113 1474.18 
114 1347.55 
115 1422.70 
116 1355.81 
117 1349.88 
118 1449.85 
119 1456.15 
120 1597.92 
121 1235.10 
122 1386.55 
123 1272.70 
124 1422.19 
125 1293.77 
126 1297.00 
127 1380.60 
128 1414.83 
129 1135.77 
130 1096.35 
131 1360.85 
132 1355.29 
133 1384.68 
134 -504.01 
135 1313.93 
136 816.44 
137 1431.59 
138 1466.80 
139 1232.06 
140 1327.99 
141 1501.37 
142 1474.82 
143 1411.55 
144 1452.38 
145 1447.19 
146 1317.08 
147 1080.61 
148 1596.02 
149 1335.35 
150 1212.87 
151 1303.26 
152 1362.69 
153 1393.23 
154 1436.27 
155 1422.11 
156 1312.85 
157 1506.08 
158 1326.85 
159 1366.48 
160 1302.37 
161 1277.39 
162 1471.37 
163 1204.77 
164 1238.07 
165 1400.42 
166 1274.50 
167 1346.66 
168 58.64 
169 1517.66 
170 1482.97 
171 304.91 
172 1423.37 
173 1500.24 
174 1463.11 
175 1355.36 
176 1288.87 
177 1474.48 
178 1536.62 
179 1313.16 
180 1200.57 
181 1390.35 
182 1343.13 
183 1148.78 
184 1410.21 
185 1363.08 
186 1357.10 
187 -178.42 
188 1482.93 
189 1257.95 
190 1233.09 
191 1294.03 
192 1366.94 
193 1425.45 
194 -28.28 
195 1279.97 
196 1246.28 
197 1403.17 
198 1350.79 
199 1439.26 
200 1398.98 
201 1469.45 
202 1414.99 
203 1378.50 
204 1338.95 
205 1497.08 
206 1390.60 
207 1389.33 
208 1508.23 
209 1506.94 
210 1420.64 
211 1460.40 
212 1206.63 
213 1481.46 
214 1403.44 
215 1459.73 
216 1454.16 
217 1564.18 
218 1519.98 
219 1311.33 
220 1370.81 
221 1581.95 
222 1227.13 
223 1394.77 
224 1530.90 
225 1347.08 
226 1650.20 
227 1585.06 
228 1399.71 
229 -119.84 
230 1533.62 
231 1308.58 
232 1328.95 
233 1245.13 
234 1547.54 
235 -127.12 
236 1296.69 
237 1304.26 
238 1549.60 
239 1460.80 
240 1307.78 
241 1286.58 
242 1501.03 
243 1472.63 
244 1557.18 
245 1467.13 
246 1825.82 
247 1479.17 
248 1311.42 
249 1329.76 
250 1313.27 
251 1475.73 
252 1508.62 
253 1579.15 
254 1492.31 
255 1413.34 
256 360.65 
257 1521.68 
258 1501.52 
259 1372.23 
260 1499.34 
261 1533.94 
262 1628.41 
263 1483.22 
264 1447.35 
265 1557.11 
266 1515.47 
267 1686.10 
268 1506.85 
269 1545.92 
270 1489.98 
271 1444.31 
272 1466.45 
273 1403.33 
274 1595.18 
275 1394.63 
276 1512.21 
277 1338.86 
278 1562.23 
279 1502.87 
280 1554.69 
281 1385.36 
282 1476.21 
283 1389.38 
284 1741.84 
285 1424.63 
286 1519.64 
287 1536.44 
288 1552.95 
289 1341.73 
290 1509.24 
291 1588.94 
292 1629.70 
293 1632.97 
294 1603.54 
295 1502.26 
296 1362.78 
297 1377.45 
298 1401.61 
299 1328.21 
300 1761.52 
301 1628.10 
302 1578.09 
303 1605.85 
304 1312.68 
305 1597.45 
306 1594.71 
307 1659.65 
308 1729.27 
309 1010.01 
310 1447.82 
311 1382.49 
312 1642.69 
313 1542.79 
314 1523.83 
315 1592.21 
316 1451.06 
317 1513.48 
318 1517.48 
319 1707.31 
320 1613.37 
321 1470.28 
322 1716.92 
323 1428.86 
324 1571.12 
325 1570.91 
326 1730.64 
327 1518.54 
328 1508.86 
329 1482.01 
330 884.76 
331 1471.51 
332 1193.69 
333 1783.72 
334 1687.73 
335 1610.98 
336 1392.28 
337 1477.32 
338 1587.59 
339 794.80 
340 1628.09 
341 1532.70 
342 1693.33 
343 1468.63 
344 1583.10 
345 1622.02 
346 1480.34 
347 1376.99 
348 1635.37 
349 1618.15 
350 1536.95 
351 1735.53 
352 1482.49 
353 1409.99 
354 1443.96 
355 1602.03 
356 1538.98 
357 1434.77 
358 1593.23 
359 1437.93 
360 1762.89 
361 1539.75 
362 1647.99 
363 1462.43 
364 1716.23 
365 1475.70 
366 1673.06 
367 1644.77 
368 1513.54 
369 1517.72 
370 1336.64 
371 1538.40 
372 1784.41 
373 1804.94 
374 1833.56 
375 1060.04 
376 1697.85 
377 1577.76 
378 1457.74 
379 1597.25 
380 1592.96 
381 1589.35 
382 1704.27 
383 1644.02 
384 1513.45 
385 1410.02 
386 1529.20 
387 1593.02 
388 1678.85 
389 1520.68 
390 1708.96 
391 1595.07 
392 -89.57 
393 291.81 
394 1747.82 
395 1573.42 
396 1714.14 
397 1651.03 
398 1657.44 
399 1554.65 
400 1784.50 
401 1597.71 
402 1626.65 
403 1713.87 
404 288.25 
405 1757.29 
406 1653.69 
407 1632.47 
408 1777.96 
409 1677.76 
410 1785.96 
411 1756.43 
412 1819.83 
413 1795.65 
414 1589.94 
415 1756.98 
416 1601.43 
417 1734.70 
418 1571.64 
419 1613.57 
420 1576.65 
421 1623.70 
422 1834.09 
423 1573.33 
424 1484.29 
425 1664.79 
426 1632.35 
427 1562.54 
428 1679.11 
429 1899.84 
430 1756.11 
431 1641.67 
432 1243.65 
433 1684.86 
434 1783.46 
435 1903.89 
436 1823.27 
437 1705.33 
438 1711.17 
439 1566.04 
440 1860.90 
441 1752.55 
442 1654.98 
443 1743.49 
444 1920.46 
445 1775.60 
446 1648.45 
447 1816.35 
448 1726.98 
449 1859.32 
450 1676.28 
451 1423.24 
452 1673.28 
453 1796.60 
454 1757.76 
455 1615.62 
456 1685.69 
457 1648.34 
458 1776.44 
459 1761.52 
460 1564.72 
461 1750.59 
462 1675.25 
463 1564.28 
464 1548.58 
465 1615.29 
466 1692.09 
467 1565.35 
468 1929.84 
469 1607.60 
470 1655.45 
471 1669.46 
472 1696.69 
473 1795.09 
474 1594.77 
475 1916.70 
476 1702.41 
477 1524.17 
478 1630.21 
479 1876.18 
480 1800.38 
481 1652.12 
482 1445.71 
483 1605.33 
484 -42.20 
485 1520.46 
486 1671.94 
487 1744.85 
488 1930.31 
489 1698.02 
490 1764.01 
491 1655.94 
492 1582.74 
493 1562.40 
494 1893.61 
495 606.95 
496 1777.96 
497 1577.37 
498 1694.06 
499 149.35 
500 1632.48 
501 1890.45 
502 1511.20 
503 1783.29 
504 1738.32 
505 1773.78 
506 1750.39 
507 1614.59 
508 1806.48 
509 1504.23 
510 1720.55 
511 1661.22 
512 1551.01 
513 1713.68 
514 1734.56 
515 1637.64 
516 1541.77 
517 1559.09 
518 1616.93 
519 1661.06 
520 1759.54 
521 1857.60 
522 1789.86 
523 1720.84 
524 1930.18 
525 1710.29 
526 1710.76 
527 1812.70 
528 1682.79 
529 1573.15 
530 938.05 
531 1667.75 
532 1886.71 
533 1860.24 
534 1618.73 
535 1674.93 
536 1790.98 
537 1752.12 
538 1553.27 
539 1950.64 
540 1620.40 
541 1369.68 
542 1888.30 
543 1278.72 
544 1619.27 
545 1635.02 
546 1850.69 
547 1864.37 
548 1596.78 
549 1719.80 
550 63.74 
551 1796.74 
552 1760.05 
553 97.18 
554 1823.37 
555 1597.43 
556 1644.37 
557 1587.74 
558 1920.74 
559 1652.56 
560 1697.99 
561 1734.57 
562 1588.39 
563 1717.81 
564 1779.83 
565 1638.70 
566 1720.85 
567 1693.40 
568 1848.34 
569 1861.97 
570 1613.35 
571 1691.73 
572 1537.31 
573 1745.11 
574 1659.56 
575 1817.72 
576 1823.66 
577 1876.84 
578 1750.97 
579 1638.75 
580 1778.65 
581 1645.74 
582 1867.98 
583 1853.33 
584 2024.69 
585 1802.37 
586 33.16 
587 1725.09 
588 1271.24 
589 1701.53 
590 1510.37 
591 1778.29 
592 1719.57 
593 1738.81 
594 -435.76 
595 1911.10 
596 1868.68 
597 1834.61 
598 1703.25 
599 1817.94 
600 1662.77 
601 1686.12 
602 1904.71 
603 1623.01 
604 1774.16 
605 1833.60 
606 1784.88 
607 1940.12 
608 1875.48 
609 1896.92 
610 1788.94 
611 1749.93 
612 1770.19 
613 1809.66 
614 1795.55 
615 1606.29 
616 1742.23 
617 1674.90 
618 1857.17 
619 1572.90 
620 1755.78 
621 1566.24 
622 797.56 
623 1720.32 
624 1718.52 
625 1611.72 
626 1631.53 
627 1766.63 
628 1962.16 
629 1935.94 
630 1801.33 
631 1623.60 
632 1830.13 
633 315.29 
634 2004.18 
635 1849.79 
636 1593.56 
637 1784.24 
638 1975.18 
639 731.57 
640 1674.60 
641 1708.75 
642 1984.64 
643 1912.88 
644 1979.70 
645 1867.26 
646 1799.26 
647 1993.07 
648 1864.24 
649 2006.08 
650 1700.86 
651 1835.62 
652 1890.00 
653 1669.04 
654 1769.62 
655 1597.92 
656 1908.80 
657 1735.04 
658 1853.22 
659 1866.39 
660 1790.61 
661 -121.48 
662 1892.25 
663 1667.75 
664 1842.58 
665 178.10 
666 1744.90 
667 1707.52 
668 1830.35 
669 1760.15 
670 1957.67 
671 1772.82 
672 1765.82 
673 1784.62 
674 1885.73 
675 1817.40 
676 1859.00 
677 1840.72 
678 1880.41 
679 1749.03 
680 1846.01 
681 1874.08 
682 1858.98 
683 1669.76 
684 1870.29 
685 1265.83 
686 1700.79 
687 1922.54 
688 1795.26 
689 1656.11 
690 1676.72 
691 -454.51 
692 1874.31 
693 1835.97 
694 1893.84 
695 1934.62 
696 1918.23 
697 1764.02 
698 1955.36 
699 1813.21 
700 1990.43 
701 1967.02 
702 1878.45 
703 1869.00 
704 1917.18 
705 1903.46 
706 1913.21 
707 1957.83 
708 1752.04 
709 2045.55 
710 1982.86 
711 2042.81 
712 1893.88 
713 1985.68 
714 1818.39 
715 2023.52 
716 1852.02 
717 2108.27 
718 2043.14 
719 -307.36 
720 2001.52 
721 1987.41 
722 2003.23 
723 1938.25 
724 2092.99 
725 2049.14 
726 1978.00 
727 1966.31 
728 1966.18 
729 2004.99 
730 2042.41 
731 2106.84 
732 2134.68 
733 1969.91 
734 2068.14 
735 2001.16 
736 2142.24 
737 2224.92 
738 1952.55 
739 2065.93 
740 2198.56 
741 2175.44 
742 2062.94 
743 2211.83 
744 1906.00 
745 2043.96 
746 2022.08 
747 -321.31 
748 1948.37 
749 2140.11 
750 2084.59 
751 2154.28 
752 2120.64 
753 1942.62 
754 2053.44 
755 1924.31 
756 2042.43 
757 2239.78 
758 2020.98 
759 2208.12 
760 1969.51 
761 2018.80 
762 2210.05 
763 1849.13 
764 2109.23 
765 1996.63 
766 2224.76 
767 2220.22 
768 2195.59 
769 1913.28 
770 2040.58 
771 1991.38 
772 2264.44 
773 2218.34 
774 2097.77 
775 1893.33 
776 2155.09 
777 2132.33 
778 1924.79 
779 1918.77 
780 2021.91 
781 2104.91 
782 2309.20 
783 2098.92 
784 1886.94 
785 2133.32 
786 2055.41 
787 2186.32 
788 1980.39 
789 2135.88 
790 2246.67 
791 2189.72 
792 2002.04 
793 620.60 
794 2237.82 
795 2044.91 
796 2309.16 
797 2062.96 
798 2069.90 
799 2131.18 
800 1865.87 
801 2052.50 
802 2026.68 
803 1760.73 
804 2310.23 
805 2146.42 
806 2218.47 
807 2188.06 
808 2038.44 
809 2255.39 
810 2217.08 
811 2130.85 
812 2042.12 
813 2092.73 
814 2037.63 
815 2175.79 
816 2087.72 
817 2204.92 
818 2179.38 
819 2201.34 
820 2250.54 
821 1968.03 
822 2066.30 
823 2245.90 
824 2324.32 
825 2050.45 
826 1973.96 
827 2167.54 
828 2120.06 
829 2058.60 
830 2242.68 
831 2351.58 
832 86.15 
833 2086.83 
834 2289.18 
835 1942.21 
836 2003.56 
837 2373.10 
838 2093.97 
839 -24.76 
840 2023.99 
841 2168.41 
842 2076.61 
843 2314.14 
844 2153.11 
845 2155.70 
846 2248.61 
847 -680.30 
848 2052.77 
849 2052.44 
850 2060.70 
851 2172.57 
852 2279.57 
853 2268.44 
854 2150.95 
855 2285.52 
856 2173.50 
857 2232.31 
858 2311.89 
859 2138.80 
860 2164.62 
861 2242.66 
862 2242.67 
863 1995.78 
864 2260.29 
865 2130.44 
866 2193.75 
867 2387.40 
868 2096.59 
869 2262.62 
870 2306.52 
871 2326.23 
872 2367.73 
873 2236.64 
874 2277.80 
875 2140.11 
876 2458.23 
877 2257.64 
878 2323.08 
879 2392.30 
880 2124.20 
881 2043.88 
882 2245.93 
883 2057.59 
884 2197.98 
885 2209.89 
886 2362.57 
887 2198.65 
888 2346.03 
889 2220.79 
890 2023.99 
891 2147.52 
892 2394.82 
893 2172.58 
894 2195.33 
895 2190.10 
896 2272.61 
897 2359.68 
898 2154.55 
899 2309.30 
900 2529.79 
901 2073.76 
902 2244.80 
903 2171.82 
904 2321.95 
905 2233.28 
906 2224.28 
907 2101.84 
908 2180.06 
909 2238.29 
910 2161.35 
911 2439.82 
912 2418.87 
913 -386.05 
914 2334.72 
915 2198.90 
916 2283.47 
917 2096.85 
918 2269.52 
919 2091.43 
920 2237.30 
921 2308.38 
922 2132.14 
923 2301.54 
924 2248.59 
925 2467.26 
926 2365.13 
927 2309.02 
928 2346.47 
929 2167.27 
930 2105.15 
931 2041.56 
932 2187.76 
933 2410.92 
934 2275.29 
935 2331.27 
936 2250.55 
937 2243.51 
938 2441.13 
939 2229.74 
940 2462.04 
941 2246.11 
942 2375.68 
943 2196.50 
944 2357.05 
945 2274.81 
946 2196.73 
947 2282.35 
948 2350.17 
949 2294.62 
950 2027.32 
951 2404.04 
952 2153.79 
953 2176.04 
954 2212.01 
955 2145.01 
956 2235.78 
957 2163.63 
958 2089.40 
959 2170.24 
960 2183.63 
961 2280.78 
962 2227.55 
963 2126.16 
964 2318.79 
965 2167.82 
966 2192.89 
967 2218.50 
968 2170.94 
969 2273.19 
970 2284.06 
971 2133.03 
972 2227.83 
973 2267.91 
974 2180.96 
975 2301.57 
976 2250.78 
977 2401.56 
978 2320.07 
979 2175.18 
980 2062.01 
981 2231.02 
982 2292.36 
983 2265.77 
984 2291.65 
985 250.05 
986 2235.12 
987 2365.86 
988 2425.79 
989 2265.23 
990 2517.49 
991 2232.08 
992 2184.61 
993 2084.16 
994 2215.98 
995 2233.88 
996 2253.99 
997 2134.17 
998 2240.79 
999 2407.03 
1000 2430.87 
1001 2332.98 
1002 2351.82 
1003 2277.82 
1004 2352.74 
1005 2291.53 
1006 2208.63 
1007 2304.16 
1008 2199.28 
1009 2390.19 
1010 2284.00 
1011 2241.19 
1012 2215.54 
1013 2426.92 
1014 2324.01 
1015 2410.02 
1016 2336.28 
1017 2289.95 
1018 2446.67 
1019 2394.65 
1020 2095.72 
1021 2254.80 
1022 2106.54 
1023 2383.13 
1024 2258.27 
1025 2347.00 
1026 2165.22 
1027 2270.39 
1028 2296.13 
1029 2379.08 
1030 2172.30 
1031 2340.34 
1032 2373.17 
1033 2471.04 
1034 2245.31 
1035 2303.70 
1036 2369.37 
1037 1073.83 
1038 2498.36 
1039 2233.86 
1040 2301.14 
1041 2564.84 
1042 2373.86 
1043 2255.41 
1044 2344.57 
1045 -28.91 
1046 2410.27 
1047 2251.17 
1048 2179.46 
1049 2425.21 
1050 2194.01 
1051 2177.18 
1052 2415.60 
1053 2427.69 
1054 2399.47 
1055 2403.52 
1056 2300.78 
1057 2478.05 
1058 2330.04 
1059 2289.40 
1060 2563.77 
1061 2281.79 
1062 2353.15 
1063 2239.15 
1064 2258.53 
1065 2377.10 
1066 2204.49 
1067 2357.15 
1068 2307.33 
1069 2494.71 
1070 2153.84 
1071 2520.62 
1072 2446.85 
1073 2393.65 
1074 2347.26 
1075 2407.88 
1076 2425.47 
1077 2352.53 
1078 2451.78 
1079 2515.24 
1080 2346.56 
1081 2504.09 
1082 2546.37 
1083 2315.08 
1084 2401.02 
1085 2377.30 
1086 2402.63 
1087 2315.09 
1088 2010.49 
1089 2443.55 
1090 2573.52 
1091 2441.85 
1092 2260.71 
1093 2375.93 
1094 2489.13 
1095 2359.37 
1096 2409.81 
1097 -83.06 
1098 2370.12 
1099 2327.80 
1100 2474.09 
1101 2402.79 
1102 2335.55 
1103 2552.16 
1104 2563.39 
1105 2173.67 
1106 2429.75 
1107 2456.27 
1108 2468.28 
1109 2373.62 
1110 2267.62 
1111 2404.12 
1112 2488.62 
1113 2287.91 
1114 2243.60 
1115 2271.40 
1116 2293.33 
1117 2221.76 
1118 2374.99 
1119 1598.50 
1120 2397.17 
1121 2573.78 
1122 2440.58 
1123 2283.63 
1124 2548.37 
1125 2228.23 
1126 2404.87 
1127 2353.64 
1128 2364.67 
1129 2187.82 
1130 2331.84 
1131 2260.26 
1132 2333.18 
1133 2499.00 
1134 2405.28 
1135 2503.38 
1136 2257.39 
1137 2349.82 
1138 2416.58 
1139 2357.02 
1140 2408.86 
1141 2427.09 
1142 2312.91 
1143 2255.13 
1144 2198.14 
1145 2441.30 
1146 2680.66 
1147 2260.52 
1148 2168.03 
1149 2355.25 
1150 2299.29 
1151 2377.52 
1152 2456.38 
1153 2454.88 
1154 2299.84 
1155 2428.12 
1156 2369.79 
1157 2320.11 
1158 381.41 
1159 2305.38 
1160 2315.62 
1161 -54.67 
1162 2270.15 
1163 2372.05 
1164 2422.38 
1165 2271.96 
1166 2385.53 
1167 2268.46 
1168 2315.34 
1169 2453.05 
1170 2451.65 
1171 2085.80 
1172 2656.78 
1173 2274.87 
1174 2564.11 
1175 2512.01 
1176 2402.92 
1177 2377.87 
1178 2395.19 
1179 2368.08 
1180 2449.15 
1181 2314.55 
1182 2363.52 
1183 2520.43 
1184 2474.97 
1185 2347.11 
1186 2531.21 
1187 2439.13 
1188 2364.02 
1189 2313.13 
1190 2496.12 
1191 2473.66 
1192 2414.72 
1193 -14.34 
1194 2523.86 
1195 2275.93 
1196 2393.90 
1197 2376.13 
1198 2320.24 
1199 2347.59 
1200 812.30 
1201 2274.94 
1202 2371.11 
1203 2513.30 
1204 2534.56 
1205 2387.12 
1206 2394.20 
1207 2345.43 
1208 2453.55 
1209 2403.43 
1210 2339.42 
1211 2360.63 
1212 2483.53 
1213 2367.76 
1214 2324.51 
1215 2410.53 
1216 2298.16 
1217 2568.88 
1218 2279.16 
1219 2524.36 
1220 2450.96 
1221 2277.60 
1222 2330.31 
1223 2516.28 
1224 2334.63 
1225 2511.11 
1226 2414.07 
1227 2556.19 
1228 2448.64 
1229 2260.61 
1230 2427.35 
1231 2599.76 
1232 2416.97 
1233 2423.92 
1234 2418.18 
1235 2280.95 
1236 2134.32 
1237 2502.81 
1238 2449.12 
1239 2403.74 
1240 2414.06 
1241 2452.86 
1242 334.23 
1243 2586.44 
1244 2430.21 
1245 2454.31 
1246 2435.60 
1247 2585.09 
1248 2372.71 
1249 2393.07 
1250 2570.41 
1251 2489.84 
1252 2344.20 
1253 2447.33 
1254 2438.38 
1255 2327.94 
1256 2463.94 
1257 2642.41 
1258 2536.53 
1259 1565.56 
1260 830.25 
1261 2402.80 
1262 2425.94 
1263 2324.11 
1264 2465.54 
1265 2469.69 
1266 2298.60 
1267 2634.91 
1268 2359.56 
1269 2545.21 
1270 2362.58 
1271 2416.39 
1272 2235.84 
1273 2315.20 
1274 2664.26 
1275 2378.01 
1276 2501.67 
1277 2365.02 
1278 2415.78 
1279 2483.04 
1280 2224.49 
1281 2431.76 
1282 2272.38 
1283 2261.88 
1284 2666.49 
1285 2499.85 
1286 2473.12 
1287 2158.26 
1288 2567.35 
1289 2212.57 
1290 2388.07 
1291 2446.05 
1292 2593.35 
1293 2439.48 
1294 2378.72 
1295 2505.16 
1296 2395.05 
1297 2368.22 
1298 2473.77 
1299 2426.88 
1300 2507.02 
1301 2584.32 
1302 2201.33 
1303 2463.01 
1304 2577.66 
1305 2225.73 
1306 2434.58 
1307 2274.26 
1308 2397.29 
1309 2491.21 
1310 2338.47 
1311 2363.17 
1312 2478.19 
1313 2473.69 
1314 2620.42 
1315 2593.89 
1316 2345.71 
1317 2322.89 
1318 2508.04 
1319 2322.66 
1320 2486.96 
1321 2505.99 
1322 2594.06 
1323 2386.46 
1324 2313.31 
1325 2348.06 
1326 2488.08 
1327 2449.16 
1328 2361.08 
1329 -274.13 
1330 2487.88 
1331 2637.00 
1332 2473.06 
1333 2365.51 
1334 2229.59 
1335 2457.90 
1336 2557.94 
1337 2385.16 
1338 2512.11 
1339 2406.92 
1340 2553.21 
1341 2394.35 
1342 2516.38 
1343 2383.15 
1344 2293.12 
1345 2415.11 
1346 2718.91 
1347 2508.38 
1348 2261.99 
1349 2542.50 
1350 2379.74 
1351 2477.91 
1352 2550.60 
1353 2489.10 
1354 2509.04 
1355 2617.80 
1356 2500.17 
1357 2468.90 
1358 2633.21 
1359 2342.56 
1360 2597.43 
1361 2328.49 
1362 2374.24 
1363 2444.49 
1364 2639.85 
1365 2276.09 
1366 2526.89 
1367 2522.34 
1368 2441.68 
1369 2382.27 
1370 2545.52 
1371 2486.55 
1372 1616.02 
1373 2643.71 
1374 2556.01 
1375 2260.81 
1376 2658.79 
1377 2536.47 
1378 2381.94 
1379 2430.01 
1380 2485.72 
1381 2452.94 
1382 2386.74 
1383 2445.87 
1384 2398.27 
1385 2287.77 
1386 2602.51 
1387 2451.35 
1388 2478.51 
1389 2569.74 
1390 2557.00 
1391 2342.11 
1392 2631.12 
1393 2340.05 
1394 2458.84 
1395 2540.03 
1396 2418.16 
1397 2469.45 
1398 2543.69 
1399 2321.20 
1400 2295.55 
0 2458.27 
1 2595.77 
2 2613.08 
3 2500.65 
4 2493.06 
5 2571.07 
6 2416.56 
7 2508.65 
8 2596.59 
9 2443.79 
10 2400.06 
11 2567.76 
12 1921.27 
13 2342.24 
14 2375.81 
15 2656.79 
16 2614.93 
17 2502.64 
18 2470.60 
19 2534.70 
20 2483.16 
21 2527.65 
22 2430.81 
23 2472.74 
24 2695.64 
25 2553.52 
26 2488.55 
27 2595.02 
28 2352.19 
29 2595.18 
30 2456.48 
31 2535.04 
32 2455.96 
33 2468.75 
34 2477.44 
35 2378.06 
36 2248.66 
37 2102.51 
38 2480.22 
39 2480.46 
40 2571.08 
41 2457.85 
42 2642.85 
43 2517.65 
44 2508.96 
45 2496.34 
46 2475.41 
47 2402.68 
48 2529.49 
49 2443.08 
50 2676.37 
51 2544.13 
52 2570.52 
53 2527.33 
54 2500.13 
55 2609.21 
56 2516.23 
57 2235.66 
58 2441.69 
59 2526.22 
60 2650.92 
61 2576.50 
62 2394.52 
63 1094.55 
64 2308.86 
65 2312.18 
66 2377.06 
67 2496.44 
68 2540.49 
69 2288.37 
70 2506.28 
71 2441.41 
72 2392.06 
73 2355.56 
74 2544.59 
75 2533.41 
76 2483.08 
77 2537.66 
78 2487.70 
79 38.84 
80 2327.71 
81 2570.29 
82 2310.92 
83 2313.41 
84 2591.85 
85 2507.90 
86 2251.11 
87 2352.90 
88 2564.22 
89 2562.57 
90 2474.11 
91 2549.85 
92 2503.04 
93 2475.68 
94 2542.07 
95 2534.94 
96 2452.33 
97 2345.82 
98 2670.85 
99 2434.77 
100 2538.85 
101 2482.14 
102 2462.56 
103 2465.94 
104 2407.37 
105 2392.96 
106 2557.70 
107 2286.95 
108 2541.88 
109 2587.96 
110 2604.09 
111 2348.45 
112 2675.02 
113 2481.70 
114 2453.16 
115 2399.65 
116 2362.81 
117 2418.47 
118 2394.35 
119 2471.97 
120 2476.24 
121 2363.14 
122 2578.72 
123 2467.22 
124 2640.09 
125 2571.83 
126 2240.45 
127 2482.46 
128 2348.44 
129 2459.76 
130 2406.42 
131 2615.51 
132 2528.02 
133 2530.70 
134 2407.08 
135 2618.07 
136 2367.37 
137 690.23 
138 2571.95 
139 2500.05 
140 2584.81 
141 2577.69 
142 2457.57 
143 2245.14 
144 2475.36 
145 2445.84 
146 2404.37 
147 2604.13 
148 2497.35 
149 2639.55 
150 2645.61 
151 2586.24 
152 2530.00 
153 2759.01 
154 2562.39 
155 2515.49 
156 2415.66 
157 2468.36 
158 2617.08 
159 2527.48 
160 2464.23 
161 2574.32 
162 2371.56 
163 2442.14 
164 2400.67 
165 2467.79 
166 2290.22 
167 2635.46 
168 2442.30 
169 2689.11 
170 2532.51 
171 2770.67 
172 2549.41 
173 2538.20 
174 2245.18 
175 2652.51 
176 2428.16 
177 2519.53 
178 2691.38 
179 2741.67 
180 2564.39 
181 2499.16 
182 2646.43 
183 2604.89 
184 2509.26 
185 2757.34 
186 2610.77 
187 2552.73 
188 2605.19 
189 2677.59 
190 2708.55 
191 2626.58 
192 2501.30 
193 2556.76 
194 2678.77 
195 2427.74 
196 2554.45 
197 2525.45 
198 2740.47 
199 2454.34 
200 2618.05 
201 2377.79 
202 2408.69 
203 2707.23 
204 2467.78 
205 2654.06 
206 2516.68 
207 2560.24 
208 2440.43 
209 2375.46 
210 2814.28 
211 2314.77 
212 2592.49 
213 2573.72 
214 2604.55 
215 2696.47 
216 2574.08 
217 2490.23 
218 2392.67 
219 2421.02 
220 2553.86 
221 2632.90 
222 2555.30 
223 2613.84 
224 2724.74 
225 2616.13 
226 2666.30 
227 2610.74 
228 2438.26 
229 2479.07 
230 2545.67 
231 2349.57 
232 2656.83 
233 2562.37 
234 2415.99 
235 2481.54 
236 2727.25 
237 2371.05 
238 -37.25 
239 2493.77 
240 2706.60 
241 2748.05 
242 2510.45 
243 2540.35 
244 2493.32 
245 2568.76 
246 2592.67 
247 2581.26 
248 2534.56 
249 2505.79 
250 2360.26 
251 2613.62 
252 2551.81 
253 2750.85 
254 2465.23 
255 2454.90 
256 2631.02 
257 2639.49 
258 2733.17 
259 2408.54 
260 2558.91 
261 2539.35 
262 2617.92 
263 2676.99 
264 2703.30 
265 2789.63 
266 2720.24 
267 2523.16 
268 2790.48 
269 2651.29 
270 2588.11 
271 2657.68 
272 2535.37 
273 2670.50 
274 2820.00 
275 2547.22 
276 2695.88 
277 2592.45 
278 2832.50 
279 2665.48 
280 2588.82 
281 2704.31 
282 2788.75 
283 2617.51 
284 2576.43 
285 2620.85 
286 2757.42 
287 2649.70 
288 2554.70 
289 2782.59 
290 2734.46 
291 2846.16 
292 2425.60 
293 2539.39 
294 2679.44 
295 2639.51 
296 2658.85 
297 2338.91 
298 2547.12 
299 2629.53 
300 2693.24 
301 2557.90 
302 2583.58 
303 2236.33 
304 2455.18 
305 2581.51 
306 2613.56 
307 2732.66 
308 2693.79 
309 2385.16 
310 2747.10 
311 2524.04 
312 2760.65 
313 2700.29 
314 2558.24 
315 2693.20 
316 2486.63 
317 2631.04 
318 2694.07 
319 2756.16 
320 2561.88 
321 2708.75 
322 2534.49 
323 2735.04 
324 2788.89 
325 2643.73 
326 2633.61 
327 2569.24 
328 2575.85 
329 2537.23 
330 2824.91 
331 2432.28 
332 2757.79 
333 2813.63 
334 2760.47 
335 1674.66 
336 2551.64 
337 2499.06 
338 2681.98 
339 2664.76 
340 2661.28 
341 2621.74 
342 2509.42 
343 2846.03 
344 2825.68 
345 2576.76 
346 2768.40 
347 2765.80 
348 2795.05 
349 2615.64 
350 2811.37 
351 2792.69 
352 2485.67 
353 2622.00 
354 2622.71 
355 2517.53 
356 2626.11 
357 2693.63 
358 2631.34 
359 2580.75 
360 2670.39 
361 2678.30 
362 2628.71 
363 2782.15 
364 2569.98 
365 2950.33 
366 2779.63 
367 2665.36 
368 2677.36 
369 2808.09 
370 2712.82 
371 2700.79 
372 2771.45 
373 2971.14 
374 2688.81 
375 2799.38 
376 2728.50 
377 2831.61 
378 2724.47 
379 2717.13 
380 2896.98 
381 2812.25 
382 2628.17 
383 2543.06 
384 2758.18 
385 1785.61 
386 2814.28 
387 2942.61 
388 2833.73 
389 2735.29 
390 2837.90 
391 2562.54 
392 2903.84 
393 2731.09 
394 2730.88 
395 2873.67 
396 2799.65 
397 2742.28 
398 2796.92 
399 2783.00 
400 2962.21 
401 1343.24 
402 2741.74 
403 2876.61 
404 2570.78 
405 2804.55 
406 2546.49 
407 2711.74 
408 2899.20 
409 2765.09 
410 2939.05 
411 2796.05 
412 2814.64 
413 2652.10 
414 2829.30 
415 2940.09 
416 2952.76 
417 3053.91 
418 2700.44 
419 2680.41 
420 2804.52 
421 2917.39 
422 2856.48 
423 2695.25 
424 2830.34 
425 2773.77 
426 2907.56 
427 2895.03 
428 2954.61 
429 2889.25 
430 2956.11 
431 2867.00 
432 2799.10 
433 2806.91 
434 2770.17 
435 2888.40 
436 2792.87 
437 3048.92 
438 2799.80 
439 2891.27 
440 3060.01 
441 2803.01 
442 2843.41 
443 2890.16 
444 2966.96 
445 2913.37 
446 2761.98 
447 2862.33 
448 2791.58 
449 2791.31 
450 3084.00 
451 2886.67 
452 2928.44 
453 3050.65 
454 2755.03 
455 2791.27 
456 2920.83 
457 2791.23 
458 2798.71 
459 2656.18 
460 2975.44 
461 2812.84 
462 2742.52 
463 2831.31 
464 2745.48 
465 2686.58 
466 2905.94 
467 2972.08 
468 2919.71 
469 2935.34 
470 2886.27 
471 2823.65 
472 2823.79 
473 2906.23 
474 2767.09 
475 2732.28 
476 3005.67 
477 2776.29 
478 2741.92 
479 2915.96 
480 2877.99 
481 2845.89 
482 2913.66 
483 2631.95 
484 2916.12 
485 2937.83 
486 2950.79 
487 2877.46 
488 2948.78 
489 2857.92 
490 2678.39 
491 2799.07 
492 2851.24 
493 2823.65 
494 2830.30 
495 2744.54 
496 2757.51 
497 2705.69 
498 2828.48 
499 2939.27 
500 3056.52 
501 2577.65 
502 2858.78 
503 2949.17 
504 2922.98 
505 2764.07 
506 2842.65 
507 2972.43 
508 3061.34 
509 2851.35 
510 2966.91 
511 2597.67 
512 2911.82 
513 2854.49 
514 2841.29 
515 2796.51 
516 2769.02 
517 2901.40 
518 2761.56 
519 1260.27 
520 2786.08 
521 2692.47 
522 3082.93 
523 2985.55 
524 2622.57 
525 2773.22 
526 2658.07 
527 2719.79 
528 2838.06 
529 2890.66 
530 3122.22 
531 2684.70 
532 2982.75 
533 2729.91 
534 2945.28 
535 2827.84 
536 2888.41 
537 2855.05 
538 2891.38 
539 2872.12 
540 2969.82 
541 2939.09 
542 2902.86 
543 2813.27 
544 2865.11 
545 2814.04 
546 2952.63 
547 3001.15 
548 2880.53 
549 2915.51 
550 2881.70 
551 2882.21 
552 1982.75 
553 2949.78 
554 2865.22 
555 2945.44 
556 2957.35 
557 2951.05 
558 2810.20 
559 2872.41 
560 2925.74 
561 2855.66 
562 2889.57 
563 2814.51 
564 2958.45 
565 2764.69 
566 2879.36 
567 3090.30 
568 2742.09 
569 2970.80 
570 2969.72 
571 2789.32 
572 2816.65 
573 3016.53 
574 2823.90 
575 2899.90 
576 2968.92 
577 2999.60 
578 2928.82 
579 2908.15 
580 3073.12 
581 2858.52 
582 2904.25 
583 2919.86 
584 2913.32 
585 2822.04 
586 2937.27 
587 2888.60 
588 2987.48 
589 2883.92 
590 2995.00 
591 2874.88 
592 2971.95 
593 3043.30 
594 2964.91 
595 2808.08 
596 2952.79 
597 2993.06 
598 3035.38 
599 3152.27 
600 2887.33 
601 2788.35 
602 2854.84 
603 2876.42 
604 3000.18 
605 2831.66 
606 3176.79 
607 2847.10 
608 2902.92 
609 2870.33 
610 3049.99 
611 2792.18 
612 3061.99 
613 2813.53 
614 2871.45 
615 2987.72 
616 3116.74 
617 2834.30 
618 3005.05 
619 3005.93 
620 2971.41 
621 3113.96 
622 2739.80 
623 2970.90 
624 2826.56 
625 3059.26 
626 3085.06 
627 2971.65 
628 2911.64 
629 2916.09 
630 2932.22 
631 2881.46 
632 2860.75 
633 2941.67 
634 2997.66 
635 2935.10 
636 2937.27 
637 2861.02 
638 2929.73 
639 3000.32 
640 3027.66 
641 3084.41 
642 2978.53 
643 2861.64 
644 3047.22 
645 2958.11 
646 2845.10 
647 2918.79 
648 3100.44 
649 2852.12 
650 2665.06 
651 3011.12 
652 2940.56 
653 2915.77 
654 3059.06 
655 3067.18 
656 3138.39 
657 2959.31 
658 2749.07 
659 2879.12 
660 2974.10 
661 3076.16 
662 2954.40 
663 2895.55 
664 3018.47 
665 2987.19 
666 3112.33 
667 2848.60 
668 2932.74 
669 3025.57 
670 2822.12 
671 2876.63 
672 2857.25 
673 3007.37 
674 3117.73 
675 3040.78 
676 2897.05 
677 3101.04 
678 2980.60 
679 2914.80 
680 3220.77 
681 2960.91 
682 2866.30 
683 2977.63 
684 2898.22 
685 3111.36 
686 3004.47 
687 3011.02 
688 3025.89 
689 2778.87 
690 2909.99 
691 2963.02 
692 3123.87 
693 3018.59 
694 2736.29 
695 2919.63 
696 2853.00 
697 2976.02 
698 2935.23 
699 2797.37 
700 2910.53 
701 2816.47 
702 3071.61 
703 2869.88 
704 2765.12 
705 2941.73 
706 2893.90 
707 2976.20 
708 3012.68 
709 2900.74 
710 2887.49 
711 2907.79 
712 2952.09 
713 3014.24 
714 3000.93 
715 2789.14 
716 2977.28 
717 2867.88 
718 2898.45 
719 3058.34 
720 2900.52 
721 2841.86 
722 3142.09 
723 2918.26 
724 2854.24 
725 2954.45 
726 2943.32 
727 3045.07 
728 3211.54 
729 3016.26 
730 3114.99 
731 2922.82 
732 2905.77 
733 2975.31 
734 2979.74 
735 2951.01 
736 2970.49 
737 3156.04 
738 2978.61 
739 2997.50 
740 2837.86 
741 2980.49 
742 2923.69 
743 3023.89 
744 3044.40 
745 3051.96 
746 2909.14 
747 3012.42 
748 3001.84 
749 2931.10 
750 2790.38 
751 3052.59 
752 3209.67 
753 2842.17 
754 2869.96 
755 3001.89 
756 3134.87 
757 3045.30 
758 3030.78 
759 3028.25 
760 3038.67 
761 2927.74 
762 2941.58 
763 2932.11 
764 2943.66 
765 2751.97 
766 2843.07 
767 2770.52 
768 3171.39 
769 2989.36 
770 3115.77 
771 2908.21 
772 3171.72 
773 2761.21 
774 3015.51 
775 2871.77 
776 3123.53 
777 2829.67 
778 2993.19 
779 3034.29 
780 2810.45 
781 3215.85 
782 3113.54 
783 3047.53 
784 3079.98 
785 3017.03 
786 3071.58 
787 3150.84 
788 3091.47 
789 3135.01 
790 2960.77 
791 2947.47 
792 2961.56 
793 2837.30 
794 2849.61 
795 3149.51 
796 2838.45 
797 3080.34 
798 3058.29 
799 3143.67 
800 3046.73 
801 2835.39 
802 3173.54 
803 3123.52 
804 3092.38 
805 2998.10 
806 2905.74 
807 2944.76 
808 2986.24 
809 3062.75 
810 3047.78 
811 3114.98 
812 2974.72 
813 3182.90 
814 3167.51 
815 3047.78 
816 3088.52 
817 3043.99 
818 3007.44 
819 2894.18 
820 3120.44 
821 1161.24 
822 3092.70 
823 3059.75 
824 3071.81 
825 3074.43 
826 3100.21 
827 3126.24 
828 3112.33 
829 3127.37 
830 3074.79 
831 3107.67 
832 2840.44 
833 3067.16 
834 2991.46 
835 3159.44 
836 3037.28 
837 3033.42 
838 3346.56 
839 3111.75 
840 3135.13 
841 3246.80 
842 3003.78 
843 3081.39 
844 2990.44 
845 3126.94 
846 3054.11 
847 3095.58 
848 3219.76 
849 2937.46 
850 3025.27 
851 83.98 
852 2927.69 
853 2916.78 
854 3043.40 
855 3003.35 
856 3108.95 
857 3044.06 
858 2873.37 
859 2864.93 
860 2939.95 
861 3026.77 
862 2903.36 
863 3118.92 
864 2858.88 
865 3192.09 
866 3076.31 
867 3279.49 
868 3110.72 
869 3063.26 
870 2780.69 
871 2849.30 
872 3131.48 
873 3244.03 
874 3169.97 
875 3053.15 
876 3225.30 
877 3176.77 
878 3139.64 
879 3013.65 
880 3079.25 
881 3089.97 
882 2979.02 
883 3061.32 
884 3026.88 
885 2998.24 
886 3136.90 
887 3110.43 
888 3146.12 
889 2924.30 
890 3066.20 
891 3054.95 
892 2948.20 
893 2882.80 
894 2908.07 
895 3092.06 
896 3143.07 
897 3032.46 
898 2941.51 
899 3033.74 
900 2915.80 
901 2953.55 
902 2827.88 
903 2905.21 
904 3106.31 
905 3004.61 
906 2962.39 
907 3076.41 
908 3155.29 
909 3015.00 
910 2986.82 
911 2942.07 
912 3055.45 
913 3005.95 
914 2899.88 
915 2888.98 
916 2887.91 
917 2957.39 
918 3081.89 
919 2971.25 
920 2799.21 
921 3115.31 
922 3120.69 
923 2973.96 
924 2945.48 
925 3189.81 
926 3133.11 
927 3237.24 
928 3155.63 
929 3001.55 
930 3057.76 
931 3089.56 
932 2844.27 
933 3088.97 
934 3140.45 
935 3006.58 
936 2963.87 
937 2976.19 
938 3150.75 
939 2980.36 
940 3038.69 
941 3072.84 
942 3052.31 
943 3170.41 
944 3205.94 
945 2925.24 
946 2989.19 
947 3116.52 
948 3220.02 
949 3016.88 
950 2860.26 
951 3086.24 
952 2981.13 
953 3011.96 
954 3080.03 
955 3069.28 
956 3070.99 
957 2985.07 
958 3097.60 
959 2939.62 
960 2803.86 
961 2933.61 
962 3067.13 
963 3061.22 
964 3004.56 
965 3103.55 
966 2951.27 
967 3239.02 
968 3064.68 
969 2940.25 
970 2968.23 
971 2954.66 
972 3128.76 
973 3105.92 
974 3019.76 
975 3004.43 
976 2969.07 
977 3152.45 
978 3066.51 
979 2954.31 
980 3091.93 
981 3174.04 
982 3203.39 
983 3000.41 
984 3006.38 
985 2998.38 
986 2871.58 
987 2810.38 
988 3137.28 
989 2951.09 
990 2984.66 
991 3113.13 
992 2980.30 
993 3033.56 
994 3202.66 
995 3245.61 
996 2968.41 
997 3086.15 
998 3286.99 
999 2975.75 
1000 3221.13 
1001 3045.67 
1002 3152.20 
1003 2960.45 
1004 2950.91 
1005 3201.95 
1006 3040.81 
1007 3116.24 
1008 3044.21 
1009 2966.53 
1010 3124.42 
1011 3138.68 
1012 3093.83 
1013 3370.06 
1014 3185.36 
1015 3084.52 
1016 3199.61 
1017 3189.63 
1018 3163.15 
1019 3111.25 
1020 3319.84 
1021 3179.96 
1022 3042.39 
1023 3090.88 
1024 2982.07 
1025 3136.77 
1026 2983.22 
1027 3279.64 
1028 3303.76 
1029 2988.07 
1030 3099.09 
1031 3113.90 
1032 3041.19 
1033 3127.42 
1034 3075.76 
1035 3161.55 
1036 3132.23 
1037 3182.37 
1038 2794.73 
1039 3089.31 
1040 3013.78 
1041 2912.22 
1042 3221.23 
1043 3079.71 
1044 3087.49 
1045 3273.78 
1046 3194.66 
1047 3308.75 
1048 2938.26 
1049 2948.79 
1050 3289.86 
1051 3214.00 
1052 3083.85 
1053 3095.12 
1054 3115.45 
1055 3052.75 
1056 2932.95 
1057 3068.44 
1058 2978.86 
1059 3022.75 
1060 3237.36 
1061 3261.91 
1062 3124.74 
1063 2915.67 
1064 3089.72 
1065 3143.50 
1066 3229.41 
1067 3130.16 
1068 1039.54 
1069 3213.35 
1070 2797.53 
1071 3113.26 
1072 3297.21 
1073 3222.35 
1074 3132.54 
1075 3081.68 
1076 3362.24 
1077 2873.60 
1078 3228.83 
1079 3222.20 
1080 3192.41 
1081 3026.91 
1082 3204.55 
1083 3469.84 
1084 3028.11 
1085 3095.18 
1086 3219.92 
1087 3170.44 
1088 3163.13 
1089 3145.89 
1090 2898.63 
1091 3096.25 
1092 3363.86 
1093 3174.33 
1094 2860.00 
1095 3061.78 
1096 3161.28 
1097 3160.00 
1098 3086.37 
1099 3084.65 
1100 3285.02 
1101 3147.77 
1102 3216.60 
1103 2912.39 
1104 3183.00 
1105 2972.33 
1106 3128.39 
1107 3232.39 
1108 3193.31 
1109 3220.63 
1110 3162.36 
1111 3129.22 
1112 3110.43 
1113 3085.32 
1114 2997.43 
1115 3161.11 
1116 3254.86 
1117 3163.56 
1118 3266.83 
1119 3352.21 
1120 3131.77 
1121 3052.09 
1122 3011.77 
1123 3049.21 
1124 3016.18 
1125 3258.49 
1126 3176.28 
1127 3124.57 
1128 3213.97 
1129 3171.95 
1130 3039.18 
1131 3176.56 
1132 3147.35 
1133 3094.73 
1134 3140.97 
1135 3202.35 
1136 3050.05 
1137 3154.22 
1138 2710.74 
1139 3189.17 
1140 3117.04 
1141 3056.91 
1142 3189.09 
1143 3104.76 
1144 3160.64 
1145 3157.51 
1146 3115.91 
1147 3170.23 
1148 3031.21 
1149 3227.65 
1150 1845.50 
1151 3341.20 
1152 3111.57 
1153 3221.98 
1154 3122.03 
1155 3245.29 
1156 3064.39 
1157 3263.68 
1158 3058.39 
1159 3261.31 
1160 3210.47 
1161 3171.35 
1162 3183.02 
1163 2975.42 
1164 3111.55 
1165 3195.50 
1166 3110.06 
1167 3154.05 
1168 3104.57 
1169 3149.14 
1170 3056.26 
1171 3039.45 
1172 3311.76 
1173 3200.09 
1174 3324.41 
1175 3168.42 
1176 3315.06 
1177 3116.71 
1178 3256.54 
1179 3211.53 
1180 3107.11 
1181 3099.16 
1182 3225.38 
1183 3124.04 
1184 3237.98 
1185 3156.83 
1186 3194.29 
1187 3140.14 
1188 3119.91 
1189 3248.68 
1190 3240.29 
1191 3256.79 
1192 2921.72 
1193 3124.60 
1194 2905.85 
1195 3238.11 
1196 3263.34 
1197 3234.97 
1198 3036.65 
1199 2982.49 
1200 3237.86 
1201 2996.47 
1202 3181.23 
1203 2898.66 
1204 3254.82 
1205 3270.66 
1206 3284.21 
1207 3175.21 
1208 3162.55 
1209 3128.02 
1210 3292.81 
1211 3125.71 
1212 3228.75 
1213 3074.94 
1214 3185.34 
1215 3253.99 
1216 2985.15 
1217 3231.07 
1218 3427.75 
1219 3094.36 
1220 3301.91 
1221 3294.30 
1222 3262.38 
1223 3165.37 
1224 2997.16 
1225 3093.29 
1226 2937.29 
1227 3156.09 
1228 2907.02 
1229 3117.75 
1230 3116.35 
1231 3205.90 
1232 3251.42 
1233 3257.48 
1234 3161.32 
1235 3286.82 
1236 3263.56 
1237 3304.39 
1238 3194.27 
1239 3263.66 
1240 3157.22 
1241 3277.53 
1242 3188.36 
1243 3217.57 
1244 3308.98 
1245 3166.05 
1246 3146.10 
1247 3181.32 
1248 3021.43 
1249 3216.10 
1250 3208.54 
1251 3258.06 
1252 3178.56 
1253 3116.12 
1254 3277.82 
1255 3074.30 
1256 3075.10 
1257 3169.47 
1258 3072.68 
1259 3190.89 
1260 2945.73 
1261 3153.44 
1262 3071.34 
1263 3075.34 
1264 3288.98 
1265 3170.06 
1266 3313.69 
1267 3288.85 
1268 3217.30 
1269 3225.91 
1270 3253.88 
1271 2901.75 
1272 3141.64 
1273 3186.99 
1274 3207.74 
1275 3219.78 
1276 3187.50 
1277 3105.92 
1278 3234.09 
1279 3107.03 
1280 3404.16 
1281 3396.13 
1282 3167.05 
1283 3170.05 
1284 3180.86 
1285 3055.79 
1286 3249.10 
1287 3316.72 
1288 3144.13 
1289 3131.59 
1290 3208.34 
1291 3108.06 
1292 3289.93 
1293 3162.99 
1294 2921.78 
1295 3167.25 
1296 3281.10 
1297 3141.92 
1298 3175.66 
1299 3115.25 
1300 3120.82 
1301 3216.35 
1302 3323.57 
1303 3094.13 
1304 3311.74 
1305 3177.60 
1306 3147.77 
1307 3184.13 
1308 3144.62 
1309 3181.19 
1310 3141.70 
1311 3249.83 
1312 3162.12 
1313 3127.23 
1314 3201.98 
1315 3254.38 
1316 3311.11 
1317 3020.31 
1318 3325.15 
1319 3228.03 
1320 3143.68 
1321 3213.14 
1322 3250.75 
1323 3135.54 
1324 3357.51 
1325 3275.91 
1326 3165.49 
1327 3131.43 
1328 3241.04 
1329 3098.12 
1330 3267.61 
1331 3335.44 
1332 3163.71 
1333 3329.92 
1334 3264.78 
1335 3106.87 
1336 3099.63 
1337 3408.74 
1338 3198.84 
1339 3040.53 
1340 3172.84 
1341 3287.71 
1342 3096.27 
1343 3296.33 
1344 3259.96 
1345 3278.54 
1346 3414.48 
1347 3034.45 
1348 3382.74 
1349 3216.08 
1350 3256.90 
1351 3201.65 
1352 3300.91 
1353 2949.59 
1354 3326.68 
1355 3278.47 
1356 3381.84 
1357 3384.81 
1358 3306.19 
1359 3334.73 
1360 3333.05 
1361 3209.85 
1362 3178.87 
1363 3235.81 
1364 3174.35 
1365 3144.01 
1366 3119.04 
1367 3169.07 
1368 3235.18 
1369 3126.57 
1370 3273.28 
1371 3184.99 
1372 3213.04 
1373 3035.44 
1374 3350.38 
1375 3393.67 
1376 3362.90 
1377 3337.87 
1378 3206.33 
1379 3333.30 
1380 3121.63 
1381 3257.16 
1382 3427.72 
1383 3290.03 
1384 3156.38 
1385 3248.43 
1386 3250.12 
1387 3271.89 
1388 3071.34 
1389 3365.81 
1390 3166.28 
1391 2830.30 
1392 3357.81 
1393 3052.82 
1394 3406.95 
1395 3352.77 
1396 3298.96 
1397 3262.98 
1398 3354.79 
1399 3280.65 
1400 3097.32 
0 3296.75 
1 3118.58 
2 3150.00 
3 3233.20 
4 3082.35 
5 3329.46 
6 3264.40 
7 3214.53 
8 3233.35 
9 3342.74 
10 3189.40 
11 3313.37 
12 3442.58 
13 3287.26 
14 3294.97 
15 3099.29 
16 3358.77 
17 3127.08 
18 3221.49 
19 3213.63 
20 3284.52 
21 3069.67 
22 3234.39 
23 3158.06 
24 3155.46 
25 3021.81 
26 3353.41 
27 3030.86 
28 3354.91 
29 3158.81 
30 3133.42 
31 3344.42 
32 3367.64 
33 3220.20 
34 3284.13 
35 3294.07 
36 3289.24 
37 3258.99 
38 3061.27 
39 3207.49 
40 3366.56 
41 3229.35 
42 3328.09 
43 3199.21 
44 3311.58 
45 3236.07 
46 3208.55 
47 3078.64 
48 3417.46 
49 3269.27 
50 3290.75 
51 3194.73 
52 3352.83 
53 3298.56 
54 3239.83 
55 3227.23 
56 3216.92 
57 3248.20 
58 3186.17 
59 3068.14 
60 3285.22 
61 3481.87 
62 3348.04 
63 3132.91 
64 3282.60 
65 3218.11 
66 3333.83 
67 3310.31 
68 3223.26 
69 3120.68 
70 3238.78 
71 3265.43 
72 3383.70 
73 3188.77 
74 3226.38 
75 3308.53 
76 3167.49 
77 3313.77 
78 3291.14 
79 3155.21 
80 3346.64 
81 3232.32 
82 3026.92 
83 3415.94 
84 3233.88 
85 3248.99 
86 3336.17 
87 3148.42 
88 3208.61 
89 3190.22 
90 3307.03 
91 3242.31 
92 3136.97 
93 3388.32 
94 3232.35 
95 3212.77 
96 3233.45 
97 3173.53 
98 3245.80 
99 3265.42 
100 3404.70 
101 3362.54 
102 2950.84 
103 3294.29 
104 3110.95 
105 3411.58 
106 3284.47 
107 3187.26 
108 3382.29 
109 3282.84 
110 3131.61 
111 3141.16 
112 3204.82 
113 3269.85 
114 3310.88 
115 3301.40 
116 3133.39 
117 3414.29 
118 3224.02 
119 3356.17 
120 3218.79 
121 3224.56 
122 3319.23 
123 3345.05 
124 3261.33 
125 3369.93 
126 3320.95 
127 3275.98 
128 3322.21 
129 3261.04 
130 3236.53 
131 3339.76 
132 3385.43 
133 3331.59 
134 3326.01 
135 3254.38 
136 3140.87 
137 3308.14 
138 3191.22 
139 2018.69 
140 3428.91 
141 3428.27 
142 3284.78 
143 3355.63 
144 3165.99 
145 3233.75 
146 3345.40 
147 3274.88 
148 3266.10 
149 3283.37 
150 3242.36 
151 3184.86 
152 3431.10 
153 3342.99 
154 3350.66 
155 3292.76 
156 3257.69 
157 3371.46 
158 3291.98 
159 3096.60 
160 3464.48 
161 3431.32 
162 3136.71 
163 3272.48 
164 3295.56 
165 3240.84 
166 3378.35 
167 3341.48 
168 3236.45 
169 3219.26 
170 3157.90 
171 3170.80 
172 3160.79 
173 2413.77 
174 3185.49 
175 3312.02 
176 3161.25 
177 3266.67 
178 3128.27 
179 3332.45 
180 3227.01 
181 3214.34 
182 3363.68 
183 3204.58 
184 3281.64 
185 3192.89 
186 3345.71 
187 3093.24 
188 3374.30 
189 3295.64 
190 3135.95 
191 3461.87 
192 3307.29 
193 3444.81 
194 3154.61 
195 3157.30 
196 3207.35 
197 3195.50 
198 3313.88 
199 3261.28 
200 3137.44 
201 2985.21 
202 3295.77 
203 3271.49 
204 3303.08 
205 3267.03 
206 3357.31 
207 3294.88 
208 3246.21 
209 3158.59 
210 3214.02 
211 3143.49 
212 3214.64 
213 3243.82 
214 3164.74 
215 3233.70 
216 3331.76 
217 3407.17 
218 3222.10 
219 3416.56 
220 3216.22 
221 3263.56 
222 3497.52 
223 3181.62 
224 3288.76 
225 3221.04 
226 3241.72 
227 3567.84 
228 3428.22 
229 3405.18 
230 3231.65 
231 3357.89 
232 3133.85 
233 3237.81 
234 3396.16 
235 3130.51 
236 3328.46 
237 3113.95 
238 3389.62 
239 3217.32 
240 3247.04 
241 3310.25 
242 3279.61 
243 3312.19 
244 2294.56 
245 3170.79 
246 3470.89 
247 3215.83 
248 3508.08 
249 3512.99 
250 3272.06 
251 3250.41 
252 3285.26 
253 3123.22 
254 3449.92 
255 3436.15 
256 3454.78 
257 3305.66 
258 3296.78 
259 3216.98 
260 3384.20 
261 3289.61 
262 3450.10 
263 3320.11 
264 3351.69 
265 3163.36 
266 3189.40 
267 3242.35 
268 3264.14 
269 3206.84 
270 3298.84 
271 3255.53 
272 3174.04 
273 3221.66 
274 3394.14 
275 3370.49 
276 3179.16 
277 3416.75 
278 3324.88 
279 3300.29 
280 3374.19 
281 3147.01 
282 3320.18 
283 3243.06 
284 3504.43 
285 3324.68 
286 3357.64 
287 3201.98 
288 3347.44 
289 3288.91 
290 3366.10 
291 3428.13 
292 3384.48 
293 3198.87 
294 3290.27 
295 3217.34 
296 3270.44 
297 3218.28 
298 3207.68 
299 3150.59 
300 3236.18 
301 3378.55 
302 3397.40 
303 3362.10 
304 3327.74 
305 3351.12 
306 3240.77 
307 3375.99 
308 3283.44 
309 3141.92 
310 3156.68 
311 3208.69 
312 3379.25 
313 3312.91 
314 3469.56 
315 3073.07 
316 3195.06 
317 3257.67 
318 3190.54 
319 3079.49 
320 3285.53 
321 3200.70 
322 3316.55 
323 3301.02 
324 3317.44 
325 3236.91 
326 3241.19 
327 3126.53 
328 3218.38 
329 3363.93 
330 3221.77 
331 3387.93 
332 3180.03 
333 3401.60 
334 3183.04 
335 3442.03 
336 3256.94 
337 3417.34 
338 3294.03 
339 3288.17 
340 3281.07 
341 3344.50 
342 3308.21 
343 3351.41 
344 3427.83 
345 3442.53 
346 3268.77 
347 3238.35 
348 3383.17 
349 3247.24 
350 1609.80 
351 3282.61 
352 3242.37 
353 3356.47 
354 3317.01 
355 3411.78 
356 3275.86 
357 3363.56 
358 3326.63 
359 3230.98 
360 3418.88 
361 3388.69 
362 3419.67 
363 3222.89 
364 3350.73 
365 3347.74 
366 3077.64 
367 3262.84 
368 3344.51 
369 3172.34 
370 128.56 
371 3393.34 
372 3453.61 
373 3029.03 
374 3505.10 
375 3253.80 
376 3357.60 
377 3321.03 
378 3378.11 
379 3341.92 
380 3243.47 
381 3378.96 
382 3540.68 
383 3392.21 
384 3455.06 
385 3279.80 
386 3247.20 
387 3235.01 
388 3404.50 
389 3338.76 
390 3206.62 
391 3351.91 
392 3409.51 
393 3415.29 
394 3465.87 
395 3359.46 
396 3214.20 
397 3277.58 
398 1563.76 
399 3210.93 
400 3570.55 
401 3426.45 
402 3555.32 
403 3339.63 
404 3150.38 
405 3285.21 
406 3357.64 
407 3284.70 
408 3372.51 
409 3290.72 
410 3155.30 
411 3456.00 
412 3337.27 
413 3498.01 
414 3185.71 
415 3221.78 
416 3282.47 
417 3291.93 
418 3384.03 
419 3369.28 
420 3262.28 
421 3317.48 
422 3368.49 
423 3322.26 
424 3581.38 
425 3259.62 
426 3429.91 
427 3197.56 
428 3282.39 
429 3441.14 
430 3404.71 
431 3460.24 
432 3215.75 
433 3428.39 
434 3502.16 
435 3438.06 
436 3232.91 
437 3382.91 
438 3447.13 
439 3379.57 
440 3350.71 
441 3339.28 
442 3123.55 
443 3159.92 
444 3261.66 
445 3421.55 
446 3361.70 
447 3430.50 
448 3271.47 
449 3461.23 
450 3413.58 
451 3395.54 
452 3361.65 
453 3317.73 
454 3321.15 
455 3541.33 
456 3254.07 
457 3263.01 
458 3260.16 
459 3334.13 
460 3381.61 
461 3180.22 
462 3508.46 
463 3104.52 
464 3290.36 
465 3309.32 
466 3505.20 
467 3334.13 
468 3234.69 
469 3588.74 
470 3314.02 
471 3293.68 
472 3364.38 
473 3449.24 
474 3221.47 
475 3210.84 
476 3417.41 
477 3260.41 
478 3237.93 
479 3229.91 
480 3369.49 
481 3293.89 
482 3425.15 
483 3405.94 
484 3388.84 
485 3359.30 
486 3398.23 
487 3391.71 
488 3152.80 
489 3259.86 
490 3466.56 
491 3427.50 
492 3332.18 
493 3433.06 
494 3437.33 
495 3267.80 
496 3305.30 
497 3278.28 
498 3347.88 
499 3304.51 
500 3389.44 
501 3423.50 
502 3315.27 
503 3333.89 
504 3354.43 
505 3346.64 
506 3294.95 
507 3543.49 
508 3187.49 
509 3447.84 
510 3291.74 
511 3466.43 
512 3482.20 
513 3386.63 
514 3439.75 
515 3074.70 
516 3413.21 
517 3417.56 
518 3422.00 
519 3383.12 
520 3481.99 
521 3193.37 
522 3355.77 
523 3324.28 
524 3321.93 
525 3254.15 
526 3317.51 
527 3177.70 
528 3229.27 
529 3413.31 
530 3564.45 
531 3315.42 
532 3157.34 
533 3310.47 
534 3403.49 
535 3058.41 
536 3419.42 
537 3198.17 
538 3392.13 
539 3313.12 
540 3324.00 
541 3244.64 
542 3535.28 
543 3304.95 
544 3227.37 
545 3570.13 
546 3352.24 
547 3251.52 
548 3447.06 
549 3298.73 
550 3227.10 
551 3462.10 
552 3454.88 
553 3269.05 
554 3437.37 
555 3210.79 
556 3485.28 
557 3514.87 
558 3453.66 
559 3348.51 
560 3259.44 
561 2617.69 
562 3376.73 
563 3397.77 
564 3401.71 
565 3472.62 
566 3237.43 
567 3339.31 
568 3562.59 
569 3491.35 
570 3278.76 
571 3328.68 
572 3338.97 
573 3429.91 
574 3382.72 
575 3189.27 
576 3264.53 
577 3362.76 
578 3309.69 
579 3377.61 
580 3315.78 
581 3443.54 
582 3388.19 
583 3274.70 
584 3396.44 
585 3210.08 
586 3431.77 
587 3367.76 
588 3322.35 
589 3180.65 
590 3490.74 
591 3427.90 
592 3397.95 
593 3342.33 
594 3351.39 
595 3192.21 
596 3431.15 
597 3372.73 
598 3540.50 
599 3417.16 
600 3419.90 
601 3450.36 
602 3449.90 
603 3388.97 
604 3362.45 
605 3307.18 
606 3243.38 
607 3345.75 
608 3160.25 
609 3415.35 
610 3306.89 
611 3199.83 
612 3237.94 
613 3262.45 
614 3405.38 
615 3641.33 
616 3279.38 
617 3356.18 
618 3440.98 
619 3291.30 
620 3238.28 
621 3454.38 
622 3320.21 
623 3290.43 
624 3552.44 
625 3140.62 
626 3522.08 
627 3538.15 
628 3473.68 
629 3546.61 
630 3251.53 
631 3284.29 
632 3349.46 
633 3323.43 
634 3254.34 
635 3336.85 
636 3517.82 
637 3476.90 
638 3481.00 
639 3390.69 
640 3552.28 
641 3584.95 
642 3346.75 
643 3444.84 
644 3359.45 
645 3589.74 
646 3410.85 
647 3664.00 
648 3526.19 
649 3304.03 
650 3486.22 
651 3328.45 
652 3427.83 
653 3305.50 
654 2008.36 
655 3408.74 
656 3653.75 
657 3368.93 
658 3463.07 
659 3335.21 
660 3165.50 
661 3429.47 
662 3376.75 
663 3323.00 
664 3555.52 
665 3333.05 
666 3205.91 
667 3376.47 
668 3373.28 
669 3460.20 
670 3275.95 
671 3479.45 
672 3373.33 
673 3173.04 
674 3340.27 
675 3542.63 
676 3091.30 
677 3286.40 
678 3475.98 
679 3626.81 
680 3499.68 
681 3332.63 
682 3354.22 
683 3545.14 
684 3410.05 
685 3516.34 
686 3391.30 
687 3386.91 
688 3371.49 
689 3478.81 
690 3438.96 
691 3468.76 
692 3586.22 
693 3391.77 
694 3554.14 
695 3495.34 
696 3488.29 
697 3406.41 
698 3307.08 
699 3615.84 
700 3357.07 
701 3515.63 
702 3510.58 
703 3323.62 
704 3356.87 
705 3519.77 
706 3438.45 
707 3393.84 
708 2203.92 
709 3446.81 
710 3481.72 
711 3271.69 
712 3444.19 
713 3423.47 
714 3457.88 
715 3402.23 
716 3521.31 
717 3383.25 
718 3334.84 
719 3215.96 
720 3405.39 
721 3460.50 
722 3425.99 
723 3511.65 
724 3454.99 
725 3234.49 
726 3546.77 
727 3530.62 
728 3233.56 
729 3234.82 
730 3648.24 
731 3406.78 
732 3263.80 
733 3465.79 
734 3503.72 
735 3268.52 
736 3436.04 
737 3260.98 
738 3414.61 
739 -64.40 
740 3399.47 
741 3236.33 
742 3448.55 
743 3428.20 
744 3226.17 
745 3380.33 
746 3581.86 
747 3478.44 
748 3460.29 
749 3353.36 
750 3468.70 
751 3359.01 
752 3319.13 
753 3331.09 
754 3432.96 
755 3578.73 
756 3395.46 
757 3419.42 
758 3516.57 
759 3477.67 
760 3305.01 
761 3299.35 
762 3153.99 
763 3516.42 
764 3462.95 
765 3458.21 
766 3327.15 
767 3372.29 
768 2327.61 
769 3424.16 
770 3387.03 
771 3484.12 
772 3432.42 
773 3236.11 
774 3504.46 
775 3291.70 
776 155.25 
777 3574.95 
778 3340.32 
779 3509.45 
780 3590.53 
781 3505.80 
782 3488.45 
783 3580.88 
784 3419.31 
785 3452.97 
786 3469.43 
787 3355.57 
788 3481.09 
789 3304.64 
790 3407.98 
791 3645.79 
792 3438.33 
793 3457.31 
794 3346.00 
795 3583.73 
796 3469.44 
797 3239.00 
798 3427.33 
799 3467.33 
800 3475.91 
801 3515.97 
802 3354.97 
803 3363.78 
804 3471.62 
805 3346.36 
806 3399.34 
807 3416.62 
808 3454.35 
809 3305.16 
810 3332.82 
811 3411.14 
812 3289.27 
813 3357.94 
814 3528.56 
815 3306.31 
816 3318.33 
817 3346.36 
818 3481.37 
819 3435.05 
820 3492.85 
821 3248.40 
822 3234.79 
823 3367.61 
824 3355.92 
825 3482.67 
826 3454.89 
827 3336.71 
828 3340.70 
829 3372.87 
830 3432.07 
831 3353.10 
832 3273.10 
833 3282.78 
834 3515.69 
835 3433.44 
836 3378.66 
837 3500.89 
838 3398.74 
839 3475.23 
840 3494.38 
841 3463.63 
842 3377.05 
843 3521.73 
844 3466.97 
845 3507.09 
846 3462.11 
847 3451.23 
848 3349.12 
849 3339.71 
850 3518.94 
851 3198.08 
852 3467.60 
853 3432.05 
854 3298.61 
855 3528.31 
856 3448.53 
857 3521.40 
858 3670.25 
859 770.55 
860 3566.26 
861 3428.26 
862 3504.79 
863 3506.65 
864 3391.90 
865 3360.18 
866 3560.13 
867 3460.20 
868 3329.46 
869 3400.31 
870 3373.49 
871 3367.03 
872 3387.67 
873 3580.63 
874 3460.15 
875 3441.66 
876 3459.01 
877 3533.95 
878 3277.90 
879 3201.39 
880 3140.29 
881 3403.49 
882 3248.18 
883 3336.09 
884 3353.87 
885 3451.71 
886 3396.06 
887 3488.71 
888 3376.97 
889 3407.40 
890 3357.74 
891 3573.26 
892 3351.14 
893 3345.29 
894 1371.33 
895 3491.06 
896 3415.50 
897 3408.17 
898 3496.61 
899 3338.66 
900 3502.07 
901 3327.30 
902 3559.46 
903 3375.48 
904 3271.81 
905 3479.71 
906 3331.88 
907 3302.55 
908 3358.52 
909 3379.11 
910 3491.16 
911 3403.21 
912 3404.95 
913 3366.66 
914 3289.85 
915 3372.79 
916 3389.76 
917 3459.22 
918 3433.91 
919 3496.41 
920 3243.97 
921 3271.89 
922 3425.75 
923 3223.84 
924 3273.01 
925 3297.13 
926 3528.15 
927 3362.94 
928 3488.65 
929 3501.35 
930 3350.43 
931 3458.83 
932 3249.70 
933 3449.22 
934 3345.57 
935 3205.80 
936 3459.21 
937 3406.63 
938 3386.05 
939 3351.48 
940 3471.75 
941 3333.30 
942 3410.13 
943 3449.87 
944 3416.58 
945 3355.25 
946 3268.64 
947 3313.59 
948 3160.15 
949 3328.87 
950 3407.91 
951 3464.38 
952 3357.97 
953 3349.21 
954 3441.74 
955 3326.65 
956 3462.33 
957 3399.05 
958 3458.92 
959 3558.36 
960 3232.41 
961 3279.68 
962 3555.30 
963 3324.80 
964 3474.33 
965 3471.60 
966 3305.91 
967 3418.76 
968 3377.24 
969 3405.13 
970 3445.56 
971 3371.54 
972 3196.55 
973 3437.10 
974 3257.82 
975 3367.74 
976 3218.44 
977 3391.59 
978 3199.29 
979 3283.76 
980 3406.80 
981 3447.75 
982 3425.09 
983 3440.98 
984 3514.15 
985 3371.38 
986 3275.69 
987 3273.32 
988 3625.45 
989 3527.35 
990 3325.91 
991 3384.00 
992 3281.76 
993 3368.44 
994 3239.70 
995 3435.45 
996 3507.67 
997 3516.04 
998 3215.69 
999 3427.85 
1000 3408.60 
1001 3553.20 
1002 3471.30 
1003 3237.59 
1004 3158.94 
1005 3342.28 
1006 3289.63 
1007 3346.68 
1008 3346.84 
1009 3375.56 
1010 3382.80 
1011 3308.58 
1012 3568.52 
1013 3488.14 
1014 3461.18 
1015 3498.20 
1016 3254.81 
1017 3478.43 
1018 3632.11 
1019 3355.71 
1020 3394.31 
1021 3351.27 
1022 3456.54 
1023 3462.33 
1024 3319.84 
1025 3230.13 
1026 3427.84 
1027 3694.94 
1028 3376.81 
1029 3432.01 
1030 3643.73 
1031 3349.56 
1032 3471.62 
1033 3380.18 
1034 3263.97 
1035 3313.23 
1036 3553.67 
1037 3471.27 
1038 3384.71 
1039 3365.89 
1040 3429.22 
1041 3374.15 
1042 3468.96 
1043 3529.00 
1044 3475.22 
1045 3428.98 
1046 3315.24 
1047 3289.59 
1048 3459.55 
1049 3347.43 
1050 3330.01 
1051 3277.51 
1052 3442.30 
1053 3467.95 
1054 3347.12 
1055 3385.13 
1056 3420.28 
1057 3218.69 
1058 3419.11 
1059 3400.75 
1060 3578.69 
1061 3391.89 
1062 3441.12 
1063 3479.88 
1064 3378.17 
1065 3338.57 
1066 3221.10 
1067 3472.62 
1068 3394.78 
1069 3518.37 
1070 3346.28 
1071 3396.44 
1072 3625.98 
1073 3472.65 
1074 3434.78 
1075 3439.58 
1076 3448.47 
1077 3384.04 
1078 3370.70 
1079 3399.81 
1080 3437.48 
1081 3552.92 
1082 3500.05 
1083 3421.47 
1084 3404.40 
1085 3426.28 
1086 3691.79 
1087 2576.13 
1088 3228.61 
1089 3405.87 
1090 3409.91 
1091 3512.33 
1092 3396.40 
1093 3245.43 
1094 3546.64 
1095 3501.53 
1096 3496.43 
1097 3279.85 
1098 3464.50 
1099 3479.80 
1100 3308.98 
1101 3319.66 
1102 3319.15 
1103 3384.54 
1104 3461.45 
1105 3466.21 
1106 3322.44 
1107 3314.23 
1108 3395.83 
1109 3320.77 
1110 3360.20 
1111 3297.82 
1112 3470.44 
1113 3556.69 
1114 3291.34 
1115 3411.11 
1116 3453.22 
1117 3107.10 
1118 3261.50 
1119 3320.95 
1120 3471.33 
1121 3409.02 
1122 3279.71 
1123 3411.26 
1124 3211.27 
1125 3541.37 
1126 3457.95 
1127 3433.02 
1128 3436.47 
1129 3536.28 
1130 3274.72 
1131 3407.38 
1132 3322.32 
1133 3534.46 
1134 3463.00 
1135 3587.11 
1136 3325.34 
1137 3313.61 
1138 3494.01 
1139 3315.07 
1140 3354.65 
1141 3508.57 
1142 3416.61 
1143 3497.02 
1144 3159.83 
1145 3426.01 
1146 3483.49 
1147 3442.51 
1148 3491.28 
1149 3471.85 
1150 3340.32 
1151 3455.63 
1152 3410.63 
1153 3425.21 
1154 3357.59 
1155 3410.73 
1156 3355.34 
1157 3433.29 
1158 3350.25 
1159 3474.68 
1160 3513.33 
1161 3478.23 
1162 3504.74 
1163 3301.92 
1164 3233.33 
1165 3341.99 
1166 3508.54 
1167 3503.78 
1168 3434.42 
1169 3432.31 
1170 3589.09 
1171 3523.76 
1172 3389.58 
1173 3495.39 
1174 3309.24 
1175 3454.18 
1176 3482.53 
1177 3338.30 
1178 3278.36 
1179 3389.60 
1180 3367.35 
1181 3581.88 
1182 3397.21 
1183 3482.32 
1184 3391.18 
1185 3447.03 
1186 3410.57 
1187 3337.08 
1188 3508.08 
1189 2173.78 
1190 3377.09 
1191 3487.76 
1192 3395.18 
1193 3493.36 
1194 3406.29 
1195 3486.84 
1196 3351.55 
1197 3411.21 
1198 1504.61 
1199 3529.51 
1200 3430.43 
1201 3559.64 
1202 3364.99 
1203 3493.63 
1204 3495.20 
1205 3436.14 
1206 3618.29 
1207 3391.83 
1208 3599.62 
1209 3388.35 
1210 3432.90 
1211 3381.87 
1212 3551.52 
1213 3308.27 
1214 3495.52 
1215 3425.40 
1216 3411.98 
1217 3527.72 
1218 3358.78 
1219 3329.06 
1220 3510.46 
1221 3476.27 
1222 3338.18 
1223 3278.96 
1224 3552.17 
1225 3300.50 
1226 3361.71 
1227 3545.57 
1228 3471.79 
1229 3562.35 
1230 3426.25 
1231 3462.72 
1232 3415.19 
1233 3385.61 
1234 3534.06 
1235 3504.42 
1236 3266.73 
1237 3398.30 
1238 3496.20 
1239 3540.08 
1240 3566.19 
1241 3239.52 
1242 3358.42 
1243 3406.19 
1244 3329.23 
1245 3534.44 
1246 3552.43 
1247 3406.23 
1248 3500.05 
1249 3383.94 
1250 3571.41 
1251 3381.69 
1252 3564.62 
1253 3431.54 
1254 3501.20 
1255 3508.08 
1256 3412.00 
1257 3232.01 
1258 3477.33 
1259 3395.46 
1260 3278.34 
1261 3464.98 
1262 3183.57 
1263 3460.95 
1264 3542.65 
1265 3501.95 
1266 3490.19 
1267 3327.38 
1268 3471.00 
1269 3500.19 
1270 3334.38 
1271 3412.73 
1272 3450.35 
1273 3368.25 
1274 3539.26 
1275 3501.00 
1276 3556.11 
1277 3203.86 
1278 3363.14 
1279 3356.87 
1280 3408.46 
1281 3137.01 
1282 3611.23 
1283 3551.20 
1284 3508.51 
1285 3531.66 
1286 3495.74 
1287 3331.54 
1288 3328.51 
1289 3543.31 
1290 3642.76 
1291 3489.97 
1292 3253.21 
1293 3571.48 
1294 3397.40 
1295 3469.54 
1296 3437.58 
1297 3559.15 
1298 3489.78 
1299 3407.40 
1300 3420.39 
1301 3324.48 
1302 3409.18 
1303 3533.08 
1304 3323.58 
1305 3370.35 
1306 3369.56 
1307 3446.91 
1308 3333.70 
1309 3501.28 
1310 3589.43 
1311 3402.02 
1312 3404.12 
1313 3402.27 
1314 3445.66 
1315 3430.10 
1316 3501.70 
1317 3397.64 
1318 3672.99 
1319 3358.92 
1320 3416.36 
1321 3440.58 
1322 3598.01 
1323 3494.52 
1324 3498.41 
1325 3339.88 
1326 3424.72 
1327 3518.98 
1328 3671.63 
1329 3401.41 
1330 3241.23 
1331 3289.53 
1332 3398.11 
1333 3539.63 
1334 3249.57 
1335 3335.12 
1336 3413.39 
1337 3439.11 
1338 3555.97 
1339 3480.23 
1340 3509.98 
1341 3537.05 
1342 3621.37 
1343 3358.51 
1344 3344.34 
1345 3398.89 
1346 3548.53 
1347 3224.77 
1348 3448.60 
1349 3314.92 
1350 3433.46 
1351 3439.96 
1352 3472.69 
1353 3200.93 
1354 3444.09 
1355 3304.75 
1356 3403.60 
1357 3541.31 
1358 3325.19 
1359 3309.80 
1360 3408.30 
1361 3207.27 
1362 3496.55 
1363 3545.92 
1364 3511.37 
1365 3355.70 
1366 3447.17 
1367 3282.11 
1368 3422.38 
1369 3482.43 
1370 3449.34 
1371 3472.02 
1372 3496.77 
1373 3517.92 
1374 3525.57 
1375 3556.68 
1376 3460.52 
1377 3419.35 
1378 3507.58 
1379 3434.54 
1380 3576.44 
1381 3590.45 
1382 3560.98 
1383 3499.21 
1384 3330.52 
1385 3377.66 
1386 3387.47 
1387 3352.56 
1388 3529.60 
1389 3375.99 
1390 3485.51 
1391 3251.74 
1392 3369.21 
1393 3526.86 
1394 3434.26 
1395 3240.18 
1396 3537.53 
1397 3426.55 
1398 3409.75 
1399 3184.12 
1400 3565.31 
