Seed 0:
0 -239.58 
1 -237.16 
2 -278.46 
3 -216.57 
4 35.14 
5 -200.63 
6 -174.97 
7 -195.63 
8 -123.57 
9 -140.57 
10 -158.43 
11 -47.91 
12 100.94 
13 408.20 
14 698.08 
15 717.34 
16 805.95 
17 970.24 
18 962.88 
19 950.75 
20 1289.81 
21 1306.04 
22 1608.17 
23 1680.61 
24 1847.68 
25 1698.33 
26 1845.77 
27 1804.44 
28 2061.28 
29 2021.53 
30 1920.83 
31 2115.68 
32 2097.30 
33 2097.61 
34 2084.44 
35 2124.26 
36 2119.15 
37 2154.30 
38 2161.05 
39 2208.26 
40 2164.38 
41 2146.42 
42 2212.12 
43 2222.33 
44 2097.64 
45 2179.43 
46 2236.33 
47 2197.36 
48 2156.59 
49 2118.78 
50 2186.91 
51 2170.41 
52 2235.52 
53 2183.39 
54 2286.88 
55 2250.62 
56 2208.65 
57 2169.46 
58 2129.89 
59 2231.02 
60 2086.93 
61 2103.28 
62 2188.66 
63 2194.53 
64 2161.83 
65 2311.90 
66 2224.06 
67 2193.32 
68 2264.13 
69 2195.98 
70 2090.13 
71 2216.40 
72 2210.41 
73 2128.37 
74 2238.49 
75 2219.73 
76 2272.35 
77 2205.13 
78 2201.33 
79 2234.32 
80 2281.63 
81 2176.79 
82 2248.45 
83 2190.84 
84 2203.16 
85 2213.04 
86 2118.58 
87 2263.84 
88 2198.76 
89 2236.76 
90 2227.47 
91 2165.81 
92 2230.49 
93 2216.17 
94 2089.65 
95 2287.30 
96 2186.02 
97 2222.09 
98 2181.53 
99 2238.08 
100 2161.47 
101 2275.30 
102 2249.62 
103 2245.22 
104 2132.02 
105 2288.63 
106 2292.96 
107 2273.79 
108 2285.06 
109 2234.67 
110 2206.55 
111 2149.74 
112 2248.39 
113 2338.86 
114 2166.33 
115 2246.34 
116 2312.66 
117 2221.81 
118 2228.66 
119 2240.53 
120 2223.99 
121 2282.22 
122 2237.77 
123 2204.33 
124 2230.38 
125 2240.01 
126 2116.41 
127 2328.29 
128 2231.02 
129 2192.27 
130 2300.29 
131 2290.52 
132 2161.50 
133 2244.40 
134 2154.82 
135 2329.09 
136 2213.67 
137 1747.26 
138 2223.13 
139 2238.28 
140 2180.83 
141 2326.79 
142 2264.74 
143 2134.99 
144 2107.55 
145 2277.24 
146 2235.05 
147 2197.20 
148 2269.31 
149 2218.47 
150 2224.70 
151 2265.05 
152 2230.40 
153 2209.74 
154 2301.60 
155 2220.86 
156 2154.08 
157 2366.98 
158 2085.88 
159 2272.35 
160 2241.84 
161 2264.05 
162 2223.32 
163 2256.19 
164 2143.81 
165 2296.23 
166 2215.90 
167 2296.94 
168 2274.08 
169 2271.43 
170 2254.65 
171 2291.30 
172 2102.18 
173 2249.11 
174 2185.32 
175 2112.28 
176 2300.23 
177 2179.97 
178 2192.32 
179 2238.15 
180 2179.46 
181 2156.01 
182 2226.73 
183 2197.08 
184 2294.01 
185 2105.85 
186 2114.03 
187 2297.96 
188 2235.21 
189 2273.75 
190 2262.77 
191 2159.70 
192 2169.28 
193 2194.34 
194 2276.50 
195 2297.93 
196 2257.40 
197 2128.99 
198 2290.24 
199 2210.63 
200 2300.40 
201 2199.49 
202 2231.40 
203 2267.88 
204 2216.95 
205 2276.18 
206 2303.38 
207 2194.86 
208 2253.20 
209 2256.00 
210 2268.40 
211 2145.10 
212 2190.22 
213 2214.33 
214 2173.34 
215 2172.82 
216 2190.59 
217 2219.45 
218 2266.55 
219 2260.17 
220 2184.41 
221 2179.21 
222 2141.60 
223 2218.07 
224 2251.96 
225 2295.42 
226 2164.14 
227 2252.97 
228 2238.23 
229 2170.47 
230 2283.39 
231 2243.97 
232 2264.12 
233 2279.27 
234 2263.30 
235 2305.64 
236 2253.50 
237 2211.86 
238 2175.45 
239 2209.56 
240 2277.67 
241 2231.68 
242 2263.38 
243 2243.47 
244 2246.65 
245 2201.59 
246 2322.07 
247 2190.05 
248 2175.52 
249 2181.97 
250 2312.03 
251 2253.87 
252 2136.95 
253 2244.96 
254 2274.04 
255 2303.01 
256 2241.56 
257 2247.95 
258 2238.94 
259 2218.23 
260 2172.82 
261 2209.57 
262 2233.95 
263 2282.82 
264 2238.69 
265 2387.85 
266 2215.39 
267 2364.69 
268 2233.19 
269 2208.47 
270 2175.52 
271 2245.96 
272 2202.65 
273 2233.75 
274 2303.14 
275 2288.17 
276 2161.61 
277 2280.79 
278 2320.00 
279 2250.38 
280 2267.85 
281 2252.75 
282 2288.48 
283 2224.77 
284 2160.13 
285 2307.53 
286 2227.49 
287 2278.00 
288 2284.93 
289 2290.33 
290 2280.86 
291 2224.70 
292 2236.13 
293 2393.48 
294 2206.07 
295 2153.62 
296 2351.42 
297 2211.04 
298 1556.41 
299 2237.69 
300 1095.10 
301 2314.25 
302 2171.95 
303 2270.51 
304 2276.53 
305 2144.20 
306 2224.54 
307 2216.59 
308 2220.79 
309 2145.35 
310 2156.28 
311 2242.86 
312 2214.72 
313 2280.34 
314 2313.11 
315 2252.81 
316 2207.14 
317 2250.51 
318 2246.94 
319 2320.35 
320 2266.39 
321 2202.25 
322 2184.13 
323 2280.60 
324 2214.94 
325 2294.03 
326 2238.70 
327 2259.80 
328 2143.88 
329 2236.26 
330 2315.34 
331 2346.64 
332 2283.69 
333 2261.04 
334 2288.45 
335 2265.96 
336 2243.83 
337 2257.97 
338 2234.08 
339 2227.36 
340 2244.58 
341 2268.40 
342 2239.31 
343 2166.59 
344 2235.79 
345 2270.25 
346 2196.61 
347 2257.60 
348 2214.30 
349 2222.88 
350 2229.88 
351 2177.63 
352 2212.02 
353 2133.97 
354 2251.81 
355 2268.64 
356 2267.13 
357 2199.23 
358 2246.55 
359 1628.93 
360 2206.10 
361 2270.75 
362 2114.59 
363 2229.00 
364 2248.29 
365 2310.63 
366 2216.45 
367 2224.27 
368 2252.90 
369 2267.30 
370 2301.95 
371 2174.96 
372 2296.48 
373 2111.92 
374 2217.66 
375 2172.89 
376 2282.76 
377 2225.82 
378 2387.83 
379 2227.93 
380 2234.26 
381 2178.61 
382 2221.18 
383 2262.03 
384 2355.80 
385 2184.14 
386 2268.57 
387 2274.80 
388 2333.33 
389 2276.67 
390 2290.29 
391 2304.64 
392 2244.93 
393 2283.48 
394 2255.24 
395 2312.64 
396 2176.47 
397 2333.41 
398 2298.34 
399 2214.41 
400 2268.74 
401 2269.88 
402 2249.47 
403 2215.40 
404 2304.21 
405 2290.37 
406 2333.72 
407 2189.88 
408 2319.60 
409 2245.64 
410 2262.17 
411 2260.83 
412 2118.04 
413 2250.39 
414 2167.21 
415 2299.17 
416 2277.64 
417 2226.66 
418 2307.05 
419 2314.46 
420 2222.67 
421 2266.66 
422 2301.63 
423 2220.77 
424 2242.59 
425 2252.55 
426 2324.43 
427 2263.19 
428 2320.29 
429 2298.11 
430 2221.19 
431 2283.89 
432 2306.78 
433 2307.14 
434 2222.92 
435 2242.32 
436 2284.67 
437 2245.21 
438 2271.87 
439 2366.74 
440 2182.94 
441 2282.38 
442 2312.31 
443 2272.04 
444 2281.00 
445 2304.73 
446 2329.80 
447 2352.26 
448 2307.06 
449 2323.03 
450 2259.18 
451 2314.31 
452 2279.69 
453 2277.43 
454 2272.09 
455 2262.14 
456 2303.94 
457 2199.07 
458 2213.46 
459 2287.81 
460 2339.07 
461 2353.02 
462 2254.94 
463 2148.56 
464 2333.95 
465 2284.47 
466 2314.21 
467 2353.55 
468 2342.86 
469 2243.39 
470 574.67 
471 2324.63 
472 316.15 
473 2272.96 
474 2184.76 
475 2215.62 
476 2266.16 
477 2309.82 
478 2285.06 
479 2255.49 
480 2210.14 
481 2240.45 
482 2267.10 
483 2226.39 
484 2263.83 
485 2244.22 
486 2339.02 
487 2277.63 
488 2304.98 
489 2302.64 
490 2232.98 
491 2330.74 
492 2258.93 
493 2219.95 
494 2297.15 
495 2136.58 
496 2285.77 
497 2214.85 
498 2311.78 
499 2165.90 
500 2268.79 
501 2301.27 
502 2257.05 
503 2274.20 
504 2290.57 
505 2263.63 
506 2290.25 
507 2245.98 
508 2351.40 
509 2280.31 
510 2314.86 
511 2222.98 
512 2277.67 
513 2275.64 
514 2265.49 
515 2328.36 
516 2276.84 
517 2296.73 
518 2299.83 
519 2299.13 
520 2257.88 
521 2233.26 
522 2149.89 
523 2179.43 
524 2285.83 
525 2307.66 
526 2321.01 
527 2294.27 
528 2283.38 
529 2223.55 
530 2199.27 
531 2263.54 
532 2259.62 
533 2278.24 
534 2197.55 
535 2333.46 
536 2296.69 
537 2368.00 
538 2304.14 
539 2289.46 
540 2193.34 
541 2218.75 
542 2336.66 
543 2247.39 
544 2241.00 
545 2294.12 
546 2195.91 
547 2180.52 
548 2285.18 
549 2242.65 
550 2251.15 
551 2292.34 
552 2297.75 
553 2239.09 
554 1189.59 
555 2260.10 
556 2282.46 
557 2372.57 
558 2187.23 
559 2264.28 
560 2302.28 
561 2264.31 
562 2282.78 
563 2200.74 
564 2247.13 
565 2306.45 
566 2286.16 
567 2324.78 
568 2259.15 
569 2279.58 
570 2321.13 
571 2311.95 
572 2240.80 
573 2278.02 
574 2218.77 
575 2364.17 
576 2279.60 
577 2209.38 
578 2200.49 
579 2310.66 
580 2223.89 
581 2248.78 
582 2305.97 
583 2263.33 
584 2361.72 
585 2337.50 
586 2286.37 
587 2282.54 
588 2258.90 
589 2227.36 
590 2163.71 
591 2262.25 
592 2247.76 
593 2261.01 
594 2265.71 
595 2347.40 
596 2246.12 
597 2222.34 
598 2291.29 
599 2270.76 
600 2176.44 
601 2210.78 
602 2227.19 
603 2276.83 
604 2169.90 
605 2273.09 
606 2286.59 
607 2293.15 
608 2248.25 
609 2229.16 
610 2249.58 
611 2334.28 
612 2260.57 
613 2236.77 
614 2283.41 
615 2323.12 
616 2385.88 
617 2370.87 
618 2324.06 
619 2352.75 
620 2334.06 
621 2296.49 
622 2238.22 
623 2164.81 
624 2277.99 
625 2249.49 
626 2305.69 
627 2301.50 
628 2343.22 
629 2287.59 
630 2421.62 
631 2257.17 
632 2269.70 
633 2233.15 
634 2247.95 
635 2294.08 
636 2294.04 
637 2268.85 
638 2241.14 
639 2244.07 
640 2279.60 
641 2372.92 
642 2315.72 
643 2255.33 
644 2209.56 
645 2233.25 
646 2381.74 
647 2208.56 
648 2256.97 
649 2238.89 
650 2318.29 
651 2315.20 
652 2294.25 
653 2331.20 
654 2348.25 
655 2227.58 
656 2241.86 
657 2321.00 
658 2223.59 
659 2323.68 
660 2241.92 
661 2349.58 
662 2230.26 
663 2327.11 
664 2375.74 
665 2328.81 
666 2242.63 
667 2276.17 
668 2196.15 
669 2174.50 
670 2298.42 
671 2356.79 
672 2292.28 
673 2335.58 
674 2343.43 
675 2342.13 
676 2263.50 
677 2151.20 
678 2312.94 
679 2243.86 
680 2192.39 
681 2322.04 
682 2296.11 
683 2287.09 
684 2284.86 
685 2324.88 
686 2359.56 
687 2262.89 
688 2264.14 
689 2271.17 
690 2270.14 
691 2299.48 
692 2294.66 
693 2306.36 
694 2241.28 
695 2350.77 
696 2206.66 
697 2366.07 
698 2307.40 
699 2311.41 
700 2245.93 
701 2272.70 
702 2260.23 
703 2338.96 
704 2250.85 
705 2270.81 
706 2206.28 
707 2205.10 
708 2348.41 
709 1393.25 
710 2209.85 
711 2337.57 
712 2153.11 
713 2301.93 
714 2333.02 
715 1110.77 
716 2260.91 
717 2315.27 
718 2308.97 
719 2217.61 
720 2316.60 
721 2295.24 
722 2298.90 
723 2277.18 
724 2242.54 
725 2391.18 
726 2371.45 
727 2254.97 
728 2309.00 
729 2308.97 
730 2307.25 
731 2330.03 
732 2256.74 
733 2247.58 
734 2282.66 
735 2271.26 
736 2267.52 
737 2362.89 
738 2227.20 
739 2281.05 
740 2286.11 
741 2216.44 
742 2256.88 
743 2236.14 
744 2322.68 
745 2334.89 
746 2236.49 
747 2233.90 
748 2291.50 
749 2273.98 
750 2309.57 
751 2255.41 
752 2355.26 
753 2291.55 
754 2178.42 
755 2189.01 
756 2247.87 
757 2268.18 
758 2262.22 
759 2312.03 
760 2320.00 
761 2269.39 
762 2277.37 
763 2220.76 
764 2291.69 
765 2294.15 
766 2334.07 
767 2228.57 
768 2298.75 
769 2320.97 
770 2380.16 
771 2135.12 
772 2214.49 
773 2239.53 
774 2218.46 
775 2238.01 
776 2299.93 
777 2231.93 
778 2299.45 
779 2212.10 
780 2400.03 
781 2349.06 
782 2217.70 
783 2192.31 
784 2270.69 
785 2363.95 
786 2434.65 
787 2235.18 
788 2281.92 
789 2360.61 
790 1920.72 
791 2307.78 
792 2247.11 
793 2318.23 
794 2351.85 
795 2135.01 
796 2232.56 
797 2256.00 
798 2352.36 
799 2359.25 
800 2331.50 
801 2230.64 
802 2250.63 
803 2302.76 
804 2283.70 
805 2307.94 
806 2094.90 
807 2224.57 
808 2311.14 
809 2228.93 
810 2317.99 
811 2337.34 
812 2404.64 
813 2226.28 
814 2327.72 
815 2220.84 
816 2338.39 
817 2221.35 
818 2287.56 
819 2331.00 
820 2401.73 
821 2308.45 
822 2334.55 
823 2294.15 
824 2259.83 
825 2327.12 
826 2232.02 
827 2300.47 
828 2295.32 
829 2252.06 
830 2278.85 
831 2327.60 
832 2308.36 
833 2372.09 
834 2367.47 
835 2195.56 
836 2257.58 
837 2275.29 
838 2247.27 
839 2316.32 
840 2225.43 
841 2275.63 
842 2403.94 
843 2286.24 
844 2299.08 
845 2329.12 
846 2249.05 
847 2355.03 
848 2315.08 
849 2257.96 
850 2252.95 
851 2295.42 
852 2314.26 
853 2168.99 
854 2294.34 
855 2221.88 
856 2297.45 
857 2409.30 
858 2264.16 
859 2255.29 
860 2381.91 
861 2310.28 
862 2246.87 
863 2293.88 
864 2247.82 
865 2250.28 
866 2306.02 
867 2296.38 
868 2314.30 
869 2248.75 
870 2317.35 
871 2365.01 
872 2303.94 
873 2337.87 
874 2301.69 
875 1948.38 
876 2237.88 
877 2284.21 
878 2299.13 
879 2269.22 
880 2327.49 
881 2248.92 
882 2279.86 
883 2203.70 
884 2234.63 
885 2300.08 
886 2343.45 
887 2308.40 
888 1146.17 
889 2267.77 
890 2275.39 
891 2205.44 
892 2295.11 
893 2315.34 
894 2351.21 
895 2323.16 
896 2309.03 
897 2328.01 
898 2286.16 
899 2375.81 
900 2292.18 
901 2233.70 
902 2342.40 
903 2196.44 
904 2260.44 
905 2256.09 
906 2308.90 
907 2295.05 
908 2281.96 
909 2284.85 
910 2315.14 
911 2262.32 
912 2214.82 
913 2239.84 
914 2233.83 
915 2255.98 
916 2323.52 
917 2318.78 
918 2164.54 
919 2164.51 
920 2359.68 
921 2266.18 
922 2298.44 
923 2289.70 
924 2443.14 
925 2312.82 
926 2317.91 
927 2302.59 
928 2295.11 
929 2260.47 
930 2294.15 
931 2295.49 
932 2313.37 
933 2298.36 
934 2286.30 
935 2204.39 
936 2236.25 
937 2244.99 
938 2256.75 
939 2273.38 
940 2334.22 
941 2276.42 
942 2310.53 
943 2399.38 
944 2265.02 
945 2292.98 
946 2308.30 
947 2280.12 
948 2261.88 
949 2267.42 
950 2347.95 
951 2287.25 
952 2304.37 
953 2200.24 
954 2239.14 
955 2342.42 
956 2208.87 
957 2258.18 
958 2331.41 
959 2241.04 
960 2215.65 
961 2161.17 
962 2270.04 
963 2325.84 
964 2329.47 
965 2238.44 
966 2333.92 
967 2281.09 
968 2254.98 
969 2229.35 
970 2284.78 
971 2370.90 
972 2228.70 
973 2324.43 
974 2228.49 
975 2417.24 
976 2268.31 
977 2326.84 
978 2405.75 
979 2301.73 
980 2332.68 
981 2268.72 
982 2221.06 
983 2295.62 
984 2300.84 
985 2322.13 
986 2184.34 
987 2280.98 
988 2343.46 
989 2261.25 
990 2339.28 
991 2338.14 
992 2267.55 
993 2291.35 
994 2284.96 
995 2360.98 
996 2309.03 
997 2230.86 
998 2396.90 
999 2354.84 
1000 2382.95 
1001 2344.32 
1002 2175.72 
1003 2315.90 
1004 2265.02 
1005 848.31 
1006 2274.45 
1007 2265.82 
1008 2218.02 
1009 2249.52 
1010 2221.24 
1011 1313.23 
1012 2365.42 
1013 2331.29 
1014 2315.87 
1015 2360.40 
1016 2298.29 
1017 2288.55 
1018 2267.10 
1019 2316.15 
1020 2317.94 
1021 2333.14 
1022 2266.51 
1023 2288.24 
1024 2201.76 
1025 2369.88 
1026 2304.94 
1027 2323.74 
1028 2239.67 
1029 2300.87 
1030 2318.37 
1031 2309.55 
1032 2295.74 
1033 2380.19 
1034 2182.62 
1035 2207.56 
1036 2349.73 
1037 2356.68 
1038 2307.78 
1039 2392.00 
1040 2313.25 
1041 2195.74 
1042 2204.03 
1043 2286.88 
1044 2205.90 
1045 2280.19 
1046 2291.37 
1047 2265.63 
1048 2288.70 
1049 2259.89 
1050 2325.44 
1051 2314.71 
1052 2336.87 
1053 2306.86 
1054 2325.51 
1055 2426.76 
1056 2328.91 
1057 2365.96 
1058 2354.20 
1059 2250.79 
1060 2330.66 
1061 2284.42 
1062 1876.09 
1063 2341.12 
1064 2328.82 
1065 2318.80 
1066 2302.73 
1067 2299.92 
1068 2311.50 
1069 2325.46 
1070 2297.41 
1071 2266.08 
1072 2277.43 
1073 2289.48 
1074 2313.87 
1075 2273.81 
1076 2292.27 
1077 2278.75 
1078 2213.54 
1079 2325.17 
1080 2247.12 
1081 2409.20 
1082 2272.02 
1083 2270.14 
1084 2344.99 
1085 2355.33 
1086 2282.84 
1087 2407.97 
1088 2309.27 
1089 2186.19 
1090 2353.11 
1091 2324.62 
1092 2289.38 
1093 2275.52 
1094 2353.39 
1095 2319.02 
1096 2411.14 
1097 2293.74 
1098 2320.47 
1099 2210.47 
1100 2335.36 
1101 2273.41 
1102 2351.79 
1103 2367.50 
1104 2406.24 
1105 2298.73 
1106 2306.97 
1107 2376.07 
1108 2308.11 
1109 2348.86 
1110 2195.50 
1111 2304.77 
1112 2290.69 
1113 2262.88 
1114 2281.93 
1115 2295.18 
1116 2367.58 
1117 2269.06 
1118 2291.93 
1119 2282.41 
1120 2357.55 
1121 2249.72 
1122 2256.65 
1123 2302.18 
1124 2298.92 
1125 2325.03 
1126 2236.22 
1127 2292.89 
1128 2241.02 
1129 2332.40 
1130 2258.34 
1131 2356.30 
1132 2315.18 
1133 2302.43 
1134 2311.40 
1135 2369.55 
1136 2306.70 
1137 2278.85 
1138 2280.78 
1139 2320.58 
1140 2319.44 
1141 2375.00 
1142 2262.59 
1143 2246.12 
1144 2277.55 
1145 2278.29 
1146 2335.58 
1147 2374.72 
1148 2233.51 
1149 2299.20 
1150 2358.81 
1151 2322.39 
1152 2290.61 
1153 2323.06 
1154 2278.59 
1155 2247.03 
1156 2294.27 
1157 2305.82 
1158 2262.99 
1159 2378.24 
1160 2385.74 
1161 2349.87 
1162 2268.90 
1163 2310.72 
1164 2315.57 
1165 2414.10 
1166 2245.02 
1167 2232.78 
1168 2316.39 
1169 2336.28 
1170 2322.28 
1171 2343.72 
1172 2322.76 
1173 2333.77 
1174 2317.69 
1175 2245.22 
1176 2190.53 
1177 2302.48 
1178 2344.85 
1179 2352.50 
1180 2256.88 
1181 2272.85 
1182 2384.52 
1183 2243.68 
1184 2290.24 
1185 2276.33 
1186 2267.40 
1187 2286.43 
1188 2276.70 
1189 2308.24 
1190 2325.81 
1191 2301.17 
1192 2274.91 
1193 2231.93 
1194 2223.02 
1195 2279.69 
1196 2244.61 
1197 2307.32 
1198 2360.65 
1199 2311.62 
1200 2361.77 
1201 2333.17 
1202 2237.22 
1203 2332.46 
1204 2316.88 
1205 2300.77 
1206 2226.62 
1207 2312.94 
1208 2300.74 
1209 2384.39 
1210 2193.22 
1211 2330.63 
1212 2356.62 
1213 2370.56 
1214 2237.43 
1215 2306.96 
1216 2275.29 
1217 2318.92 
1218 2286.74 
1219 2278.48 
1220 2213.01 
1221 2292.14 
1222 2312.49 
1223 2364.39 
1224 2339.94 
1225 2273.17 
1226 2339.00 
1227 2319.55 
1228 2269.85 
1229 2408.53 
1230 2246.27 
1231 2354.70 
1232 2355.28 
1233 2319.47 
1234 2226.17 
1235 2316.35 
1236 2275.25 
1237 2335.94 
1238 2302.26 
1239 2349.75 
1240 2352.45 
1241 2238.25 
1242 2370.10 
1243 2294.98 
1244 2402.15 
1245 2373.99 
1246 2339.13 
1247 2202.72 
1248 2309.04 
1249 2298.01 
1250 2376.86 
1251 2322.85 
1252 2289.90 
1253 2307.10 
1254 2294.48 
1255 2334.26 
1256 2330.55 
1257 2329.42 
1258 2283.25 
1259 2310.49 
1260 2339.10 
1261 2303.44 
1262 2377.76 
1263 2343.91 
1264 2361.71 
1265 2346.78 
1266 2369.73 
1267 2265.16 
1268 2323.75 
1269 2273.57 
1270 2286.45 
1271 2322.84 
1272 2346.85 
1273 2351.59 
1274 2247.83 
1275 2262.50 
1276 2343.50 
1277 2343.55 
1278 2378.82 
1279 2299.31 
1280 2351.47 
1281 2285.15 
1282 2339.49 
1283 2364.20 
1284 2288.51 
1285 2365.54 
1286 2302.38 
1287 2257.88 
1288 2372.29 
1289 2307.00 
1290 2343.75 
1291 2249.69 
1292 2309.94 
1293 2292.29 
1294 2394.52 
1295 2291.84 
1296 2265.65 
1297 264.96 
1298 2382.84 
1299 2277.66 
1300 2297.10 
1301 2353.28 
1302 2348.36 
1303 2227.44 
1304 2361.75 
1305 2210.82 
1306 2260.65 
1307 2321.04 
1308 2343.37 
1309 2329.54 
1310 2353.09 
1311 2303.03 
1312 2318.33 
1313 2297.21 
1314 2303.61 
1315 2292.17 
1316 2263.60 
1317 2385.24 
1318 2257.88 
1319 2229.57 
1320 2317.21 
1321 2336.77 
1322 2230.83 
1323 2355.42 
1324 2356.42 
1325 2377.56 
1326 2314.09 
1327 2318.67 
1328 2250.92 
1329 2353.05 
1330 2310.27 
1331 2328.61 
1332 2361.97 
1333 1496.43 
1334 2260.40 
1335 2263.11 
1336 2223.21 
1337 2262.91 
1338 2322.52 
1339 2416.51 
1340 2341.18 
1341 2300.31 
1342 2377.36 
1343 2354.43 
1344 2299.60 
1345 2290.86 
1346 2330.67 
1347 2314.73 
1348 2302.65 
1349 2310.36 
1350 2366.86 
1351 2317.87 
1352 2351.13 
1353 2247.45 
1354 2246.81 
1355 2250.87 
1356 2325.85 
1357 2303.68 
1358 2382.29 
1359 2285.00 
1360 2253.81 
1361 2300.86 
1362 2206.45 
1363 2260.27 
1364 2312.39 
1365 2319.62 
1366 2304.51 
1367 2289.39 
1368 2327.17 
1369 2295.55 
1370 2388.30 
1371 2292.75 
1372 2276.84 
1373 2416.05 
1374 2262.37 
1375 2317.53 
1376 2305.23 
1377 2344.27 
1378 2264.87 
1379 2311.42 
1380 2228.48 
1381 2359.18 
1382 2353.95 
1383 2376.80 
1384 2305.92 
1385 2336.41 
1386 2261.14 
1387 2266.67 
1388 2260.67 
1389 2314.70 
1390 2317.40 
1391 2271.40 
1392 2361.14 
1393 2351.24 
1394 2391.87 
1395 2345.60 
1396 1629.93 
1397 2309.43 
1398 2186.31 
1399 2348.81 
1400 2274.87 
0 2401.12 
1 353.88 
2 2418.71 
3 2320.40 
4 2411.00 
5 2385.91 
6 2280.65 
7 2309.95 
8 2324.67 
9 2267.61 
10 2296.72 
11 2334.56 
12 2288.62 
13 1895.76 
14 2312.50 
15 2358.60 
16 2285.03 
17 2241.21 
18 2365.12 
19 2275.74 
20 2236.88 
21 2317.27 
22 2305.99 
23 2315.48 
24 2319.97 
25 2402.55 
26 2282.55 
27 2247.10 
28 345.83 
29 2304.18 
30 2330.95 
31 2246.74 
32 2318.28 
33 2281.09 
34 2245.03 
35 2325.66 
36 2354.34 
37 2330.63 
38 2301.83 
39 2283.97 
40 2256.73 
41 2376.67 
42 2373.85 
43 2286.16 
44 2335.40 
45 2326.32 
46 2399.11 
47 2358.25 
48 2229.22 
49 2414.02 
50 2336.08 
51 2349.57 
52 2319.19 
53 2210.50 
54 2357.46 
55 2299.18 
56 2285.61 
57 2295.10 
58 2263.48 
59 2326.55 
60 2359.96 
61 224.42 
62 2380.50 
63 2345.73 
64 2288.96 
65 2282.67 
66 2347.93 
67 2335.12 
68 2321.68 
69 2305.12 
70 2290.61 
71 2329.34 
72 2373.53 
73 2340.86 
74 2295.76 
75 2435.96 
76 2316.77 
77 2270.20 
78 2357.33 
79 2364.90 
80 2325.24 
81 2298.33 
82 2342.01 
83 2378.89 
84 2343.16 
85 2312.34 
86 2402.59 
87 2305.75 
88 2229.25 
89 2358.72 
90 2375.02 
91 2384.50 
92 2401.32 
93 2333.37 
94 2245.18 
95 2337.33 
96 2261.09 
97 2336.29 
98 2337.39 
99 2359.87 
100 2387.15 
101 2332.78 
102 2286.54 
103 2402.17 
104 2328.79 
105 2283.51 
106 2332.65 
107 2317.27 
108 2304.59 
109 2359.87 
110 2253.32 
111 2411.50 
112 2339.25 
113 2402.79 
114 2396.84 
115 2367.68 
116 2326.93 
117 2344.91 
118 2316.51 
119 2379.44 
120 2378.03 
121 2340.44 
122 2301.43 
123 2355.07 
124 2290.80 
125 2367.79 
126 2380.11 
127 2279.78 
128 2381.13 
129 2385.65 
130 2293.14 
131 2266.55 
132 2329.84 
133 2287.20 
134 2286.89 
135 2313.34 
136 2329.12 
137 2353.99 
138 2267.13 
139 2353.27 
140 2375.03 
141 2315.28 
142 2368.62 
143 2338.03 
144 2356.48 
145 2260.06 
146 2259.96 
147 2307.26 
148 2314.44 
149 2300.01 
150 2343.62 
151 2324.21 
152 2312.22 
153 2289.01 
154 2271.79 
155 2317.79 
156 2308.54 
157 2289.86 
158 2329.57 
159 2338.74 
160 2373.21 
161 2311.07 
162 2250.65 
163 2269.02 
164 2287.61 
165 2347.26 
166 2326.54 
167 2345.22 
168 2270.62 
169 2314.37 
170 2340.66 
171 2261.49 
172 2301.10 
173 2352.95 
174 2304.87 
175 2291.91 
176 2310.59 
177 2363.45 
178 2286.71 
179 2246.32 
180 2362.55 
181 2305.25 
182 2421.52 
183 2363.34 
184 2308.29 
185 2323.32 
186 2357.10 
187 2324.93 
188 2345.05 
189 2262.08 
190 2442.89 
191 2301.98 
192 2357.28 
193 2312.97 
194 2345.34 
195 2261.18 
196 2329.03 
197 2364.73 
198 2377.78 
199 2369.58 
200 2349.58 
201 2359.85 
202 2414.98 
203 2402.03 
204 2308.19 
205 2308.92 
206 2395.23 
207 2304.43 
208 2326.29 
209 2276.69 
210 2302.42 
211 2295.84 
212 2301.15 
213 2335.80 
214 2376.28 
215 2328.49 
216 2278.64 
217 2278.64 
218 2328.18 
219 2246.75 
220 2312.17 
221 2325.33 
222 2355.86 
223 2308.22 
224 2259.60 
225 2324.96 
226 2258.55 
227 2368.42 
228 2438.21 
229 2389.78 
230 2358.84 
231 2316.70 
232 2375.70 
233 2367.54 
234 2308.94 
235 2364.17 
236 2367.85 
237 2377.46 
238 2375.70 
239 2262.58 
240 2376.74 
241 2291.57 
242 2377.86 
243 2315.69 
244 2325.22 
245 2299.21 
246 2348.22 
247 2337.41 
248 2363.49 
249 2418.60 
250 2315.79 
251 2263.54 
252 2319.19 
253 2294.43 
254 2403.68 
255 2349.05 
256 2291.62 
257 2280.00 
258 2407.32 
259 2387.55 
260 2378.47 
261 2325.90 
262 2298.68 
263 2297.24 
264 2296.04 
265 2363.76 
266 2254.04 
267 2448.60 
268 2342.90 
269 2305.98 
270 2318.58 
271 2401.09 
272 2326.73 
273 2362.71 
274 2447.04 
275 2355.36 
276 2381.40 
277 2336.05 
278 2383.87 
279 644.07 
280 2369.37 
281 2364.13 
282 2397.23 
283 2383.61 
284 2316.20 
285 2355.43 
286 2312.81 
287 2339.55 
288 2354.19 
289 2387.02 
290 2364.92 
291 2305.93 
292 2366.01 
293 2366.96 
294 2327.31 
295 2395.95 
296 2313.28 
297 1836.57 
298 2339.13 
299 2392.13 
300 2367.04 
301 2406.35 
302 2379.09 
303 2357.25 
304 2379.54 
305 2394.54 
306 2349.92 
307 2347.44 
308 2343.36 
309 2288.94 
310 2347.00 
311 2343.47 
312 2336.20 
313 2375.00 
314 2381.23 
315 2336.05 
316 2351.39 
317 2365.36 
318 2388.01 
319 2396.86 
320 2300.45 
321 2482.18 
322 2387.07 
323 2389.09 
324 2286.15 
325 2296.72 
326 2372.88 
327 2387.29 
328 2390.14 
329 2389.18 
330 2376.26 
331 2422.29 
332 2398.47 
333 2408.43 
334 2376.34 
335 2245.41 
336 2487.54 
337 2397.50 
338 2338.95 
339 2353.45 
340 2372.13 
341 2476.03 
342 2476.69 
343 2326.00 
344 2377.26 
345 2511.36 
346 2491.67 
347 2583.30 
348 2548.09 
349 2567.36 
350 2550.70 
351 2596.75 
352 2637.98 
353 2641.93 
354 2794.27 
355 2764.59 
356 2729.42 
357 2710.87 
358 2822.68 
359 2722.42 
360 3044.81 
361 2939.10 
362 2796.54 
363 2779.41 
364 2826.15 
365 2850.67 
366 2866.64 
367 2782.51 
368 2887.62 
369 2935.32 
370 2814.13 
371 3007.77 
372 3046.66 
373 2994.64 
374 2970.17 
375 3019.54 
376 2891.77 
377 3032.74 
378 2863.64 
379 2997.81 
380 2936.51 
381 2857.22 
382 2982.97 
383 2876.49 
384 2999.92 
385 3000.17 
386 3052.26 
387 2922.24 
388 2881.14 
389 2940.00 
390 2878.09 
391 3031.63 
392 2969.52 
393 2921.87 
394 3009.54 
395 3034.25 
396 1071.09 
397 3141.65 
398 3135.52 
399 3032.11 
400 3089.23 
401 3070.43 
402 3102.80 
403 3036.26 
404 3044.83 
405 3087.48 
406 2931.80 
407 2932.86 
408 3023.92 
409 3008.89 
410 2850.00 
411 3121.25 
412 3047.18 
413 2803.71 
414 3050.05 
415 2892.36 
416 2929.46 
417 2999.80 
418 2943.12 
419 2890.08 
420 3129.59 
421 2967.58 
422 3061.39 
423 3088.68 
424 3202.89 
425 3085.43 
426 3114.07 
427 2976.41 
428 3116.07 
429 3025.43 
430 3090.78 
431 3058.95 
432 3137.65 
433 3100.17 
434 3104.21 
435 3015.92 
436 3114.70 
437 3024.93 
438 3152.83 
439 3072.75 
440 3082.80 
441 3092.74 
442 3078.99 
443 3040.75 
444 3157.65 
445 2925.97 
446 187.98 
447 3119.17 
448 3062.08 
449 3124.22 
450 963.56 
451 3072.81 
452 3230.10 
453 3050.15 
454 3064.53 
455 3082.76 
456 1552.58 
457 3244.90 
458 3060.76 
459 2990.18 
460 2863.31 
461 435.42 
462 3186.03 
463 3032.83 
464 2978.49 
465 3021.19 
466 3085.09 
467 2995.68 
468 721.18 
469 3062.50 
470 2996.25 
471 3081.43 
472 3204.68 
473 3221.84 
474 2955.78 
475 3122.61 
476 3021.55 
477 3193.40 
478 3181.88 
479 3217.38 
480 3099.62 
481 3191.95 
482 3115.99 
483 3128.87 
484 3241.97 
485 3165.03 
486 3206.16 
487 3019.41 
488 3275.22 
489 3115.90 
490 3257.58 
491 3089.88 
492 3093.54 
493 3252.21 
494 3036.33 
495 3017.12 
496 3235.81 
497 3169.73 
498 3192.25 
499 3264.84 
500 3104.49 
501 2410.34 
502 3073.32 
503 3149.55 
504 3225.35 
505 3101.75 
506 3090.03 
507 3126.34 
508 3295.84 
509 3091.47 
510 3125.47 
511 3135.15 
512 2208.55 
513 3032.86 
514 3069.71 
515 3107.25 
516 3130.30 
517 3147.75 
518 3110.23 
519 3103.73 
520 3068.69 
521 3101.85 
522 2900.55 
523 2974.18 
524 3145.59 
525 3188.41 
526 3106.70 
527 2991.93 
528 3228.50 
529 3192.99 
530 3254.00 
531 3175.98 
532 3220.33 
533 3114.64 
534 3046.67 
535 3202.73 
536 3155.95 
537 3207.82 
538 3008.37 
539 3184.84 
540 3140.44 
541 3019.41 
542 3166.08 
543 3068.60 
544 3142.73 
545 3237.81 
546 3043.70 
547 3189.15 
548 3095.66 
549 2969.90 
550 3219.77 
551 3149.81 
552 3146.47 
553 3137.83 
554 3071.61 
555 3210.11 
556 3072.59 
557 3158.46 
558 3132.31 
559 3265.61 
560 3306.61 
561 3231.02 
562 3163.71 
563 3170.40 
564 3234.67 
565 3222.88 
566 3079.38 
567 3335.42 
568 3118.51 
569 3235.08 
570 3074.89 
571 3259.69 
572 3256.47 
573 3073.05 
574 3152.14 
575 2520.14 
576 3242.06 
577 3328.42 
578 3212.25 
579 3265.06 
580 3170.51 
581 3174.36 
582 3189.38 
583 2361.33 
584 3213.75 
585 3055.72 
586 3277.13 
587 3219.65 
588 3254.43 
589 3199.20 
590 3140.55 
591 3213.87 
592 3259.57 
593 3091.95 
594 3082.63 
595 1004.30 
596 3268.72 
597 3269.64 
598 3187.75 
599 3212.30 
600 3082.08 
601 3199.72 
602 3171.35 
603 3001.50 
604 3335.87 
605 3270.32 
606 3097.90 
607 2981.60 
608 3143.41 
609 3085.00 
610 3189.11 
611 3153.17 
612 3144.88 
613 3138.25 
614 3066.28 
615 3296.96 
616 3244.13 
617 3211.72 
618 3240.24 
619 3089.14 
620 2453.43 
621 3248.87 
622 3276.33 
623 3348.28 
624 3204.68 
625 3266.48 
626 3218.39 
627 3293.45 
628 3235.05 
629 3158.38 
630 3271.42 
631 2197.23 
632 3171.58 
633 3190.27 
634 3273.52 
635 3204.46 
636 3208.65 
637 3020.24 
638 1965.10 
639 3153.50 
640 3243.47 
641 3208.14 
642 3223.53 
643 3304.31 
644 3247.26 
645 2148.61 
646 3263.22 
647 3298.55 
648 3254.71 
649 3166.46 
650 3208.94 
651 3270.78 
652 3053.91 
653 3235.84 
654 3212.87 
655 3303.50 
656 3067.71 
657 3140.17 
658 3283.80 
659 1667.86 
660 3103.54 
661 3341.53 
662 3358.25 
663 3210.26 
664 3227.58 
665 3198.90 
666 3169.08 
667 3165.06 
668 3199.97 
669 812.64 
670 3160.92 
671 3208.86 
672 3164.25 
673 3195.90 
674 3400.28 
675 3385.67 
676 3216.58 
677 3167.48 
678 3088.23 
679 3098.90 
680 3217.66 
681 3232.10 
682 3272.96 
683 3269.37 
684 3202.04 
685 3257.68 
686 3021.98 
687 3259.75 
688 3134.51 
689 3097.92 
690 3358.55 
691 3172.20 
692 3133.94 
693 3167.04 
694 722.11 
695 3294.98 
696 3162.11 
697 3273.58 
698 3313.43 
699 3183.47 
700 3031.06 
701 3270.31 
702 3042.10 
703 3234.00 
704 3195.40 
705 3160.20 
706 3188.22 
707 3265.92 
708 3246.04 
709 3247.87 
710 3192.80 
711 3116.72 
712 3201.30 
713 3144.86 
714 3245.13 
715 3308.01 
716 3121.37 
717 3213.38 
718 3236.17 
719 3236.21 
720 3242.29 
721 3134.26 
722 3316.20 
723 3056.00 
724 3215.25 
725 3209.97 
726 3188.00 
727 3113.97 
728 3103.48 
729 3044.98 
730 3187.88 
731 3224.78 
732 3085.45 
733 3162.16 
734 3263.31 
735 3311.22 
736 3149.81 
737 3172.62 
738 3137.26 
739 3211.04 
740 3113.20 
741 3239.64 
742 932.10 
743 3170.76 
744 3216.10 
745 3193.16 
746 3259.27 
747 3235.20 
748 3285.49 
749 3102.24 
750 3212.09 
751 3388.12 
752 3256.62 
753 3160.48 
754 1158.69 
755 3150.33 
756 2814.23 
757 3207.67 
758 3184.82 
759 3237.93 
760 3175.73 
761 3222.94 
762 3250.43 
763 3272.98 
764 3305.03 
765 3208.89 
766 3220.36 
767 3196.05 
768 3077.58 
769 3216.27 
770 3205.00 
771 3128.24 
772 3194.97 
773 3196.34 
774 3238.30 
775 -36.11 
776 3159.98 
777 3185.05 
778 3045.25 
779 3311.12 
780 3320.65 
781 3177.69 
782 3236.80 
783 2774.40 
784 3360.27 
785 3017.05 
786 3270.85 
787 3329.66 
788 3250.24 
789 3167.59 
790 3064.11 
791 3044.14 
792 3162.25 
793 3157.03 
794 3361.10 
795 3227.65 
796 3253.62 
797 3360.13 
798 3198.74 
799 3227.30 
800 3118.16 
801 3151.41 
802 3331.91 
803 3137.33 
804 3117.08 
805 3246.94 
806 3146.54 
807 3201.72 
808 3313.11 
809 3229.75 
810 3298.78 
811 3004.15 
812 3281.41 
813 3247.63 
814 3291.62 
815 3066.47 
816 3098.88 
817 3099.68 
818 3161.92 
819 3258.56 
820 3234.88 
821 3216.78 
822 3242.91 
823 3122.08 
824 3219.01 
825 2931.24 
826 3280.25 
827 3200.21 
828 3036.38 
829 3016.18 
830 3046.13 
831 3155.14 
832 3189.84 
833 3290.88 
834 3245.89 
835 3287.75 
836 946.24 
837 3165.75 
838 3202.53 
839 3294.30 
840 3256.85 
841 3201.34 
842 3288.67 
843 3185.91 
844 3286.80 
845 3196.45 
846 3174.19 
847 3181.47 
848 3195.78 
849 3226.63 
850 847.25 
851 3222.70 
852 3167.37 
853 3382.68 
854 3211.83 
855 3200.73 
856 3147.13 
857 3241.68 
858 2820.40 
859 3169.27 
860 3288.37 
861 3269.54 
862 3192.72 
863 3323.41 
864 3186.30 
865 3125.32 
866 3337.14 
867 1635.88 
868 3166.24 
869 3247.00 
870 3182.85 
871 3182.11 
872 3243.50 
873 3039.53 
874 3290.21 
875 3114.83 
876 3256.66 
877 3347.73 
878 3269.69 
879 3267.41 
880 3242.17 
881 3270.07 
882 3245.94 
883 3089.42 
884 3123.74 
885 3288.43 
886 3140.84 
887 3146.73 
888 3182.90 
889 3358.41 
890 3284.19 
891 3142.14 
892 3289.16 
893 3140.03 
894 3321.51 
895 3160.71 
896 3276.66 
897 3209.79 
898 3379.16 
899 2969.75 
900 3230.70 
901 3309.11 
902 2986.36 
903 3237.46 
904 3314.34 
905 3368.02 
906 3262.01 
907 3200.10 
908 2569.27 
909 3216.17 
910 3285.33 
911 3278.22 
912 3322.90 
913 49.82 
914 3175.40 
915 3280.16 
916 3348.14 
917 3115.85 
918 3155.92 
919 3236.81 
920 3298.45 
921 3162.45 
922 3315.12 
923 3241.02 
924 3118.79 
925 3225.23 
926 3273.65 
927 3157.47 
928 3099.14 
929 3217.15 
930 3260.18 
931 3320.60 
932 3328.36 
933 3302.93 
934 3304.80 
935 3264.69 
936 3195.53 
937 3193.25 
938 3128.17 
939 3185.79 
940 3158.41 
941 3185.74 
942 3329.13 
943 3198.96 
944 3268.29 
945 3307.95 
946 3116.79 
947 3161.51 
948 3203.44 
949 3362.02 
950 3280.30 
951 3285.77 
952 3261.57 
953 3195.67 
954 3237.34 
955 3241.07 
956 3225.81 
957 3229.52 
958 3245.66 
959 855.10 
960 3311.36 
961 3315.69 
962 3259.50 
963 3095.41 
964 3095.27 
965 3360.75 
966 3138.93 
967 3165.72 
968 3109.81 
969 2909.66 
970 3166.24 
971 3203.89 
972 3251.89 
973 3226.06 
974 3233.56 
975 2036.26 
976 3263.40 
977 84.30 
978 3214.42 
979 3164.59 
980 2895.50 
981 3317.72 
982 3119.97 
983 3019.68 
984 3260.08 
985 3073.51 
986 3263.57 
987 3136.97 
988 3290.98 
989 3227.97 
990 3153.81 
991 3169.06 
992 3245.69 
993 3076.30 
994 2947.15 
995 3258.82 
996 3329.66 
997 3303.81 
998 3270.93 
999 3240.07 
1000 3250.43 
1001 3283.36 
1002 3274.43 
1003 3120.11 
1004 3191.64 
1005 3150.27 
1006 3270.91 
1007 3118.62 
1008 3313.62 
1009 3288.80 
1010 3244.72 
1011 3233.48 
1012 3252.31 
1013 3241.82 
1014 3218.72 
1015 3214.76 
1016 3194.28 
1017 3282.74 
1018 3203.83 
1019 3273.71 
1020 3085.44 
1021 3250.88 
1022 3225.17 
1023 3399.50 
1024 2808.99 
1025 3303.01 
1026 3277.58 
1027 3362.84 
1028 3309.34 
1029 3157.96 
1030 3279.12 
1031 3115.35 
1032 3188.82 
1033 3159.58 
1034 3028.01 
1035 3151.92 
1036 3249.75 
1037 3245.80 
1038 3168.26 
1039 3273.32 
1040 3314.90 
1041 3209.94 
1042 3262.79 
1043 3160.06 
1044 3151.29 
1045 3230.36 
1046 3308.66 
1047 3168.31 
1048 3219.04 
1049 3360.84 
1050 3224.85 
1051 3237.02 
1052 3251.63 
1053 3364.45 
1054 3107.30 
1055 3208.29 
1056 3017.58 
1057 3145.88 
1058 3198.01 
1059 3220.86 
1060 3248.12 
1061 3199.67 
1062 3219.15 
1063 3239.54 
1064 3194.74 
1065 2390.90 
1066 3324.72 
1067 3129.86 
1068 3321.20 
1069 3261.27 
1070 3218.83 
1071 3275.49 
1072 3293.76 
1073 3128.16 
1074 3160.76 
1075 3233.63 
1076 3215.10 
1077 3216.38 
1078 3380.77 
1079 3091.48 
1080 3157.02 
1081 3225.23 
1082 3274.53 
1083 3273.68 
1084 3229.42 
1085 3279.57 
1086 3119.20 
1087 3205.42 
1088 3309.56 
1089 3165.02 
1090 3261.14 
1091 3125.58 
1092 3068.61 
1093 3140.21 
1094 3117.75 
1095 3206.15 
1096 3218.94 
1097 3239.44 
1098 3238.70 
1099 3348.90 
1100 3206.78 
1101 3219.15 
1102 3341.09 
1103 3218.85 
1104 3170.96 
1105 3254.53 
1106 3142.24 
1107 3133.23 
1108 3300.67 
1109 3298.32 
1110 3170.21 
1111 3342.16 
1112 3277.18 
1113 3286.07 
1114 3388.10 
1115 3240.53 
1116 2281.14 
1117 3153.36 
1118 3305.52 
1119 3282.33 
1120 3223.39 
1121 3218.72 
1122 3251.35 
1123 3357.39 
1124 3150.02 
1125 3306.98 
1126 3229.81 
1127 3121.94 
1128 3278.72 
1129 3275.06 
1130 2360.26 
1131 3298.10 
1132 3286.86 
1133 3080.89 
1134 3222.13 
1135 3199.72 
1136 3196.22 
1137 3113.55 
1138 3204.61 
1139 3140.35 
1140 3236.60 
1141 3187.23 
1142 3299.29 
1143 3278.63 
1144 3219.23 
1145 3349.08 
1146 3280.36 
1147 3088.40 
1148 3324.86 
1149 3232.51 
1150 3252.14 
1151 3186.82 
1152 3103.81 
1153 3164.82 
1154 3282.12 
1155 3251.78 
1156 3352.05 
1157 3126.25 
1158 3373.83 
1159 3133.89 
1160 3238.57 
1161 3239.82 
1162 3313.58 
1163 3258.18 
1164 3368.55 
1165 3102.16 
1166 3325.10 
1167 3258.67 
1168 3348.60 
1169 3130.66 
1170 3295.14 
1171 3183.45 
1172 3244.10 
1173 3163.94 
1174 3252.78 
1175 3261.06 
1176 3206.71 
1177 3280.82 
1178 3332.10 
1179 3228.36 
1180 3253.83 
1181 3209.06 
1182 3077.74 
1183 3132.03 
1184 3275.64 
1185 3268.40 
1186 3238.73 
1187 3235.50 
1188 3251.61 
1189 3248.83 
1190 1883.49 
1191 3266.74 
1192 3322.13 
1193 3197.33 
1194 3198.05 
1195 3250.32 
1196 3256.66 
1197 3196.49 
1198 3346.29 
1199 3362.76 
1200 3262.29 
1201 3255.80 
1202 3344.30 
1203 3302.72 
1204 3160.10 
1205 3221.20 
1206 3474.12 
1207 3124.63 
1208 3331.67 
1209 3214.99 
1210 3107.26 
1211 3293.36 
1212 3051.24 
1213 3347.43 
1214 3377.97 
1215 3249.07 
1216 3216.49 
1217 3169.87 
1218 3358.43 
1219 3276.79 
1220 3203.45 
1221 3224.67 
1222 3227.35 
1223 3291.61 
1224 3247.39 
1225 3107.77 
1226 3206.29 
1227 3317.60 
1228 3151.82 
1229 315.94 
1230 3270.32 
1231 3251.40 
1232 3327.01 
1233 3158.21 
1234 3270.63 
1235 3287.63 
1236 406.28 
1237 3258.19 
1238 3190.82 
1239 3214.22 
1240 3472.35 
1241 3282.72 
1242 3203.31 
1243 3225.22 
1244 3249.55 
1245 3209.24 
1246 3106.50 
1247 3219.91 
1248 3203.32 
1249 3220.14 
1250 3221.89 
1251 3222.53 
1252 3266.84 
1253 3429.17 
1254 3352.20 
1255 3353.30 
1256 3169.20 
1257 3157.94 
1258 3225.02 
1259 3211.95 
1260 3273.88 
1261 3260.02 
1262 3440.19 
1263 3287.09 
1264 3240.83 
1265 3180.36 
1266 3243.91 
1267 3355.15 
1268 3213.40 
1269 3314.22 
1270 3336.84 
1271 3035.19 
1272 3185.25 
1273 3337.22 
1274 3194.74 
1275 3204.94 
1276 3345.00 
1277 3264.45 
1278 3181.28 
1279 3181.13 
1280 3262.91 
1281 3160.05 
1282 3142.18 
1283 3284.43 
1284 3215.72 
1285 3260.81 
1286 3337.30 
1287 949.56 
1288 3241.11 
1289 3261.83 
1290 3315.63 
1291 3390.31 
1292 3242.67 
1293 3173.66 
1294 3212.54 
1295 3295.30 
1296 3248.14 
1297 1836.56 
1298 3349.18 
1299 3369.80 
1300 3287.16 
1301 3310.38 
1302 3368.76 
1303 1717.76 
1304 3293.29 
1305 3220.52 
1306 3251.35 
1307 3170.71 
1308 3061.17 
1309 3052.13 
1310 3127.10 
1311 3135.69 
1312 3118.78 
1313 3101.11 
1314 3303.71 
1315 3299.86 
1316 3154.33 
1317 3155.65 
1318 3382.38 
1319 3200.23 
1320 3256.23 
1321 3209.26 
1322 3287.09 
1323 3416.52 
1324 3346.30 
1325 3275.07 
1326 3176.77 
1327 3317.08 
1328 3239.19 
1329 3375.06 
1330 3213.37 
1331 3321.66 
1332 3381.98 
1333 3212.62 
1334 3288.22 
1335 3223.41 
1336 3287.22 
1337 745.81 
1338 3269.98 
1339 3280.21 
1340 3289.72 
1341 3166.76 
1342 3243.66 
1343 3361.94 
1344 3203.81 
1345 3288.65 
1346 3195.38 
1347 3262.36 
1348 3395.33 
1349 3341.84 
1350 3238.90 
1351 3361.20 
1352 3393.18 
1353 3356.87 
1354 3347.96 
1355 3269.19 
1356 3372.88 
1357 3138.12 
1358 3315.36 
1359 3314.50 
1360 3087.95 
1361 3143.41 
1362 3352.04 
1363 3206.16 
1364 3362.55 
1365 3218.04 
1366 3172.95 
1367 3192.41 
1368 3171.24 
1369 3198.80 
1370 3351.88 
1371 3198.44 
1372 3190.39 
1373 3210.76 
1374 3235.25 
1375 3253.44 
1376 3374.43 
1377 3263.47 
1378 3313.46 
1379 3271.40 
1380 3211.14 
1381 3086.74 
1382 3085.28 
1383 3197.35 
1384 3274.96 
1385 3208.40 
1386 3252.80 
1387 3197.79 
1388 3256.42 
1389 3354.00 
1390 3346.67 
1391 3258.49 
1392 3209.42 
1393 3274.80 
1394 3212.50 
1395 3144.40 
1396 3162.30 
1397 3437.35 
1398 3329.51 
1399 3325.39 
1400 3263.36 
0 3284.55 
1 3298.24 
2 3276.37 
3 3347.33 
4 3170.53 
5 3209.49 
6 3288.66 
7 3355.52 
8 3331.06 
9 3240.86 
10 3264.45 
11 854.38 
12 3302.72 
13 3207.16 
14 3262.18 
15 3248.58 
16 3219.84 
17 3182.86 
18 3177.48 
19 3165.55 
20 3134.33 
21 3341.50 
22 3309.83 
23 3201.91 
24 3289.25 
25 3290.56 
26 3223.08 
27 3233.47 
28 3186.51 
29 3285.92 
30 3197.28 
31 3233.22 
32 3324.73 
33 3225.74 
34 3181.72 
35 3323.58 
36 3362.94 
37 3317.21 
38 3267.15 
39 3373.66 
40 3285.90 
41 3289.61 
42 3247.27 
43 3397.01 
44 3215.74 
45 3230.78 
46 3162.89 
47 3362.82 
48 3186.98 
49 3099.04 
50 3315.64 
51 3257.75 
52 3316.97 
53 3169.09 
54 3222.50 
55 3204.92 
56 3249.71 
57 3356.04 
58 3290.16 
59 3169.10 
60 2988.77 
61 3366.82 
62 3311.00 
63 3239.25 
64 3215.16 
65 3355.66 
66 3241.18 
67 3143.99 
68 3253.03 
69 3161.05 
70 3323.64 
71 3383.15 
72 3225.67 
73 3147.66 
74 3250.46 
75 3150.95 
76 676.81 
77 3371.85 
78 3197.65 
79 3220.37 
80 3271.80 
81 3434.01 
82 3287.72 
83 3119.84 
84 3306.69 
85 3188.63 
86 3263.39 
87 3188.13 
88 3180.08 
89 3222.18 
90 3240.36 
91 3239.69 
92 3252.09 
93 3252.89 
94 3117.08 
95 3274.21 
96 3368.21 
97 3193.18 
98 3155.56 
99 3327.85 
100 3296.96 
101 3302.99 
102 3249.96 
103 3257.33 
104 3372.13 
105 3345.24 
106 3286.81 
107 3395.71 
108 3382.61 
109 3324.20 
110 3171.55 
111 3278.85 
112 3262.88 
113 3160.23 
114 3338.63 
115 3320.25 
116 3241.77 
117 3190.90 
118 3283.07 
119 3236.83 
120 3140.71 
121 3252.82 
122 3244.60 
123 3289.14 
124 3306.60 
125 3314.04 
126 3184.50 
127 3267.24 
128 3347.08 
129 2768.52 
130 3280.34 
131 3290.97 
132 3250.83 
133 3275.46 
134 3284.23 
135 3384.65 
136 3311.98 
137 3258.95 
138 3236.30 
139 3350.45 
140 3215.01 
141 3232.85 
142 3148.15 
143 3275.68 
144 3402.46 
145 3330.13 
146 3380.94 
147 3194.02 
148 3314.94 
149 3311.71 
150 3232.92 
151 3294.29 
152 3235.59 
153 3256.08 
154 3225.13 
155 3257.93 
156 3162.17 
157 3344.31 
158 3366.94 
159 3261.60 
160 3272.08 
161 3106.81 
162 3280.49 
163 3306.73 
164 3244.45 
165 3253.03 
166 3360.67 
167 3286.28 
168 3272.80 
169 3391.48 
170 1226.36 
171 3081.26 
172 3210.98 
173 3185.33 
174 3343.13 
175 3319.63 
176 3186.74 
177 3195.29 
178 3182.51 
179 3066.00 
180 3224.86 
181 3231.73 
182 3240.94 
183 3308.79 
184 3356.72 
185 3410.70 
186 3300.20 
187 3131.14 
188 3298.08 
189 3304.61 
190 3241.59 
191 3210.19 
192 3209.31 
193 3159.36 
194 3215.55 
195 3258.69 
196 3231.29 
197 3327.54 
198 3275.12 
199 3203.89 
200 3392.21 
201 3225.96 
202 3240.00 
203 3352.61 
204 3271.22 
205 3303.08 
206 3276.47 
207 3144.35 
208 3309.65 
209 3320.45 
210 3398.82 
211 3268.07 
212 3307.07 
213 3309.52 
214 3209.63 
215 3122.86 
216 3327.81 
217 3251.92 
218 464.51 
219 3263.90 
220 3271.94 
221 3173.78 
222 3359.65 
223 3431.12 
224 2053.27 
225 3206.31 
226 3274.07 
227 3404.98 
228 3391.76 
229 3266.39 
230 3304.41 
231 3246.26 
232 3407.24 
233 3321.28 
234 3310.55 
235 3306.30 
236 3283.19 
237 3379.11 
238 3316.46 
239 3293.41 
240 3432.13 
241 3317.09 
242 3400.38 
243 3300.15 
244 3351.58 
245 3140.93 
246 3282.36 
247 3337.07 
248 3377.10 
249 3347.41 
250 3397.24 
251 3304.90 
252 3183.42 
253 3331.74 
254 3333.59 
255 3448.62 
256 3226.77 
257 3275.87 
258 3371.44 
259 3289.90 
260 3281.54 
261 124.47 
262 3361.32 
263 3309.03 
264 3285.95 
265 3219.04 
266 3421.73 
267 3246.53 
268 3265.55 
269 3125.06 
270 3279.94 
271 3359.10 
272 3294.86 
273 3340.41 
274 3306.41 
275 3342.36 
276 3186.97 
277 3378.24 
278 3350.30 
279 3265.20 
280 3261.71 
281 3270.31 
282 3255.99 
283 3297.96 
284 3390.54 
285 3334.78 
286 3350.03 
287 3228.02 
288 3196.27 
289 3190.07 
290 3368.49 
291 3310.95 
292 3311.15 
293 3247.91 
294 3041.42 
295 3301.39 
296 3203.78 
297 3276.43 
298 3214.19 
299 3191.95 
300 3375.94 
301 3301.50 
302 3369.78 
303 3354.36 
304 3207.79 
305 3275.42 
306 3119.10 
307 3322.77 
308 3374.01 
309 3234.38 
310 3205.71 
311 3222.35 
312 3202.13 
313 3322.37 
314 3273.63 
315 3335.51 
316 2881.31 
317 3261.89 
318 3252.79 
319 3280.99 
320 3292.27 
321 3442.36 
322 3440.28 
323 3359.10 
324 3224.34 
325 3175.72 
326 3303.49 
327 3363.36 
328 3311.17 
329 3345.05 
330 3354.06 
331 3387.14 
332 3282.64 
333 3252.47 
334 3199.64 
335 3240.01 
336 3325.99 
337 3255.60 
338 3127.44 
339 3297.28 
340 3268.64 
341 2343.73 
342 3286.38 
343 3194.37 
344 3238.11 
345 3278.92 
346 3196.14 
347 2549.86 
348 3276.83 
349 3264.94 
350 3271.95 
351 3356.48 
352 3284.28 
353 3257.44 
354 3170.64 
355 3347.33 
356 3331.35 
357 3219.52 
358 3204.91 
359 3236.48 
360 3197.78 
361 3366.62 
362 3316.02 
363 3335.77 
364 3277.48 
365 3196.10 
366 3232.85 
367 3269.08 
368 3315.29 
369 3315.55 
370 3213.53 
371 3202.54 
372 3133.45 
373 3293.05 
374 3229.36 
375 3344.31 
376 3270.11 
377 3327.72 
378 3305.46 
379 3263.89 
380 3284.72 
381 3309.54 
382 3201.64 
383 3357.81 
384 3320.94 
385 3318.94 
386 3168.06 
387 3287.73 
388 3228.68 
389 3197.16 
390 3387.08 
391 3337.16 
392 3237.38 
393 3245.49 
394 3273.77 
395 3242.03 
396 3338.80 
397 3327.79 
398 3327.83 
399 3298.24 
400 3351.98 
401 3277.98 
402 3291.47 
403 3279.96 
404 3387.40 
405 3388.09 
406 3321.45 
407 3184.64 
408 3215.08 
409 3323.96 
410 3154.92 
411 3293.71 
412 3438.12 
413 3227.81 
414 3309.94 
415 3332.55 
416 3264.85 
417 3230.80 
418 3246.96 
419 3197.48 
420 3142.87 
421 3326.38 
422 3343.24 
423 3351.10 
424 3395.21 
425 3269.21 
426 3265.35 
427 3318.08 
428 3285.69 
429 3341.74 
430 3372.29 
431 3166.43 
432 3246.22 
433 3401.59 
434 1300.38 
435 3241.84 
436 3332.91 
437 3337.70 
438 3211.82 
439 3102.60 
440 3404.49 
441 3150.16 
442 3411.91 
443 3376.71 
444 846.35 
445 3240.84 
446 3285.91 
447 3310.39 
448 3229.40 
449 3389.99 
450 3356.16 
451 3290.31 
452 3231.20 
453 3339.99 
454 3223.83 
455 3159.65 
456 3368.88 
457 3309.47 
458 3405.60 
459 3227.73 
460 3314.87 
461 3237.10 
462 3381.18 
463 3271.50 
464 3150.01 
465 3237.62 
466 3083.18 
467 3307.36 
468 1606.16 
469 3417.16 
470 3139.16 
471 3241.47 
472 3212.04 
473 3352.34 
474 3285.61 
475 2491.03 
476 96.82 
477 3176.42 
478 3396.41 
479 3310.88 
480 3378.89 
481 3408.24 
482 969.86 
483 3298.18 
484 3335.11 
485 3172.29 
486 3194.64 
487 3277.84 
488 3372.61 
489 3351.92 
490 3398.37 
491 1453.19 
492 3165.01 
493 3359.85 
494 3223.89 
495 3310.42 
496 3298.22 
497 3143.05 
498 3310.50 
499 3427.60 
500 3243.21 
501 3310.40 
502 3303.90 
503 3357.47 
504 3418.86 
505 3079.33 
506 3235.35 
507 1694.98 
508 3205.25 
509 3296.06 
510 3234.26 
511 3286.39 
512 3348.98 
513 3345.52 
514 3317.41 
515 3326.07 
516 800.22 
517 3116.20 
518 3158.36 
519 3153.49 
520 3271.30 
521 3333.95 
522 3178.31 
523 3288.18 
524 3302.21 
525 3243.83 
526 3322.77 
527 3209.77 
528 3318.95 
529 2664.70 
530 3305.03 
531 3246.80 
532 3333.24 
533 1171.81 
534 3348.98 
535 3319.25 
536 3262.63 
537 3305.89 
538 3263.92 
539 3367.54 
540 3397.83 
541 3289.00 
542 3214.24 
543 3384.32 
544 3210.44 
545 3305.40 
546 3313.12 
547 3259.74 
548 3191.10 
549 3269.01 
550 3266.69 
551 3301.87 
552 3282.66 
553 3265.28 
554 3283.58 
555 3304.45 
556 3446.50 
557 3337.29 
558 3245.64 
559 3158.13 
560 3289.19 
561 3227.59 
562 3279.66 
563 3295.75 
564 3338.06 
565 3349.56 
566 3337.85 
567 3368.31 
568 1514.26 
569 3235.90 
570 3334.37 
571 3423.52 
572 3230.09 
573 3274.42 
574 3109.50 
575 3361.88 
576 3372.01 
577 3366.55 
578 3384.06 
579 3322.56 
580 3326.10 
581 3270.10 
582 3161.93 
583 3254.83 
584 3282.80 
585 3309.93 
586 3346.17 
587 3208.88 
588 3366.22 
589 3250.03 
590 3315.49 
591 3352.01 
592 3376.56 
593 3285.27 
594 3277.29 
595 980.21 
596 3226.44 
597 3302.53 
598 3249.43 
599 3344.47 
600 3270.30 
601 3303.97 
602 3378.71 
603 3344.63 
604 3377.22 
605 3256.57 
606 3334.70 
607 3272.11 
608 3198.05 
609 3222.89 
610 3278.76 
611 3242.08 
612 3291.39 
613 3337.27 
614 3293.56 
615 3224.77 
616 3335.60 
617 3335.91 
618 3287.74 
619 3234.87 
620 3233.06 
621 3272.69 
622 3308.89 
623 3373.23 
624 3305.96 
625 3284.74 
626 3118.55 
627 3220.11 
628 3197.40 
629 3289.10 
630 3237.90 
631 3297.42 
632 3378.94 
633 3134.03 
634 3289.95 
635 3118.04 
636 2585.58 
637 3298.30 
638 3396.75 
639 3309.58 
640 3294.84 
641 3251.10 
642 3203.38 
643 3486.72 
644 3390.39 
645 3324.20 
646 3313.95 
647 3430.21 
648 3229.52 
649 3206.17 
650 3265.61 
651 3294.61 
652 3301.75 
653 3420.53 
654 3395.81 
655 3268.73 
656 3241.33 
657 3223.81 
658 3331.76 
659 3360.71 
660 3245.34 
661 3219.09 
662 3432.01 
663 3348.45 
664 3365.15 
665 3205.32 
666 3242.03 
667 3293.52 
668 3306.28 
669 3367.51 
670 3367.55 
671 3354.67 
672 3285.36 
673 3277.06 
674 3298.26 
675 3288.23 
676 3369.11 
677 3334.74 
678 3347.55 
679 3338.70 
680 3199.81 
681 3247.30 
682 3332.39 
683 3374.80 
684 3277.37 
685 3070.02 
686 3261.98 
687 3324.24 
688 3227.63 
689 3429.69 
690 3278.88 
691 3161.73 
692 3418.46 
693 3232.92 
694 3380.84 
695 1536.05 
696 3174.53 
697 1472.03 
698 3363.64 
699 3268.93 
700 3314.77 
701 3248.99 
702 3298.01 
703 3096.70 
704 3254.97 
705 3361.68 
706 3414.57 
707 3227.17 
708 3205.47 
709 3335.89 
710 3332.04 
711 3264.36 
712 3358.21 
713 3294.47 
714 3354.83 
715 3365.18 
716 3287.97 
717 3251.03 
718 3095.79 
719 3417.84 
720 3249.94 
721 3242.17 
722 3349.25 
723 3240.97 
724 3296.64 
725 3392.10 
726 3326.78 
727 3275.36 
728 3304.11 
729 3273.03 
730 3303.81 
731 3217.76 
732 3208.08 
733 3287.36 
734 3344.96 
735 3329.69 
736 3341.21 
737 3372.68 
738 3266.74 
739 3075.53 
740 3239.27 
741 3159.38 
742 3268.06 
743 3293.52 
744 3314.55 
745 3189.36 
746 3194.60 
747 3403.67 
748 3283.45 
749 3326.31 
750 3362.02 
751 3300.74 
752 3359.87 
753 729.07 
754 3406.66 
755 3289.17 
756 3323.64 
757 3248.73 
758 3238.30 
759 3376.22 
760 3192.56 
761 3210.14 
762 3251.32 
763 3183.25 
764 3249.77 
765 3225.67 
766 3077.27 
767 3346.26 
768 3257.59 
769 2238.98 
770 3164.54 
771 3212.60 
772 1111.19 
773 3307.48 
774 3296.52 
775 3381.06 
776 3241.78 
777 3289.12 
778 3353.11 
779 3244.94 
780 431.79 
781 3226.69 
782 3250.70 
783 3312.00 
784 3238.54 
785 3186.43 
786 3326.96 
787 3295.33 
788 0.01 
789 3345.04 
790 3369.82 
791 3396.55 
792 3423.14 
793 3239.59 
794 3344.26 
795 3299.83 
796 3118.82 
797 3313.32 
798 3311.98 
799 3364.80 
800 3335.06 
801 3335.56 
802 3449.13 
803 3378.34 
804 3258.92 
805 3298.60 
806 3272.10 
807 3220.36 
808 3278.57 
809 3221.47 
810 3292.31 
811 3297.29 
812 3172.86 
813 3356.41 
814 -314.05 
815 215.15 
816 3280.93 
817 3373.59 
818 3287.15 
819 3316.46 
820 3352.15 
821 2143.99 
822 3397.62 
823 3307.72 
824 3097.04 
825 3211.99 
826 3174.18 
827 3252.26 
828 3213.51 
829 3215.17 
830 3294.40 
831 3312.04 
832 3361.40 
833 3290.79 
834 3292.81 
835 3307.32 
836 3243.13 
837 3407.95 
838 3287.26 
839 3184.97 
840 3227.69 
841 3246.76 
842 3167.69 
843 3162.85 
844 3322.19 
845 3145.30 
846 3252.99 
847 3346.68 
848 3231.55 
849 3274.02 
850 3268.29 
851 3142.69 
852 3351.70 
853 3158.91 
854 3270.21 
855 3229.08 
856 3272.51 
857 2386.39 
858 3177.61 
859 3377.17 
860 295.90 
861 3376.05 
862 3272.79 
863 3337.68 
864 3302.16 
865 3294.35 
866 3203.84 
867 3246.45 
868 3255.01 
869 3152.02 
870 3153.62 
871 3362.22 
872 3215.39 
873 3214.53 
874 3136.31 
875 3263.67 
876 3259.26 
877 3147.11 
878 3307.57 
879 3328.43 
880 3224.91 
881 3266.59 
882 3235.41 
883 3446.57 
884 3253.87 
885 3236.24 
886 3320.76 
887 3156.48 
888 3170.30 
889 3335.41 
890 3312.44 
891 3092.41 
892 3386.19 
893 3312.07 
894 3266.38 
895 3384.02 
896 3259.33 
897 3141.71 
898 3214.63 
899 3283.09 
900 3284.61 
901 3247.73 
902 3352.09 
903 3245.34 
904 3390.79 
905 3317.37 
906 3268.54 
907 1297.22 
908 3199.89 
909 2890.03 
910 3229.59 
911 3357.03 
912 3236.73 
913 3398.88 
914 3310.50 
915 3386.30 
916 3301.81 
917 3388.32 
918 3291.26 
919 3220.71 
920 3245.57 
921 3317.28 
922 3261.41 
923 3245.25 
924 3348.06 
925 3280.57 
926 3209.55 
927 3279.97 
928 3067.36 
929 3090.51 
930 3440.07 
931 3284.79 
932 3198.39 
933 3361.91 
934 3273.57 
935 3283.79 
936 3221.57 
937 3296.14 
938 3235.23 
939 3240.86 
940 3033.80 
941 3306.32 
942 3190.73 
943 3215.79 
944 3273.10 
945 3222.43 
946 3375.87 
947 3138.13 
948 3294.31 
949 3276.99 
950 3300.43 
951 3391.09 
952 3260.19 
953 3320.08 
954 3163.38 
955 3229.46 
956 3330.41 
957 3274.33 
958 3230.81 
959 3283.94 
960 3338.65 
961 3252.13 
962 3373.52 
963 3272.00 
964 3194.60 
965 3331.98 
966 3322.04 
967 3187.95 
968 3387.04 
969 3198.97 
970 3293.90 
971 3267.50 
972 3186.99 
973 3170.65 
974 3276.41 
975 3255.06 
976 3244.06 
977 3236.03 
978 3249.55 
979 3275.04 
980 3300.67 
981 3187.66 
982 3390.95 
983 3221.47 
984 3375.81 
985 3198.99 
986 3310.94 
987 3355.40 
988 3155.67 
989 3313.56 
990 3220.07 
991 3325.68 
992 3243.78 
993 3367.80 
994 3341.96 
995 3209.33 
996 3341.95 
997 3211.13 
998 3081.31 
999 3261.19 
1000 3335.42 
1001 3319.01 
1002 3170.94 
1003 3280.29 
1004 3237.26 
1005 3234.68 
1006 3295.41 
1007 3338.92 
1008 3275.81 
1009 3306.83 
1010 3177.70 
1011 3289.53 
1012 3187.95 
1013 3368.95 
1014 3319.27 
1015 3275.81 
1016 3220.61 
1017 3362.46 
1018 3174.12 
1019 3293.09 
1020 3251.78 
1021 3261.89 
1022 3355.49 
1023 3224.26 
1024 3260.24 
1025 3351.94 
1026 3260.71 
1027 3249.65 
1028 3316.59 
1029 3182.19 
1030 3364.70 
1031 3362.66 
1032 3262.12 
1033 3286.91 
1034 3261.20 
1035 3330.19 
1036 3274.71 
1037 3228.03 
1038 3306.09 
1039 3351.36 
1040 3322.93 
1041 3242.28 
1042 1497.47 
1043 3355.52 
1044 3222.19 
1045 3307.68 
1046 3407.41 
1047 3354.13 
1048 3176.46 
1049 3323.36 
1050 3188.44 
1051 3411.54 
1052 3274.86 
1053 3285.64 
1054 3337.21 
1055 3203.04 
1056 3345.08 
1057 3359.75 
1058 3182.98 
1059 3277.51 
1060 3228.60 
1061 3388.29 
1062 3209.68 
1063 3280.33 
1064 3329.43 
1065 3214.95 
1066 3249.30 
1067 3248.93 
1068 3270.11 
1069 3142.23 
1070 3255.44 
1071 3195.00 
1072 3298.70 
1073 3296.61 
1074 3342.79 
1075 3334.77 
1076 3141.80 
1077 3384.29 
1078 3328.38 
1079 3345.58 
1080 3182.00 
1081 3366.18 
1082 3279.06 
1083 3353.75 
1084 3369.69 
1085 3331.97 
1086 3338.22 
1087 3294.51 
1088 3298.76 
1089 3268.43 
1090 3284.99 
1091 3286.99 
1092 3240.24 
1093 3279.09 
1094 3312.04 
1095 3258.13 
1096 3288.23 
1097 3326.48 
1098 3286.01 
1099 3279.69 
1100 3230.27 
1101 3297.21 
1102 3352.44 
1103 3322.60 
1104 3286.11 
1105 3433.54 
1106 3233.73 
1107 3295.87 
1108 3296.47 
1109 3378.66 
1110 3185.49 
1111 3265.56 
1112 3311.11 
1113 3366.45 
1114 3280.66 
1115 3329.86 
1116 3255.01 
1117 3303.23 
1118 3275.55 
1119 3413.59 
1120 3179.81 
1121 3223.62 
1122 3327.22 
1123 3204.46 
1124 3293.81 
1125 3202.47 
1126 3263.25 
1127 3230.30 
1128 3355.01 
1129 3337.00 
1130 2039.43 
1131 3313.45 
1132 3465.25 
1133 3272.25 
1134 3306.22 
1135 3266.85 
1136 3234.44 
1137 3245.93 
1138 3070.64 
1139 3370.84 
1140 3309.49 
1141 3309.02 
1142 3413.17 
1143 3335.98 
1144 3119.85 
1145 3357.55 
1146 3310.07 
1147 3409.77 
1148 3171.15 
1149 3261.39 
1150 3313.07 
1151 3233.76 
1152 3222.63 
1153 3320.42 
1154 3344.91 
1155 3272.08 
1156 3215.12 
1157 3428.67 
1158 3259.38 
1159 3264.62 
1160 3301.55 
1161 988.30 
1162 3320.70 
1163 3295.01 
1164 3166.26 
1165 3309.53 
1166 3325.60 
1167 3360.12 
1168 3350.79 
1169 3239.01 
1170 3347.17 
1171 3406.15 
1172 3187.82 
1173 3373.26 
1174 3297.32 
1175 1511.91 
1176 3273.97 
1177 3380.54 
1178 3276.21 
1179 3345.33 
1180 3243.44 
1181 3144.17 
1182 3261.03 
1183 3205.20 
1184 3153.81 
1185 3270.66 
1186 3329.42 
1187 3264.84 
1188 3270.02 
1189 3358.55 
1190 3280.97 
1191 3348.65 
1192 3378.17 
1193 3383.31 
1194 3313.74 
1195 3401.92 
1196 3229.37 
1197 3346.86 
1198 3080.77 
1199 3187.01 
1200 3244.68 
1201 3267.93 
1202 3326.23 
1203 3271.39 
1204 3271.74 
1205 3322.27 
1206 3317.40 
1207 100.17 
1208 3307.78 
1209 3394.68 
1210 3233.80 
1211 3228.29 
1212 3251.26 
1213 3076.95 
1214 3254.02 
1215 3311.06 
1216 3281.79 
1217 3254.17 
1218 3189.04 
1219 3112.94 
1220 3215.84 
1221 3243.33 
1222 3184.49 
1223 3254.33 
1224 3345.86 
1225 3336.49 
1226 3246.40 
1227 3363.85 
1228 3315.34 
1229 3219.82 
1230 3260.33 
