Seed 4:
0 -500.00 
1 -171.00 
2 -97.00 
3 -78.00 
4 -77.00 
5 -104.00 
6 -86.00 
7 -71.00 
8 -107.00 
9 -86.00 
10 -79.00 
11 -81.00 
12 -71.00 
13 -78.00 
14 -88.00 
15 -72.00 
16 -72.00 
17 -236.00 
18 -80.00 
19 -73.00 
20 -63.00 
21 -97.00 
22 -78.00 
23 -105.00 
24 -140.00 
25 -87.00 
26 -72.00 
27 -89.00 
28 -78.00 
29 -83.00 
30 -78.00 
31 -80.00 
32 -85.00 
33 -77.00 
34 -83.00 
35 -78.00 
36 -86.00 
37 -71.00 
38 -86.00 
39 -102.00 
40 -78.00 
41 -83.00 
42 -64.00 
43 -71.00 
44 -73.00 
45 -82.00 
46 -86.00 
47 -78.00 
48 -77.00 
49 -83.00 
50 -79.00 
51 -87.00 
52 -72.00 
53 -80.00 
54 -87.00 
55 -84.00 
56 -79.00 
57 -92.00 
58 -87.00 
59 -78.00 
60 -78.00 
61 -78.00 
62 -91.00 
63 -81.00 
64 -71.00 
65 -136.00 
66 -78.00 
67 -84.00 
68 -83.00 
69 -71.00 
70 -81.00 
71 -78.00 
72 -98.00 
73 -84.00 
74 -98.00 
75 -92.00 
76 -86.00 
77 -91.00 
78 -87.00 
79 -79.00 
80 -93.00 
81 -79.00 
82 -73.00 
83 -81.00 
84 -96.00 
85 -92.00 
86 -86.00 
87 -79.00 
88 -79.00 
89 -77.00 
90 -98.00 
91 -88.00 
92 -69.00 
93 -79.00 
94 -78.00 
95 -78.00 
96 -78.00 
97 -79.00 
98 -82.00 
99 -70.00 
100 -79.00 
101 -79.00 
102 -84.00 
103 -78.00 
104 -81.00 
105 -79.00 
106 -69.00 
107 -68.00 
108 -77.00 
109 -79.00 
110 -79.00 
111 -86.00 
112 -77.00 
113 -90.00 
114 -135.00 
115 -79.00 
116 -80.00 
117 -83.00 
118 -81.00 
119 -92.00 
120 -90.00 
121 -79.00 
122 -78.00 
123 -86.00 
124 -77.00 
125 -88.00 
126 -83.00 
127 -73.00 
128 -78.00 
129 -91.00 
130 -79.00 
131 -85.00 
132 -88.00 
133 -77.00 
134 -89.00 
135 -69.00 
136 -78.00 
137 -87.00 
138 -76.00 
139 -68.00 
140 -92.00 
141 -89.00 
142 -78.00 
143 -88.00 
144 -115.00 
145 -71.00 
146 -123.00 
147 -82.00 
148 -70.00 
149 -76.00 
150 -86.00 
151 -77.00 
152 -86.00 
153 -78.00 
154 -73.00 
155 -70.00 
156 -82.00 
157 -90.00 
158 -119.00 
159 -71.00 
160 -72.00 
161 -72.00 
162 -89.00 
163 -79.00 
164 -71.00 
165 -84.00 
166 -87.00 
167 -79.00 
168 -76.00 
169 -90.00 
170 -85.00 
171 -85.00 
172 -79.00 
173 -86.00 
174 -89.00 
175 -83.00 
176 -88.00 
177 -76.00 
178 -79.00 
179 -69.00 
180 -83.00 
181 -79.00 
182 -85.00 
183 -84.00 
184 -85.00 
185 -70.00 
186 -63.00 
187 -79.00 
188 -91.00 
189 -81.00 
190 -78.00 
191 -93.00 
192 -86.00 
193 -90.00 
194 -69.00 
195 -78.00 
196 -87.00 
197 -84.00 
198 -87.00 
199 -91.00 
200 -85.00 
201 -83.00 
202 -85.00 
203 -72.00 
204 -79.00 
205 -79.00 
206 -76.00 
207 -70.00 
208 -88.00 
209 -79.00 
210 -77.00 
211 -92.00 
212 -77.00 
213 -77.00 
214 -89.00 
215 -83.00 
216 -85.00 
217 -78.00 
218 -114.00 
219 -86.00 
220 -79.00 
221 -79.00 
222 -81.00 
223 -85.00 
224 -81.00 
225 -78.00 
226 -79.00 
227 -88.00 
228 -79.00 
229 -89.00 
230 -81.00 
231 -82.00 
232 -75.00 
233 -84.00 
234 -76.00 
235 -77.00 
236 -79.00 
237 -79.00 
238 -78.00 
239 -78.00 
240 -78.00 
241 -80.00 
242 -71.00 
243 -85.00 
244 -104.00 
245 -86.00 
246 -70.00 
247 -86.00 
248 -92.00 
249 -114.00 
250 -99.00 
251 -79.00 
252 -76.00 
253 -86.00 
254 -83.00 
255 -91.00 
256 -88.00 
257 -84.00 
258 -85.00 
259 -78.00 
260 -83.00 
261 -71.00 
262 -90.00 
263 -87.00 
264 -76.00 
265 -70.00 
266 -70.00 
267 -78.00 
268 -78.00 
269 -79.00 
270 -72.00 
271 -71.00 
272 -68.00 
273 -72.00 
274 -79.00 
275 -71.00 
276 -76.00 
277 -85.00 
278 -92.00 
279 -81.00 
280 -83.00 
281 -79.00 
282 -83.00 
283 -78.00 
284 -70.00 
285 -70.00 
286 -86.00 
287 -79.00 
288 -81.00 
289 -86.00 
290 -81.00 
291 -79.00 
292 -79.00 
293 -87.00 
294 -81.00 
295 -92.00 
296 -89.00 
297 -74.00 
298 -76.00 
299 -96.00 
300 -90.00 
301 -82.00 
302 -78.00 
303 -83.00 
304 -81.00 
305 -77.00 
306 -85.00 
307 -69.00 
308 -109.00 
309 -137.00 
310 -79.00 
311 -70.00 
312 -79.00 
313 -79.00 
314 -79.00 
315 -91.00 
316 -79.00 
317 -77.00 
318 -92.00 
319 -86.00 
320 -85.00 
321 -88.00 
322 -81.00 
323 -76.00 
324 -69.00 
325 -77.00 
326 -71.00 
327 -90.00 
328 -80.00 
329 -75.00 
330 -70.00 
331 -82.00 
332 -70.00 
333 -78.00 
334 -78.00 
335 -71.00 
336 -68.00 
337 -77.00 
338 -80.00 
339 -83.00 
340 -78.00 
341 -89.00 
342 -192.00 
343 -78.00 
344 -86.00 
345 -86.00 
346 -68.00 
347 -79.00 
348 -76.00 
349 -84.00 
350 -87.00 
351 -76.00 
352 -77.00 
353 -114.00 
354 -78.00 
355 -82.00 
356 -79.00 
357 -97.00 
358 -71.00 
359 -77.00 
360 -108.00 
361 -98.00 
362 -84.00 
363 -88.00 
364 -90.00 
365 -71.00 
366 -77.00 
367 -78.00 
368 -105.00 
369 -85.00 
370 -71.00 
371 -86.00 
372 -70.00 
373 -81.00 
374 -84.00 
375 -68.00 
376 -85.00 
377 -85.00 
378 -85.00 
379 -77.00 
380 -78.00 
381 -69.00 
382 -83.00 
383 -80.00 
384 -76.00 
385 -77.00 
386 -70.00 
387 -79.00 
388 -71.00 
389 -91.00 
390 -79.00 
391 -76.00 
392 -84.00 
393 -72.00 
394 -72.00 
395 -85.00 
396 -68.00 
397 -78.00 
398 -76.00 
399 -78.00 
400 -86.00 
401 -78.00 
402 -73.00 
403 -119.00 
404 -69.00 
405 -85.00 
406 -71.00 
407 -84.00 
408 -83.00 
409 -70.00 
410 -71.00 
411 -91.00 
412 -79.00 
413 -77.00 
414 -158.00 
415 -72.00 
416 -81.00 
417 -77.00 
418 -71.00 
419 -77.00 
420 -70.00 
421 -71.00 
422 -77.00 
423 -84.00 
424 -79.00 
425 -79.00 
426 -84.00 
427 -70.00 
428 -101.00 
429 -76.00 
430 -70.00 
431 -88.00 
432 -78.00 
433 -93.00 
434 -79.00 
435 -90.00 
436 -79.00 
437 -85.00 
438 -71.00 
439 -71.00 
440 -78.00 
441 -84.00 
442 -71.00 
443 -72.00 
444 -88.00 
445 -76.00 
446 -68.00 
447 -69.00 
448 -79.00 
449 -71.00 
450 -76.00 
451 -84.00 
452 -82.00 
453 -79.00 
454 -92.00 
455 -72.00 
456 -77.00 
457 -70.00 
458 -83.00 
459 -77.00 
460 -86.00 
461 -78.00 
462 -83.00 
463 -77.00 
464 -70.00 
465 -82.00 
466 -85.00 
467 -84.00 
468 -81.00 
469 -85.00 
470 -89.00 
471 -79.00 
472 -76.00 
473 -70.00 
474 -92.00 
475 -79.00 
476 -96.00 
477 -71.00 
478 -78.00 
479 -77.00 
480 -68.00 
481 -97.00 
482 -98.00 
483 -78.00 
484 -84.00 
485 -89.00 
486 -86.00 
487 -82.00 
488 -92.00 
489 -78.00 
490 -77.00 
491 -68.00 
492 -82.00 
493 -77.00 
494 -83.00 
495 -71.00 
496 -93.00 
497 -78.00 
498 -77.00 
499 -84.00 
500 -76.00 
