Seed 7:
0 -500.00 
1 -500.00 
2 -130.00 
3 -86.00 
4 -96.00 
5 -84.00 
6 -73.00 
7 -79.00 
8 -78.00 
9 -81.00 
10 -92.00 
11 -86.00 
12 -73.00 
13 -83.00 
14 -86.00 
15 -91.00 
16 -77.00 
17 -142.00 
18 -98.00 
19 -69.00 
20 -129.00 
21 -99.00 
22 -72.00 
23 -84.00 
24 -70.00 
25 -73.00 
26 -77.00 
27 -99.00 
28 -89.00 
29 -85.00 
30 -87.00 
31 -73.00 
32 -88.00 
33 -93.00 
34 -92.00 
35 -81.00 
36 -76.00 
37 -113.00 
38 -93.00 
39 -79.00 
40 -78.00 
41 -129.00 
42 -70.00 
43 -90.00 
44 -85.00 
45 -88.00 
46 -77.00 
47 -83.00 
48 -78.00 
49 -77.00 
50 -84.00 
51 -89.00 
52 -106.00 
53 -78.00 
54 -94.00 
55 -77.00 
56 -90.00 
57 -100.00 
58 -78.00 
59 -78.00 
60 -79.00 
61 -69.00 
62 -78.00 
63 -97.00 
64 -77.00 
65 -82.00 
66 -84.00 
67 -83.00 
68 -90.00 
69 -79.00 
70 -84.00 
71 -70.00 
72 -79.00 
73 -78.00 
74 -97.00 
75 -71.00 
76 -81.00 
77 -85.00 
78 -85.00 
79 -72.00 
80 -79.00 
81 -85.00 
82 -90.00 
83 -79.00 
84 -72.00 
85 -77.00 
86 -107.00 
87 -71.00 
88 -78.00 
89 -94.00 
90 -80.00 
91 -77.00 
92 -207.00 
93 -113.00 
94 -91.00 
95 -78.00 
96 -92.00 
97 -108.00 
98 -84.00 
99 -88.00 
100 -77.00 
101 -78.00 
102 -77.00 
103 -81.00 
104 -79.00 
105 -99.00 
106 -77.00 
107 -78.00 
108 -97.00 
109 -77.00 
110 -87.00 
111 -71.00 
112 -68.00 
113 -132.00 
114 -69.00 
115 -80.00 
116 -82.00 
117 -91.00 
118 -89.00 
119 -84.00 
120 -78.00 
121 -93.00 
122 -68.00 
123 -91.00 
124 -77.00 
125 -84.00 
126 -86.00 
127 -63.00 
128 -76.00 
129 -78.00 
130 -127.00 
131 -79.00 
132 -79.00 
133 -85.00 
134 -140.00 
135 -72.00 
136 -77.00 
137 -84.00 
138 -72.00 
139 -80.00 
140 -79.00 
141 -73.00 
142 -118.00 
143 -78.00 
144 -83.00 
145 -77.00 
146 -88.00 
147 -88.00 
148 -77.00 
149 -86.00 
150 -70.00 
151 -78.00 
152 -68.00 
153 -76.00 
154 -79.00 
155 -78.00 
156 -77.00 
157 -77.00 
158 -80.00 
159 -77.00 
160 -79.00 
161 -76.00 
162 -72.00 
163 -73.00 
164 -103.00 
165 -77.00 
166 -77.00 
167 -78.00 
168 -88.00 
169 -83.00 
170 -70.00 
171 -92.00 
172 -79.00 
173 -71.00 
174 -95.00 
175 -95.00 
176 -77.00 
177 -78.00 
178 -77.00 
179 -77.00 
180 -79.00 
181 -71.00 
182 -89.00 
183 -70.00 
184 -101.00 
185 -77.00 
186 -80.00 
187 -85.00 
188 -90.00 
189 -63.00 
190 -91.00 
191 -86.00 
192 -71.00 
193 -103.00 
194 -88.00 
195 -70.00 
196 -85.00 
197 -86.00 
198 -79.00 
199 -77.00 
200 -85.00 
201 -79.00 
202 -126.00 
203 -78.00 
204 -70.00 
205 -77.00 
206 -77.00 
207 -70.00 
208 -91.00 
209 -91.00 
210 -83.00 
211 -69.00 
212 -68.00 
213 -82.00 
214 -72.00 
215 -78.00 
216 -89.00 
217 -79.00 
218 -72.00 
219 -87.00 
220 -78.00 
221 -77.00 
222 -80.00 
223 -70.00 
224 -74.00 
225 -85.00 
226 -78.00 
227 -70.00 
228 -85.00 
229 -92.00 
230 -119.00 
231 -77.00 
232 -78.00 
233 -70.00 
234 -83.00 
235 -72.00 
236 -77.00 
237 -70.00 
238 -71.00 
239 -85.00 
240 -86.00 
241 -91.00 
242 -80.00 
243 -71.00 
244 -77.00 
245 -84.00 
246 -79.00 
247 -78.00 
248 -82.00 
249 -78.00 
250 -82.00 
251 -87.00 
252 -78.00 
253 -85.00 
254 -83.00 
255 -70.00 
256 -72.00 
257 -70.00 
258 -78.00 
259 -80.00 
260 -71.00 
261 -101.00 
262 -68.00 
263 -74.00 
264 -104.00 
265 -80.00 
266 -85.00 
267 -83.00 
268 -89.00 
269 -80.00 
270 -79.00 
271 -84.00 
272 -85.00 
273 -92.00 
274 -84.00 
275 -79.00 
276 -82.00 
277 -84.00 
278 -78.00 
279 -68.00 
280 -91.00 
281 -77.00 
282 -90.00 
283 -80.00 
284 -68.00 
285 -84.00 
286 -77.00 
287 -85.00 
288 -71.00 
289 -94.00 
290 -89.00 
291 -90.00 
292 -74.00 
293 -85.00 
294 -82.00 
295 -79.00 
296 -72.00 
297 -80.00 
298 -82.00 
299 -83.00 
300 -71.00 
301 -94.00 
302 -80.00 
303 -77.00 
304 -92.00 
305 -77.00 
306 -87.00 
307 -79.00 
308 -68.00 
309 -71.00 
310 -84.00 
311 -77.00 
312 -79.00 
313 -79.00 
314 -86.00 
315 -78.00 
316 -86.00 
317 -80.00 
318 -73.00 
319 -86.00 
320 -78.00 
321 -72.00 
322 -85.00 
323 -74.00 
324 -72.00 
325 -96.00 
326 -85.00 
327 -73.00 
328 -77.00 
329 -79.00 
330 -92.00 
331 -85.00 
332 -68.00 
333 -72.00 
334 -87.00 
335 -78.00 
336 -93.00 
337 -69.00 
338 -88.00 
339 -71.00 
340 -78.00 
341 -84.00 
342 -85.00 
343 -85.00 
344 -88.00 
345 -70.00 
346 -80.00 
347 -90.00 
348 -71.00 
349 -89.00 
350 -78.00 
351 -71.00 
352 -86.00 
353 -82.00 
354 -77.00 
355 -76.00 
356 -78.00 
357 -70.00 
358 -70.00 
359 -71.00 
360 -73.00 
361 -86.00 
362 -77.00 
363 -70.00 
364 -70.00 
365 -77.00 
366 -82.00 
367 -68.00 
368 -80.00 
369 -72.00 
370 -90.00 
371 -88.00 
372 -88.00 
373 -86.00 
374 -91.00 
375 -77.00 
376 -82.00 
377 -77.00 
378 -71.00 
379 -75.00 
380 -79.00 
381 -80.00 
382 -77.00 
383 -82.00 
384 -71.00 
385 -83.00 
386 -79.00 
387 -92.00 
388 -92.00 
389 -71.00 
390 -79.00 
391 -89.00 
392 -77.00 
393 -63.00 
394 -77.00 
395 -92.00 
396 -69.00 
397 -81.00 
398 -88.00 
399 -79.00 
400 -82.00 
401 -87.00 
402 -76.00 
403 -91.00 
404 -76.00 
405 -98.00 
406 -72.00 
407 -96.00 
408 -273.00 
409 -93.00 
410 -161.00 
411 -80.00 
412 -86.00 
413 -81.00 
414 -81.00 
415 -80.00 
416 -106.00 
417 -164.00 
418 -71.00 
419 -113.00 
420 -89.00 
421 -84.00 
422 -79.00 
423 -78.00 
424 -81.00 
425 -100.00 
426 -77.00 
427 -157.00 
428 -75.00 
429 -88.00 
430 -84.00 
431 -76.00 
432 -71.00 
433 -78.00 
434 -71.00 
435 -88.00 
436 -73.00 
437 -78.00 
438 -78.00 
439 -98.00 
440 -78.00 
441 -82.00 
442 -72.00 
443 -85.00 
444 -73.00 
445 -88.00 
446 -89.00 
447 -80.00 
448 -88.00 
449 -70.00 
450 -88.00 
451 -79.00 
452 -68.00 
453 -72.00 
454 -75.00 
455 -89.00 
456 -93.00 
457 -94.00 
458 -78.00 
459 -83.00 
460 -83.00 
461 -86.00 
462 -70.00 
463 -72.00 
464 -109.00 
465 -89.00 
466 -71.00 
467 -79.00 
468 -130.00 
469 -88.00 
470 -78.00 
471 -77.00 
472 -78.00 
473 -77.00 
474 -81.00 
475 -72.00 
476 -73.00 
477 -81.00 
478 -93.00 
479 -83.00 
480 -78.00 
481 -77.00 
482 -76.00 
483 -85.00 
484 -81.00 
485 -77.00 
486 -78.00 
487 -80.00 
488 -77.00 
489 -75.00 
490 -87.00 
491 -80.00 
492 -69.00 
493 -72.00 
494 -72.00 
495 -85.00 
496 -78.00 
497 -86.00 
498 -80.00 
499 -70.00 
500 -82.00 
