Seed 0:
0 -297.60 
1 -286.57 
2 -297.19 
3 -307.98 
4 -301.84 
5 -297.67 
6 -313.60 
7 -271.42 
8 -293.50 
9 -290.74 
10 -293.99 
11 -294.30 
12 -219.56 
13 -202.35 
14 -340.50 
15 -162.08 
16 232.78 
17 596.46 
18 533.16 
19 967.32 
20 971.13 
21 1020.75 
22 947.98 
23 865.85 
24 837.54 
25 860.93 
26 930.09 
27 1004.88 
28 1274.28 
29 1348.91 
30 1393.52 
31 1481.63 
32 1471.33 
33 1572.33 
34 1712.10 
35 1499.35 
36 1598.19 
37 1502.37 
38 1600.65 
39 1661.59 
40 1639.99 
41 1598.66 
42 1701.52 
43 1627.80 
44 1650.25 
45 1687.38 
46 1645.01 
47 1653.65 
48 1607.48 
49 1704.82 
50 1735.33 
51 1801.52 
52 1779.37 
53 1737.62 
54 1833.26 
55 1772.54 
56 1698.75 
57 1751.89 
58 1823.83 
59 1812.37 
60 1900.20 
61 1735.15 
62 1831.01 
63 1886.53 
64 1886.64 
65 1883.10 
66 1862.39 
67 1806.08 
68 1820.26 
69 1804.92 
70 1817.26 
71 1880.52 
72 1926.31 
73 1947.09 
74 1879.16 
75 1843.14 
76 1927.98 
77 1845.47 
78 1951.71 
79 1925.72 
80 1874.64 
81 1821.66 
82 1886.53 
83 1896.65 
84 1909.99 
85 1929.61 
86 1858.65 
87 1868.50 
88 1980.98 
89 1880.25 
90 1966.93 
91 1781.41 
92 1902.16 
93 1801.71 
94 1900.57 
95 1894.18 
96 1846.90 
97 1955.94 
98 1924.96 
99 1928.83 
100 1917.95 
101 1904.95 
102 1939.10 
103 1992.22 
104 1899.46 
105 1937.39 
106 1883.24 
107 1923.52 
108 1906.54 
109 1967.43 
110 2055.42 
111 1971.13 
112 1973.40 
113 1891.32 
114 1932.61 
115 1990.39 
116 1959.22 
117 1948.34 
118 2008.85 
119 1969.88 
120 1916.69 
121 2022.49 
122 1925.69 
123 1980.62 
124 2078.74 
125 1914.35 
126 1953.05 
127 2002.27 
128 2095.35 
129 2006.84 
130 1851.16 
131 1834.21 
132 1989.28 
133 1952.15 
134 2138.87 
135 2069.55 
136 2032.42 
137 2119.10 
138 2146.24 
139 2055.94 
140 2060.16 
141 2095.57 
142 2058.43 
143 2008.49 
144 2150.56 
145 912.88 
146 2065.34 
147 2119.73 
148 2030.40 
149 2190.17 
150 2083.86 
151 2056.40 
152 2094.87 
153 2020.94 
154 2120.20 
155 2038.44 
156 2098.73 
157 1996.32 
158 2093.56 
159 2149.25 
160 2221.93 
161 2177.60 
162 2102.88 
163 2147.26 
164 2178.57 
165 2244.50 
166 2109.07 
167 2231.61 
168 2169.42 
169 2138.17 
170 2271.58 
171 2175.22 
172 2216.04 
173 2126.71 
174 2195.74 
175 2270.65 
176 2232.00 
177 2005.88 
178 1600.34 
179 2248.71 
180 2093.15 
181 2234.96 
182 2235.67 
183 2190.81 
184 2214.68 
185 2188.97 
186 2214.19 
187 2074.38 
188 2144.75 
189 2069.94 
190 2201.60 
191 2173.62 
192 2219.73 
193 2156.17 
194 2234.06 
195 2232.94 
196 2231.71 
197 2108.69 
198 2195.44 
199 2189.75 
200 2186.46 
201 2167.42 
202 2269.57 
203 2192.02 
204 2222.99 
205 2165.71 
206 2216.07 
207 2173.05 
208 2226.43 
209 2230.82 
210 2268.32 
211 2182.24 
212 2258.07 
213 2313.98 
214 2179.45 
215 2185.25 
216 2263.84 
217 2188.75 
218 2111.77 
219 2224.05 
220 2198.35 
221 2192.63 
222 2245.72 
223 2133.02 
224 2304.82 
225 2355.91 
226 2288.48 
227 2333.53 
228 2293.53 
229 2290.76 
230 2334.72 
231 2293.87 
232 2147.32 
233 222.60 
234 2198.50 
235 2195.39 
236 2251.70 
237 2185.88 
238 2153.05 
239 2159.98 
240 2303.44 
241 2257.35 
242 2319.57 
243 2280.67 
244 2241.50 
245 2325.68 
246 2277.29 
247 2247.95 
248 2278.24 
249 2334.55 
250 2301.00 
251 2289.23 
252 2286.13 
253 2253.42 
254 2200.86 
255 2297.04 
256 2234.56 
257 2364.53 
258 2321.70 
259 2301.76 
260 2286.31 
261 2214.93 
262 2332.49 
263 2351.89 
264 2302.33 
265 2316.18 
266 2320.11 
267 2361.05 
268 2342.01 
269 2320.56 
270 2263.32 
271 2390.15 
272 2395.52 
273 2305.69 
274 2352.71 
275 2312.65 
276 2328.74 
277 2314.66 
278 2127.05 
279 2239.10 
280 2324.38 
281 2261.17 
282 2287.26 
283 2207.80 
284 2312.97 
285 2310.54 
286 2202.31 
287 2319.56 
288 2173.13 
289 2284.52 
290 2397.78 
291 2335.05 
292 2276.56 
293 2075.94 
294 2346.84 
295 2275.74 
296 2312.30 
297 2342.48 
298 2329.62 
299 2226.71 
300 2291.75 
301 2269.67 
302 2378.94 
303 2378.51 
304 2408.10 
305 2332.34 
306 2386.00 
307 2288.81 
308 2265.21 
309 2260.45 
310 2337.13 
311 2304.83 
312 2369.50 
313 2226.61 
314 2318.83 
315 2317.20 
316 2331.66 
317 2349.44 
318 2378.65 
319 2337.07 
320 2323.16 
321 2325.84 
322 2298.75 
323 2282.84 
324 2370.16 
325 2280.52 
326 2304.74 
327 2274.46 
328 2319.93 
329 2273.62 
330 2408.76 
331 2284.20 
332 2472.08 
333 2355.50 
334 2435.91 
335 2265.41 
336 2393.26 
337 2405.84 
338 2356.33 
339 2311.18 
340 2300.96 
341 2380.66 
342 2181.26 
343 2347.18 
344 2268.98 
345 2349.42 
346 2332.53 
347 2402.32 
348 2288.57 
349 2363.63 
350 2326.82 
351 2328.88 
352 2369.97 
353 2271.32 
354 2351.36 
355 2359.24 
356 2265.07 
357 2302.56 
358 2364.40 
359 2473.43 
360 2270.52 
361 2332.33 
362 2325.29 
363 2342.07 
364 2311.00 
365 2389.54 
366 2426.10 
367 2327.30 
368 2351.59 
369 2394.59 
370 2436.17 
371 2346.84 
372 2334.14 
373 2314.07 
374 2315.40 
375 2322.01 
376 2347.32 
377 2243.08 
378 2361.07 
379 2471.43 
380 2339.53 
381 2338.48 
382 2439.52 
383 2366.93 
384 2392.47 
385 2358.88 
386 2438.23 
387 2397.68 
388 2325.52 
389 2413.39 
390 2357.80 
391 2404.89 
392 2299.40 
393 2415.76 
394 2415.31 
395 2353.14 
396 2277.85 
397 2378.89 
398 2344.39 
399 2316.32 
400 2374.86 
401 2279.62 
402 2450.10 
403 2326.69 
404 2318.49 
405 2362.15 
406 2371.90 
407 2309.35 
408 2356.67 
409 2373.25 
410 2405.82 
411 2417.54 
412 919.32 
413 2347.33 
414 2461.19 
415 2414.28 
416 2453.50 
417 2366.69 
418 2389.38 
419 2343.04 
420 2361.98 
421 2418.33 
422 2367.67 
423 2355.89 
424 1218.83 
425 2392.13 
426 2382.09 
427 2407.33 
428 2403.98 
429 2378.10 
430 2331.13 
431 2364.44 
432 1844.70 
433 2392.43 
434 2331.30 
435 2397.55 
436 2388.32 
437 2412.21 
438 2303.74 
439 2335.04 
440 2372.53 
441 2319.76 
442 2314.43 
443 2293.32 
444 2400.04 
445 2351.16 
446 2449.09 
447 3.57 
448 2411.66 
449 2415.07 
450 2314.02 
451 2341.77 
452 2394.33 
453 2362.88 
454 2383.38 
455 2411.90 
456 2336.92 
457 2394.57 
458 2299.82 
459 2318.32 
460 2369.06 
461 2380.23 
462 2353.28 
463 2291.39 
464 2371.27 
465 2397.32 
466 2314.42 
467 2455.00 
468 2471.23 
469 2368.20 
470 2352.09 
471 2386.89 
472 2400.36 
473 2338.48 
474 2380.40 
475 2379.26 
476 2390.81 
477 2348.68 
478 2273.21 
479 2333.55 
480 2324.22 
481 2373.40 
482 2375.26 
483 2315.96 
484 2370.27 
485 2357.97 
486 2254.59 
487 2476.76 
488 2378.68 
489 2471.40 
490 2447.20 
491 2377.36 
492 2476.44 
493 2429.73 
494 2338.24 
495 2340.43 
496 2447.98 
497 2405.78 
498 2405.29 
499 2389.78 
500 2353.09 
501 2430.25 
502 2422.90 
503 2482.69 
504 2371.04 
505 2325.60 
506 2306.00 
507 2475.29 
508 2478.47 
509 2423.83 
510 2341.56 
511 2393.84 
512 2439.30 
513 2465.68 
514 2405.16 
515 2452.90 
516 2423.82 
517 2360.44 
518 2268.23 
519 2366.36 
520 2437.23 
521 2464.93 
522 2385.31 
523 2475.57 
524 2470.52 
525 2446.17 
526 2435.00 
527 2380.02 
528 2407.24 
529 2442.59 
530 2390.28 
531 2418.55 
532 2448.11 
533 2399.69 
534 581.68 
535 2421.36 
536 2372.40 
537 2434.41 
538 2406.48 
539 2408.32 
540 2531.82 
541 2448.54 
542 2426.82 
543 2364.44 
544 2331.66 
545 2383.15 
546 2417.10 
547 2336.33 
548 2469.29 
549 2399.98 
550 2412.77 
551 1293.17 
552 2411.88 
553 2365.49 
554 2448.49 
555 2463.19 
556 2486.52 
557 2459.12 
558 2422.48 
559 2477.42 
560 2480.79 
561 2427.04 
562 2425.81 
563 2559.81 
564 2473.13 
565 2339.97 
566 2341.88 
567 2431.73 
568 2410.21 
569 2418.56 
570 2339.95 
571 2232.12 
572 2388.19 
573 2433.07 
574 2329.09 
575 2348.92 
576 2436.28 
577 2438.79 
578 2448.97 
579 2469.47 
580 2414.71 
581 2399.74 
582 2524.80 
583 2356.68 
584 2517.84 
585 2445.40 
586 2386.18 
587 2440.83 
588 2390.25 
589 2408.08 
590 2476.41 
591 2388.71 
592 2487.69 
593 2475.98 
594 2408.29 
595 2451.45 
596 2454.26 
597 2355.93 
598 2412.01 
599 2461.14 
600 2448.84 
601 2440.09 
602 2437.36 
603 2408.46 
604 2437.96 
605 2378.83 
606 2432.92 
607 2142.07 
608 2391.05 
609 2391.17 
610 2398.48 
611 2378.45 
612 2406.28 
613 2428.56 
614 2403.41 
615 2424.65 
616 2090.30 
617 2390.33 
618 2382.72 
619 2496.70 
620 2448.80 
621 2410.15 
622 2427.49 
623 2464.52 
624 2449.00 
625 2446.43 
626 2447.52 
627 2447.67 
628 2495.80 
629 2434.55 
630 2334.90 
631 1349.15 
632 2416.30 
633 2442.42 
634 2399.29 
635 2476.94 
636 2364.49 
637 2356.51 
638 2467.95 
639 2416.44 
640 2425.78 
641 2356.52 
642 2384.65 
643 2477.84 
644 2439.33 
645 2459.62 
646 70.64 
647 2348.17 
648 2450.52 
649 2404.51 
650 2382.32 
651 2479.46 
652 2441.66 
653 2422.62 
654 2453.78 
655 2432.24 
656 2401.23 
657 2400.66 
658 2433.94 
659 2328.80 
660 2327.25 
661 2438.12 
662 2407.21 
663 2426.27 
664 2400.46 
665 2423.60 
666 2538.14 
667 2407.61 
668 2497.98 
669 2502.88 
670 2460.97 
671 2510.76 
672 2485.49 
673 2533.23 
674 2459.44 
675 2409.61 
676 2485.48 
677 2450.86 
678 2392.53 
679 2431.96 
680 2409.48 
681 2479.64 
682 2406.39 
683 2392.63 
684 2518.83 
685 2362.84 
686 2465.89 
687 2331.35 
688 2516.81 
689 2502.92 
690 2437.90 
691 2379.67 
692 2355.20 
693 2429.28 
694 2373.27 
695 2356.54 
696 2364.45 
697 1413.46 
698 2476.70 
699 2432.10 
700 2433.16 
701 2383.83 
702 439.32 
703 2413.56 
704 2381.73 
705 2427.07 
706 88.34 
707 2410.82 
708 2441.47 
709 2339.44 
710 2302.10 
711 2517.05 
712 2463.65 
713 2450.76 
714 2446.21 
715 2329.47 
716 2491.80 
717 2447.79 
718 2405.31 
719 2405.66 
720 2475.36 
721 2402.04 
722 2470.89 
723 2435.42 
724 2370.38 
725 2384.36 
726 2416.93 
727 2513.26 
728 2481.53 
729 2477.43 
730 2438.11 
731 2370.37 
732 2443.81 
733 2476.87 
734 2373.31 
735 2359.77 
736 2434.11 
737 2417.22 
738 2321.05 
739 2363.00 
740 2352.09 
741 2414.44 
742 2383.15 
743 2416.82 
744 2399.47 
745 2525.39 
746 2449.27 
747 476.06 
748 2468.45 
749 2409.49 
750 2440.60 
751 2524.84 
752 2455.12 
753 2526.88 
754 2438.17 
755 2437.35 
756 2452.99 
757 2542.94 
758 2467.44 
759 2449.83 
760 2532.62 
761 2398.18 
762 2442.78 
763 2454.29 
764 2391.13 
765 2453.24 
766 2445.75 
767 2455.49 
768 2458.05 
769 2517.39 
770 2297.14 
771 2481.43 
772 2449.90 
773 2441.94 
774 2446.12 
775 2461.60 
776 2496.53 
777 2459.03 
778 2445.76 
779 2366.17 
780 2393.38 
781 -62.14 
782 2438.70 
783 2368.56 
784 2485.61 
785 2466.25 
786 2459.72 
787 2371.62 
788 2460.32 
789 2466.46 
790 2463.31 
791 2266.32 
792 2457.61 
793 2483.15 
794 2469.26 
795 2526.51 
796 2400.37 
797 2379.35 
798 2551.64 
799 2436.26 
800 1396.57 
801 2487.72 
802 2497.40 
803 2428.32 
804 2498.25 
805 2437.92 
806 2410.12 
807 2423.67 
808 2545.28 
809 2406.74 
810 2408.48 
811 2422.99 
812 2483.83 
813 2365.40 
814 2453.56 
815 2388.89 
816 2376.02 
817 2439.66 
818 2468.95 
819 1988.59 
820 2426.50 
821 2431.07 
822 2525.54 
823 2514.67 
824 2387.51 
825 2417.39 
826 2410.51 
827 2420.22 
828 2451.90 
829 2486.90 
830 2506.41 
831 2486.09 
832 2458.86 
833 2351.25 
834 2480.32 
835 2450.81 
836 2545.78 
837 2396.24 
838 2408.39 
839 2465.52 
840 2530.42 
841 2477.47 
842 2504.64 
843 2449.84 
844 2402.02 
845 2438.62 
846 2489.73 
847 2416.63 
848 2463.02 
849 2404.30 
850 2553.48 
851 2492.94 
852 2517.45 
853 2519.30 
854 2413.15 
855 2537.46 
856 2445.49 
857 2472.01 
858 2509.75 
859 2491.32 
860 2363.25 
861 2461.42 
862 2401.39 
863 714.13 
864 2465.38 
865 2365.48 
866 2394.63 
867 2484.75 
868 2478.64 
869 2444.43 
870 2522.38 
871 2427.74 
872 2411.71 
873 2379.87 
874 2451.46 
875 2417.08 
876 2465.52 
877 2458.03 
878 2494.20 
879 2493.51 
880 2373.23 
881 2381.71 
882 2405.44 
883 2412.26 
884 2395.58 
885 2361.64 
886 2415.42 
887 2549.51 
888 2482.33 
889 2462.60 
890 2465.47 
891 2420.74 
892 2475.12 
893 2440.49 
894 2415.18 
895 2607.27 
896 2469.62 
897 2451.07 
898 2486.97 
899 2482.08 
900 2495.57 
901 2499.51 
902 2486.77 
903 2485.50 
904 2407.30 
905 2400.86 
906 2490.44 
907 2413.22 
908 2509.88 
909 2549.02 
910 2530.23 
911 2429.18 
912 2481.73 
913 2523.38 
914 2516.63 
915 2386.12 
916 2275.60 
917 2526.62 
918 2514.41 
919 2438.14 
920 2480.34 
921 2495.85 
922 2494.19 
923 2396.53 
924 2493.53 
925 2501.70 
926 2422.98 
927 2449.48 
928 2453.08 
929 2491.33 
930 2474.16 
931 2572.95 
932 2493.60 
933 2536.94 
934 2485.42 
935 2538.54 
936 2509.09 
937 2482.24 
938 2569.61 
939 2415.50 
940 2446.12 
941 2538.19 
942 2457.67 
943 2455.08 
944 2419.09 
945 2558.96 
946 2492.30 
947 2475.03 
948 2447.97 
949 2525.30 
950 2501.87 
951 2511.95 
952 2504.49 
953 2444.65 
954 2455.90 
955 2469.38 
956 2499.70 
957 2383.44 
958 2448.54 
959 2455.77 
960 2426.71 
961 2557.67 
962 2412.74 
963 2483.66 
964 2564.81 
965 2440.10 
966 623.88 
967 2437.48 
968 1368.08 
969 2442.48 
970 2432.15 
971 2434.63 
972 2532.60 
973 2542.58 
974 2435.51 
975 2548.24 
976 2383.98 
977 2445.19 
978 2424.12 
979 2430.58 
980 2428.02 
981 2508.70 
982 2473.22 
983 2498.36 
984 2503.06 
985 2486.88 
986 2378.33 
987 2526.50 
988 2474.25 
989 2478.70 
990 2511.09 
991 2451.80 
992 2507.18 
993 2385.48 
994 2467.04 
995 2512.89 
996 2554.16 
997 2391.55 
998 2540.76 
999 2557.55 
1000 2486.14 
1001 2404.02 
1002 2412.44 
1003 2504.60 
1004 2487.11 
1005 2437.23 
1006 2427.00 
1007 2400.78 
1008 2489.71 
1009 2505.92 
1010 2431.92 
1011 2545.62 
1012 2470.17 
1013 2436.22 
1014 2427.04 
1015 2515.35 
1016 2575.21 
1017 2557.44 
1018 2573.36 
1019 2466.50 
1020 2489.10 
1021 2485.52 
1022 2186.97 
1023 2459.82 
1024 2554.71 
1025 2460.46 
1026 2383.08 
1027 2480.96 
1028 2417.60 
1029 2534.26 
1030 2441.05 
1031 2521.83 
1032 2556.66 
1033 2360.28 
1034 2404.57 
1035 2444.81 
1036 2484.02 
1037 2435.66 
1038 2391.08 
1039 2428.43 
1040 2492.85 
1041 2424.79 
1042 2550.85 
1043 2449.94 
1044 2493.24 
1045 2484.74 
1046 2489.16 
1047 2382.91 
1048 2489.30 
1049 2453.92 
1050 2481.42 
1051 2353.52 
1052 2431.59 
1053 2447.21 
1054 2464.08 
1055 2443.06 
1056 2520.84 
1057 2567.77 
1058 2488.98 
1059 2398.22 
1060 2477.05 
1061 2467.46 
1062 2436.49 
1063 2511.71 
1064 2446.08 
1065 2492.57 
1066 2412.34 
1067 2501.40 
1068 2564.18 
1069 2444.38 
1070 2467.38 
1071 2524.54 
1072 2504.46 
1073 2367.67 
1074 2444.51 
1075 2501.59 
1076 2526.19 
1077 2532.74 
1078 2505.11 
1079 2416.38 
1080 2495.36 
1081 2519.16 
1082 2623.84 
1083 2458.64 
1084 2411.71 
1085 2367.05 
1086 2561.45 
1087 2565.17 
1088 2503.75 
1089 2498.30 
1090 2499.36 
1091 2371.40 
1092 2430.69 
1093 2404.63 
1094 2496.59 
1095 2501.27 
1096 2450.99 
1097 2502.05 
1098 2443.69 
1099 2460.42 
1100 2484.96 
1101 2485.72 
1102 2503.87 
1103 2409.15 
1104 2420.62 
1105 -43.13 
1106 2447.04 
1107 2567.49 
1108 2484.09 
1109 2445.54 
1110 2435.11 
1111 2515.07 
1112 2435.40 
1113 2390.11 
1114 2498.26 
1115 2474.33 
1116 2483.51 
1117 2478.25 
1118 2446.75 
1119 2419.75 
1120 2517.94 
1121 2454.40 
1122 2472.16 
1123 2396.61 
1124 2556.75 
1125 2458.65 
1126 2548.51 
1127 2434.20 
1128 215.46 
1129 2518.18 
1130 2530.44 
1131 2503.68 
1132 2392.17 
1133 2593.16 
1134 2382.88 
1135 2534.00 
1136 2460.14 
1137 2454.95 
1138 1429.20 
1139 2558.40 
1140 2473.40 
1141 2436.75 
1142 2483.75 
1143 2536.33 
1144 2473.46 
1145 2560.80 
1146 2441.86 
1147 2561.03 
1148 664.39 
1149 2480.59 
1150 2446.30 
1151 2540.89 
1152 2531.05 
1153 2504.64 
1154 2427.79 
1155 2572.40 
1156 2552.74 
1157 2510.45 
1158 2412.21 
1159 2497.61 
1160 2571.32 
1161 2503.56 
1162 2499.21 
1163 2552.97 
1164 2562.69 
1165 2484.22 
1166 2466.30 
1167 2434.15 
1168 2446.18 
1169 2456.80 
1170 2532.84 
1171 2387.57 
1172 2458.13 
1173 2421.29 
1174 2448.61 
1175 2484.33 
1176 2504.27 
1177 2418.77 
1178 2356.69 
1179 2519.39 
1180 2381.31 
1181 2538.48 
1182 2211.30 
1183 2453.51 
1184 2511.66 
1185 2493.06 
1186 2500.13 
1187 2574.40 
1188 2517.40 
1189 2431.62 
1190 2413.85 
1191 2448.90 
1192 2505.18 
1193 2413.61 
1194 2464.66 
1195 2435.39 
1196 2514.22 
1197 2512.07 
1198 2437.38 
1199 2468.67 
1200 715.00 
1201 2475.52 
1202 2458.75 
1203 2438.89 
1204 2492.63 
1205 2564.41 
1206 2519.74 
1207 2506.25 
1208 2557.03 
1209 2582.69 
1210 2508.61 
1211 2503.54 
1212 2534.18 
1213 2433.46 
1214 2469.84 
1215 2494.50 
1216 2485.69 
1217 2522.51 
1218 2452.78 
1219 2551.04 
1220 2441.42 
1221 2553.38 
1222 2505.96 
1223 2458.19 
1224 2578.84 
1225 2468.38 
1226 2480.86 
1227 2501.93 
1228 2466.90 
1229 2492.75 
1230 2589.48 
1231 2477.20 
1232 2496.39 
1233 2559.28 
1234 2461.87 
1235 2503.50 
1236 2483.95 
1237 2524.96 
1238 2519.49 
1239 2569.65 
1240 2480.66 
1241 2541.18 
1242 2459.21 
1243 2403.45 
1244 2473.75 
1245 2453.19 
1246 2468.06 
1247 2438.80 
1248 2572.73 
1249 2475.80 
1250 2509.95 
1251 2437.55 
1252 2485.46 
1253 2508.85 
1254 2498.91 
1255 2501.97 
1256 2546.00 
1257 2564.34 
1258 2453.73 
1259 2497.36 
1260 2611.26 
1261 2485.73 
1262 2524.85 
1263 2499.66 
1264 2520.06 
1265 2550.80 
1266 2386.74 
1267 2489.81 
1268 2532.66 
1269 2490.86 
1270 2485.59 
1271 2566.73 
1272 2518.40 
1273 2531.72 
1274 2420.73 
1275 2594.51 
1276 2500.81 
1277 2497.63 
1278 2491.73 
1279 2557.22 
1280 2506.93 
1281 2488.75 
1282 2500.62 
1283 2473.06 
1284 2459.75 
1285 2504.70 
1286 2517.87 
1287 2479.87 
1288 2412.93 
1289 2590.34 
1290 2445.41 
1291 2517.24 
1292 2572.03 
1293 2469.31 
1294 2569.62 
1295 2510.52 
1296 2515.64 
1297 2521.73 
1298 2473.22 
1299 2546.03 
1300 2464.10 
1301 2549.55 
1302 2509.22 
1303 2503.24 
1304 2440.22 
1305 2470.50 
1306 2527.12 
1307 2519.01 
1308 2555.37 
1309 2500.69 
1310 2526.13 
1311 2562.27 
1312 2500.19 
1313 2501.79 
1314 2390.40 
1315 2406.41 
1316 2460.73 
1317 2611.65 
1318 2580.25 
1319 2444.18 
1320 2574.03 
1321 2543.07 
1322 1791.25 
1323 2453.57 
1324 2588.92 
1325 2477.47 
1326 1501.00 
1327 2530.01 
1328 2507.65 
1329 2497.41 
1330 2481.79 
1331 2408.38 
1332 2561.33 
1333 2612.00 
1334 2553.81 
1335 2555.16 
1336 2532.43 
1337 2556.54 
1338 2542.09 
1339 2599.43 
1340 2546.78 
1341 2429.09 
1342 2574.14 
1343 2568.64 
1344 2536.00 
1345 2440.92 
1346 2439.92 
1347 1316.12 
1348 2528.99 
1349 2562.87 
1350 2502.59 
1351 2531.31 
1352 2528.49 
1353 2530.42 
1354 2419.17 
1355 2429.77 
1356 2570.12 
1357 2587.84 
1358 2455.78 
1359 2482.15 
1360 2562.95 
1361 2470.06 
1362 2554.04 
1363 2523.18 
1364 2494.24 
1365 2498.53 
1366 2532.22 
1367 2507.68 
1368 2472.38 
1369 2604.69 
1370 2497.63 
1371 2487.66 
1372 2630.35 
1373 2464.45 
1374 2406.85 
1375 2570.02 
1376 2461.76 
1377 2580.64 
1378 2513.13 
1379 2455.26 
1380 2515.23 
1381 2530.28 
1382 2530.21 
1383 2537.70 
1384 2563.61 
1385 2484.36 
1386 2540.44 
1387 2489.58 
1388 2549.75 
1389 2579.46 
1390 2524.40 
1391 2526.13 
1392 1982.36 
1393 2586.40 
1394 2469.81 
1395 2563.09 
1396 2551.58 
1397 2546.75 
1398 2132.98 
1399 2464.25 
1400 2534.99 
0 2530.39 
1 2513.74 
2 2567.04 
3 2538.16 
4 2438.35 
5 2564.36 
6 2527.79 
7 2439.40 
8 2477.24 
9 2556.80 
10 2548.05 
11 2501.80 
12 2524.37 
13 2530.02 
14 2424.18 
15 2652.98 
16 2580.43 
17 2626.51 
18 2598.59 
19 2535.33 
20 2443.07 
21 2563.49 
22 2588.66 
23 2529.29 
24 2566.37 
25 2576.28 
26 2529.92 
27 2543.88 
28 2535.16 
29 2477.10 
30 2496.17 
31 2552.56 
32 2605.51 
33 2469.71 
34 2528.17 
35 2496.18 
36 2542.11 
37 2492.35 
38 2494.60 
39 2525.21 
40 2540.90 
41 2576.44 
42 2506.95 
43 2518.93 
44 2524.68 
45 2591.08 
46 2559.58 
47 2452.78 
48 2472.86 
49 2479.17 
50 2457.65 
51 2568.50 
52 2527.72 
53 2525.59 
54 2599.18 
55 2608.23 
56 2537.51 
57 2462.13 
58 2579.07 
59 2528.18 
60 2585.26 
61 2468.81 
62 2530.04 
63 2492.65 
64 2469.21 
65 2594.05 
66 2533.79 
67 2468.94 
68 2542.42 
69 2548.20 
70 2566.00 
71 2555.48 
72 2603.75 
73 2454.96 
74 2507.63 
75 2458.08 
76 2519.40 
77 2486.39 
78 2547.22 
79 2485.74 
80 2378.74 
81 2506.67 
82 2492.77 
83 2554.40 
84 2506.19 
85 2535.91 
86 2593.81 
87 2515.50 
88 2516.41 
89 2497.72 
90 2500.33 
91 2126.86 
92 2540.57 
93 2474.17 
94 2658.25 
95 2580.60 
96 2532.94 
97 2487.20 
98 2503.67 
99 2545.88 
100 2512.39 
101 2580.09 
102 2539.64 
103 2518.58 
104 2529.32 
105 2549.36 
106 2478.03 
107 1919.47 
108 2651.29 
109 2426.53 
110 2543.67 
111 2633.25 
112 2552.64 
113 2476.56 
114 2579.59 
115 2632.15 
116 2547.44 
117 2557.50 
118 2534.32 
119 2539.87 
120 2489.06 
121 2566.56 
122 2548.86 
123 2583.15 
124 2557.87 
125 1197.94 
126 2570.30 
127 2525.46 
128 2562.95 
129 2521.06 
130 2534.10 
131 2525.70 
132 2548.76 
133 2509.23 
134 2536.15 
135 2591.49 
136 2526.64 
137 2485.80 
138 2471.30 
139 2483.56 
140 2487.74 
141 2659.81 
142 2570.46 
143 2528.92 
144 2582.35 
145 2573.95 
146 2604.19 
147 2600.52 
148 2496.36 
149 2521.40 
150 2509.96 
151 2508.11 
152 2588.58 
153 2451.52 
154 2504.82 
155 2562.52 
156 2485.12 
157 2517.50 
158 2549.19 
159 2528.93 
160 2595.29 
161 2563.47 
162 2520.36 
163 2546.59 
164 2564.68 
165 2526.30 
166 2528.28 
167 2587.27 
168 2485.06 
169 2583.14 
170 2590.39 
171 2513.48 
172 2500.58 
173 2508.06 
174 2547.86 
175 2532.39 
176 2559.01 
177 2537.80 
178 2552.54 
179 2550.28 
180 2492.62 
181 2561.49 
182 2561.46 
183 2546.90 
184 2468.03 
185 2464.53 
186 2588.41 
187 2583.20 
188 2553.35 
189 2569.52 
190 2549.18 
191 2612.50 
192 2480.80 
193 2653.74 
194 2568.06 
195 2462.24 
196 2498.89 
197 331.10 
198 2557.20 
199 2477.57 
200 2509.35 
201 2479.57 
202 2614.20 
203 2502.43 
204 2489.78 
205 2536.28 
206 2508.14 
207 2496.55 
208 2526.41 
209 2491.99 
210 2485.19 
211 2550.67 
212 2484.64 
213 2507.64 
214 2562.78 
215 2608.67 
216 2499.79 
217 2579.67 
218 2498.98 
219 1365.07 
220 2504.62 
221 2588.55 
222 2571.23 
223 2491.95 
224 2607.54 
225 2564.63 
226 2495.66 
227 2444.56 
228 2511.27 
229 2485.10 
230 2487.22 
231 2518.10 
232 2471.46 
233 2525.64 
234 2586.33 
235 2510.82 
236 2585.16 
237 2557.83 
238 708.18 
239 2416.05 
240 2603.23 
241 2487.95 
242 2513.14 
243 2510.40 
244 2561.09 
245 2503.42 
246 2518.46 
247 349.84 
248 2565.56 
249 2631.58 
250 2527.66 
251 2527.81 
252 2570.05 
253 2592.75 
254 2608.82 
255 2550.92 
256 2570.35 
257 2563.11 
258 862.16 
259 2458.46 
260 2555.26 
261 2524.30 
262 2475.33 
263 2505.40 
264 2546.55 
265 2568.43 
266 2500.10 
267 2626.36 
268 2579.69 
269 2625.31 
270 2613.23 
271 2545.02 
272 2584.99 
273 2562.79 
274 2567.36 
275 2550.15 
276 2591.94 
277 2514.58 
278 2528.69 
279 2574.39 
280 2586.43 
281 2516.02 
282 2584.90 
283 2537.77 
284 2471.77 
285 2473.41 
286 2607.16 
287 2547.13 
288 2543.44 
289 2510.63 
290 2516.56 
291 2572.84 
292 2545.12 
293 2537.01 
294 2556.71 
295 2446.87 
296 2460.21 
297 2575.10 
298 2540.64 
299 2537.55 
300 2588.35 
301 2493.57 
302 2504.31 
303 2602.29 
304 2423.81 
305 2519.70 
306 872.01 
307 2609.90 
308 261.38 
309 2415.46 
310 2663.11 
311 2523.50 
312 2470.95 
313 2535.63 
314 2600.44 
315 2544.57 
316 2476.75 
317 2530.76 
318 2519.05 
319 2607.38 
320 2463.29 
321 2542.14 
322 2518.01 
323 2550.30 
324 2576.21 
325 2494.89 
326 2482.94 
327 2526.61 
328 2539.44 
329 2461.04 
330 2539.13 
331 2580.96 
332 2492.96 
333 1701.44 
334 2539.40 
335 2606.17 
336 2605.48 
337 2566.58 
338 2499.77 
339 2601.87 
340 2547.20 
341 2463.72 
342 2534.02 
343 2592.93 
344 2548.19 
345 2550.31 
346 2620.48 
347 2602.28 
348 2541.87 
349 2593.50 
350 2612.20 
351 1552.52 
352 2619.11 
353 2498.75 
354 2590.86 
355 2512.18 
356 2482.94 
357 2497.30 
358 2551.60 
359 2526.38 
360 2587.26 
361 2525.14 
362 2491.58 
363 2496.16 
364 2537.20 
365 2553.00 
366 2543.96 
367 2576.50 
368 2600.90 
369 2540.30 
370 2480.28 
371 2458.48 
372 2495.37 
373 2466.79 
374 2477.28 
375 2509.40 
376 2434.81 
377 2539.53 
378 2647.06 
379 2520.42 
380 2650.50 
381 2539.29 
382 2507.04 
383 2510.72 
384 2589.96 
385 2497.28 
386 2527.10 
387 2505.64 
388 2680.02 
389 2647.07 
390 2584.91 
391 2604.94 
392 2584.67 
393 2557.10 
394 2590.19 
395 2555.44 
396 2577.92 
397 2578.39 
398 2504.60 
399 2575.09 
400 2531.13 
401 2567.46 
402 2636.40 
403 2523.73 
404 2630.87 
405 2604.86 
406 2576.85 
407 2544.76 
408 2554.83 
409 2471.41 
410 2660.20 
411 2535.37 
412 2585.73 
413 2591.46 
414 2576.31 
415 2557.86 
416 2506.65 
417 2541.80 
418 2470.86 
419 2570.60 
420 2527.45 
421 2536.10 
422 2512.93 
423 2538.50 
424 2555.28 
425 2559.77 
426 2557.20 
427 2670.80 
428 2558.02 
429 2545.58 
430 2525.25 
431 2630.98 
432 2503.71 
433 2543.52 
434 2575.00 
435 2562.10 
436 1760.68 
437 2524.18 
438 2564.86 
439 2615.38 
440 2548.91 
441 2622.48 
442 2455.68 
443 2527.89 
444 2566.00 
445 2636.14 
446 2573.75 
447 2531.07 
448 2505.16 
449 2577.98 
450 2574.69 
451 2508.73 
452 2637.55 
453 2477.10 
454 1561.43 
455 2563.80 
456 2586.13 
457 2637.85 
458 2526.48 
459 2527.86 
460 2581.96 
461 2526.70 
462 2498.37 
463 2577.92 
464 2613.88 
465 2590.91 
466 2569.04 
467 2574.88 
468 2615.62 
469 2624.49 
470 2560.60 
471 2308.62 
472 2549.74 
473 2580.41 
474 2664.61 
475 2562.23 
476 2521.84 
477 2563.88 
478 2625.69 
479 2522.93 
480 2609.35 
481 2595.94 
482 2628.64 
483 2648.76 
484 2642.89 
485 2506.44 
486 2601.96 
487 2649.82 
488 2623.85 
489 2573.81 
490 2554.38 
491 2561.46 
492 2613.03 
493 2506.03 
494 2640.32 
495 2631.66 
496 2561.26 
497 2573.73 
498 2574.26 
499 2642.65 
500 2553.99 
501 922.15 
502 2498.92 
503 2502.29 
504 2539.01 
505 2567.55 
506 2610.64 
507 2462.74 
508 2572.50 
509 2532.84 
510 2468.94 
511 2580.78 
512 2534.32 
513 2554.01 
514 2555.88 
515 2540.07 
516 2598.59 
517 2521.36 
518 2469.41 
519 2555.28 
520 2516.68 
521 2533.78 
522 2539.42 
523 2677.11 
524 2539.81 
525 2531.47 
526 2503.21 
527 2578.46 
528 2577.28 
529 2597.88 
530 2545.95 
531 2519.16 
532 2635.88 
533 2581.07 
534 2560.10 
535 2633.31 
536 2568.35 
537 2584.12 
538 2478.37 
539 2571.05 
540 2571.39 
541 2516.89 
542 2591.76 
543 2581.04 
544 2568.55 
545 2560.62 
546 2561.79 
547 2607.20 
548 2517.28 
549 2484.90 
550 2570.01 
551 2535.54 
552 2577.54 
553 2527.46 
554 2589.17 
555 2584.80 
556 2529.62 
557 2596.42 
558 2595.44 
559 2518.23 
560 2584.88 
561 2661.24 
562 841.58 
563 2601.38 
564 2518.60 
565 2588.67 
566 2642.98 
567 2500.85 
568 2535.43 
569 2548.68 
570 2645.30 
571 2593.64 
572 2556.31 
573 2469.60 
574 2543.35 
575 2545.12 
576 2583.06 
577 2625.17 
578 2580.71 
579 2564.12 
580 2549.21 
581 2609.31 
582 2613.61 
583 2602.75 
584 2661.36 
585 2498.74 
586 2541.24 
587 2613.58 
588 2532.46 
589 2622.90 
590 2632.02 
591 2550.22 
592 2529.94 
593 2640.93 
594 2699.97 
595 2669.32 
596 2521.52 
597 2570.14 
598 2535.56 
599 2599.19 
600 507.35 
601 2489.82 
602 2615.43 
603 2511.43 
604 2629.45 
605 2705.65 
606 2608.47 
607 2603.99 
608 2591.08 
609 2563.25 
610 2609.70 
611 2596.84 
612 2577.80 
613 2663.24 
614 2574.13 
615 2528.88 
616 2629.60 
617 2616.10 
618 2543.27 
619 2547.78 
620 2579.89 
621 2557.31 
622 2575.01 
623 2486.53 
624 2553.78 
625 2567.15 
626 2554.76 
627 2533.94 
628 2682.01 
629 2590.24 
630 2507.49 
631 2578.46 
632 2591.38 
633 2686.08 
634 2602.48 
635 2553.21 
636 2583.23 
637 2539.04 
638 2614.79 
639 2633.40 
640 2495.74 
641 2600.84 
642 2518.02 
643 2508.10 
644 2590.70 
645 2629.08 
646 2577.16 
647 2520.67 
648 2532.44 
649 2630.61 
650 2550.51 
651 2544.26 
652 2525.71 
653 2632.73 
654 2485.34 
655 2557.08 
656 2585.02 
657 2585.84 
658 2646.93 
659 2635.35 
660 2609.04 
661 2709.36 
662 2499.03 
663 2625.23 
664 2591.22 
665 2612.55 
666 2608.18 
667 2585.84 
668 2318.32 
669 2488.49 
670 2584.63 
671 2631.13 
672 2619.98 
673 2611.53 
674 2579.25 
675 2571.94 
676 2538.31 
677 2487.36 
678 2660.49 
679 2555.67 
680 2584.02 
681 2545.29 
682 2572.70 
683 2581.46 
684 2539.44 
685 2524.41 
686 2556.90 
687 2623.01 
688 2585.73 
689 2634.66 
690 2483.10 
691 2526.97 
692 2642.22 
693 2536.58 
694 2663.48 
695 2651.29 
696 2569.07 
697 2565.35 
698 2629.68 
699 2634.87 
700 2535.56 
701 2612.11 
702 2530.11 
703 2569.91 
704 2549.06 
705 2529.70 
706 2630.71 
707 2574.93 
708 2568.20 
709 2664.31 
710 2471.92 
711 2589.18 
712 2580.21 
713 2485.94 
714 2530.32 
715 2489.65 
716 2536.38 
717 2582.58 
718 2593.25 
719 2593.58 
720 2520.39 
721 2564.76 
722 2662.50 
723 2574.08 
724 2637.13 
725 2596.53 
726 2590.99 
727 2566.12 
728 2564.64 
729 2626.06 
730 2514.30 
731 2554.23 
732 2574.02 
733 2662.60 
734 2592.81 
735 2622.95 
736 2601.70 
737 2587.79 
738 2555.80 
739 2520.53 
740 2582.84 
741 2520.75 
742 2566.18 
743 2597.12 
744 2648.98 
745 2497.03 
746 2623.00 
747 2580.74 
748 2596.59 
749 2581.02 
750 2490.82 
751 2535.32 
752 2550.25 
753 2494.75 
754 2623.59 
755 2588.02 
756 2549.53 
757 2574.65 
758 2510.14 
759 2570.70 
760 2482.62 
761 2544.69 
762 2593.92 
763 2683.95 
764 2459.41 
765 2537.69 
766 2567.61 
767 2538.61 
768 2529.92 
769 2568.17 
770 2513.76 
771 2597.94 
772 2579.94 
773 2604.34 
774 2603.12 
775 2614.64 
776 2705.71 
777 2597.28 
778 2541.39 
779 2544.07 
780 2685.31 
781 2595.36 
782 2537.53 
783 2521.58 
784 2576.01 
785 2569.03 
786 2625.19 
787 2507.07 
788 2684.92 
789 2529.17 
790 2570.35 
791 2527.21 
792 2633.67 
793 2558.32 
794 2654.37 
795 2578.43 
796 2545.81 
797 2607.13 
798 2572.94 
799 2602.67 
800 2632.71 
801 2642.22 
802 2622.41 
803 2535.74 
804 2650.09 
805 458.68 
806 2579.13 
807 2582.96 
808 2653.51 
809 2559.97 
810 2573.42 
811 2578.66 
812 2576.28 
813 2620.72 
814 2575.46 
815 2596.22 
816 2619.61 
817 2595.09 
818 2681.71 
819 2592.99 
820 2595.51 
821 2681.90 
822 2580.98 
823 2623.21 
824 2631.26 
825 2595.38 
826 2605.40 
827 2681.98 
828 2628.16 
829 2666.06 
830 2552.54 
831 2590.73 
832 2539.86 
833 2643.17 
834 2657.51 
835 2474.14 
836 2583.09 
837 2580.04 
838 2602.25 
839 2504.73 
840 2590.39 
841 2590.33 
842 2623.72 
843 2579.04 
844 2538.98 
845 2509.25 
846 2601.46 
847 2616.31 
848 2640.72 
849 2601.44 
850 2486.72 
851 2591.35 
852 2576.82 
853 2527.34 
854 2597.96 
855 2505.87 
856 2632.00 
857 2625.04 
858 2619.20 
859 2610.29 
860 2559.95 
861 2519.88 
862 2556.48 
863 2537.69 
864 2590.52 
865 2670.26 
866 2605.57 
867 2049.45 
868 2705.04 
869 2571.78 
870 2681.58 
871 2574.41 
872 2526.88 
873 2569.73 
874 2589.93 
875 2607.31 
876 2499.91 
877 2618.81 
878 2625.08 
879 2526.54 
880 2583.12 
881 2525.64 
882 2599.29 
883 2695.36 
884 2637.82 
885 2640.32 
886 2595.60 
887 2579.18 
888 2643.19 
889 2563.35 
890 2649.49 
891 2587.44 
892 2608.59 
893 2629.52 
894 2591.39 
895 2640.06 
896 2636.82 
897 2586.52 
898 2557.05 
899 2546.86 
900 2565.81 
901 2540.97 
902 2529.08 
903 2607.71 
904 2551.63 
905 2508.20 
906 2642.77 
907 2635.62 
908 2454.19 
909 2627.76 
910 2605.04 
911 2552.36 
912 2637.08 
913 2608.04 
914 2624.34 
915 2510.74 
916 2703.85 
917 2564.39 
918 2486.70 
919 2564.18 
920 2546.10 
921 2565.09 
922 2589.51 
923 2680.80 
924 2608.30 
925 2512.82 
926 2590.99 
927 2487.80 
928 2555.52 
929 2552.19 
930 2610.55 
931 2558.48 
932 2517.90 
933 2532.09 
934 2580.35 
935 2655.34 
936 2520.76 
937 2600.68 
938 2510.88 
939 2599.38 
940 2625.95 
941 2585.01 
942 2578.65 
943 2588.24 
944 2559.78 
945 2559.40 
946 2616.76 
947 2609.63 
948 1469.37 
949 2626.93 
950 2563.32 
951 2589.93 
952 2459.37 
953 2546.89 
954 2531.72 
955 2524.43 
956 2605.75 
957 2650.50 
958 2603.27 
959 2540.98 
960 2619.85 
961 2660.98 
962 2615.22 
963 2558.80 
964 2553.00 
965 2596.80 
966 2528.56 
967 2549.94 
968 2587.91 
969 2502.73 
970 2599.36 
971 2597.60 
972 2649.66 
973 2638.51 
974 2655.76 
975 2620.30 
976 2628.68 
977 2620.26 
978 2563.10 
979 2566.58 
980 2547.17 
981 2563.74 
982 2562.65 
983 2605.56 
984 2648.41 
985 2509.06 
986 2625.20 
987 2757.81 
988 2578.46 
989 2578.56 
990 2700.38 
991 2600.04 
992 2659.38 
993 2689.22 
994 2542.45 
995 2624.15 
996 2539.73 
997 2652.61 
998 2594.96 
999 2632.77 
1000 2502.77 
1001 2669.33 
1002 2579.12 
1003 2659.34 
1004 2670.53 
1005 2689.55 
1006 2635.85 
1007 2636.38 
1008 2644.09 
1009 2558.32 
1010 2595.65 
1011 2621.80 
1012 2688.07 
1013 2661.67 
1014 2606.38 
1015 2651.25 
1016 2538.82 
1017 2647.06 
1018 2652.89 
1019 2609.93 
1020 2649.09 
1021 2506.10 
1022 2605.07 
1023 2677.98 
1024 2570.61 
1025 2583.60 
1026 2499.14 
1027 2645.40 
1028 2552.88 
1029 2609.04 
1030 2584.07 
1031 2575.13 
1032 2543.71 
1033 2569.11 
1034 2669.52 
1035 2555.60 
1036 2609.75 
1037 2651.85 
1038 2610.88 
1039 2678.01 
1040 2649.61 
1041 2623.56 
1042 2656.08 
1043 2581.93 
1044 2607.39 
1045 2571.73 
1046 2614.53 
1047 2606.46 
1048 2614.30 
1049 2561.15 
1050 2746.07 
1051 2719.46 
1052 2674.08 
1053 2608.54 
1054 2618.89 
1055 2552.02 
1056 2578.45 
1057 2621.15 
1058 2521.51 
1059 2642.51 
1060 2636.14 
1061 2637.11 
1062 2664.65 
1063 2585.98 
1064 2676.53 
1065 2564.76 
1066 2656.17 
1067 2663.55 
1068 2549.83 
1069 2498.67 
1070 2605.14 
1071 2539.20 
1072 2653.74 
1073 2663.91 
1074 2600.45 
1075 2651.67 
1076 2629.61 
1077 2570.00 
1078 2632.17 
1079 2665.26 
1080 2672.81 
1081 2560.73 
1082 2685.30 
1083 2634.37 
1084 2625.39 
1085 2622.82 
1086 2681.92 
1087 2563.63 
1088 2486.00 
1089 2616.22 
1090 2619.45 
1091 2635.63 
1092 2661.69 
1093 2677.33 
1094 2616.97 
1095 2717.63 
1096 2525.62 
1097 2593.59 
1098 2667.95 
1099 2600.92 
1100 2678.28 
1101 2645.97 
1102 2637.68 
1103 2642.37 
1104 2627.90 
1105 2659.36 
1106 2673.87 
1107 2640.01 
1108 2683.30 
1109 2543.87 
1110 2639.39 
1111 2661.76 
1112 2697.04 
1113 2574.84 
1114 2603.32 
1115 2486.93 
1116 2658.20 
1117 2646.50 
1118 2619.07 
1119 2558.20 
1120 2675.34 
1121 2655.72 
1122 2684.05 
1123 2660.70 
1124 2605.34 
1125 2675.70 
1126 2623.02 
1127 2597.60 
1128 2632.16 
1129 2553.78 
1130 2641.99 
1131 2614.87 
1132 2625.84 
1133 2554.53 
1134 2643.88 
1135 2605.60 
1136 2639.55 
1137 2615.19 
1138 2651.54 
1139 2572.95 
1140 2565.42 
1141 2654.61 
1142 2736.39 
1143 2750.54 
1144 2587.82 
1145 2641.18 
1146 2660.37 
1147 2610.41 
1148 2756.98 
1149 2531.61 
1150 2579.79 
1151 2684.34 
1152 2744.02 
1153 2675.66 
1154 2524.71 
1155 2607.14 
1156 2688.77 
1157 2682.10 
1158 2697.97 
1159 2655.90 
1160 2680.95 
1161 2602.10 
1162 2694.08 
1163 2641.36 
1164 2610.53 
1165 2699.99 
1166 2704.54 
1167 2636.78 
1168 2645.76 
1169 2601.83 
1170 2637.56 
1171 2636.42 
1172 2645.94 
1173 2687.82 
1174 2576.48 
1175 2637.54 
1176 2559.48 
1177 2652.60 
1178 2527.59 
1179 2617.98 
1180 2513.10 
1181 2653.55 
1182 2630.69 
1183 2655.12 
1184 2644.58 
1185 2707.60 
1186 2614.99 
1187 2604.88 
1188 2508.71 
1189 2692.02 
1190 2544.21 
1191 2525.40 
1192 2729.41 
1193 2568.24 
1194 2602.27 
1195 2720.09 
1196 2582.22 
1197 2659.12 
1198 2595.44 
1199 2631.01 
1200 2661.73 
1201 2712.13 
1202 2603.02 
1203 2767.28 
1204 2660.44 
1205 2598.49 
1206 2565.07 
1207 2605.38 
1208 2603.21 
1209 2532.74 
1210 2504.99 
1211 2693.24 
1212 2630.95 
1213 2592.58 
1214 2638.67 
1215 2639.18 
1216 2692.49 
1217 2663.42 
1218 2620.70 
1219 2691.75 
1220 2563.45 
1221 2632.08 
1222 2703.73 
1223 2548.83 
1224 2628.23 
1225 2643.37 
1226 2642.92 
1227 2542.54 
1228 2546.31 
1229 2682.40 
1230 2527.24 
1231 2616.73 
1232 2676.13 
1233 2654.18 
1234 2606.78 
1235 17.34 
1236 2616.55 
1237 2630.39 
1238 2731.54 
1239 2725.11 
1240 2554.17 
1241 2714.93 
1242 2603.06 
1243 2607.01 
1244 2648.31 
1245 2593.36 
1246 2018.52 
1247 2705.71 
1248 2601.34 
1249 2665.58 
1250 2652.68 
1251 2531.74 
1252 2624.87 
1253 2688.41 
1254 2613.28 
1255 2759.79 
1256 2803.35 
1257 2616.53 
1258 2656.98 
1259 2672.10 
1260 2665.81 
1261 2588.58 
1262 2662.19 
1263 2621.37 
1264 2557.09 
1265 2607.96 
1266 2739.99 
1267 2607.32 
1268 2619.59 
1269 2749.73 
1270 2608.70 
1271 2759.00 
1272 2605.20 
1273 2596.47 
1274 2709.54 
1275 2581.79 
1276 2692.72 
1277 2602.28 
1278 2617.01 
1279 2663.93 
1280 2636.30 
1281 2688.75 
1282 2678.98 
1283 2600.57 
1284 2653.77 
1285 2588.58 
1286 2616.52 
1287 2605.81 
1288 2641.89 
1289 2666.75 
1290 2724.84 
1291 2625.90 
1292 2597.32 
1293 2613.01 
1294 2589.12 
1295 2645.13 
1296 2686.15 
1297 2704.23 
1298 2627.49 
1299 2626.02 
1300 2690.83 
1301 2646.01 
1302 2662.77 
1303 2574.74 
1304 2595.69 
1305 2627.92 
1306 2564.05 
1307 2603.49 
1308 2692.02 
1309 2657.46 
1310 2580.31 
1311 2552.34 
1312 2657.44 
1313 2618.79 
1314 2628.63 
1315 2620.17 
1316 2545.60 
1317 2581.81 
1318 2615.67 
1319 2657.09 
1320 2651.33 
1321 2565.27 
1322 2531.17 
1323 2638.66 
1324 2624.78 
1325 2635.45 
1326 1297.29 
1327 2633.19 
1328 2704.74 
1329 2623.54 
1330 2607.61 
1331 2577.02 
1332 2565.77 
1333 2551.50 
1334 2612.10 
1335 2545.90 
1336 2669.16 
1337 2588.32 
1338 2631.13 
1339 2594.67 
1340 2644.78 
1341 2643.85 
1342 2738.51 
1343 2664.19 
1344 2727.73 
1345 2652.56 
1346 2655.52 
1347 2669.73 
1348 2640.81 
1349 2557.45 
1350 2539.66 
1351 2631.78 
1352 2676.21 
1353 2633.90 
1354 2676.97 
1355 2666.92 
1356 2698.84 
1357 2588.43 
1358 2607.38 
1359 2661.93 
1360 2643.67 
1361 2566.71 
1362 2700.98 
1363 2536.01 
1364 2648.70 
1365 2632.00 
1366 2553.10 
1367 2635.74 
1368 2602.31 
1369 2632.03 
1370 2581.45 
1371 2553.57 
1372 2601.97 
1373 2627.57 
1374 2656.70 
1375 2657.24 
1376 2617.60 
1377 2638.97 
1378 2679.17 
1379 2597.06 
1380 2590.30 
1381 2612.99 
1382 2686.22 
1383 2642.04 
1384 2489.89 
1385 2531.87 
1386 2661.73 
1387 2664.94 
1388 2693.51 
1389 2626.52 
1390 2563.17 
1391 2528.45 
1392 2623.92 
1393 2783.66 
1394 2657.13 
1395 2649.81 
1396 2708.68 
1397 2696.21 
1398 2557.52 
1399 2685.57 
1400 2602.79 
0 2638.75 
1 2647.69 
2 2664.45 
3 2642.29 
4 2671.25 
5 2679.36 
6 2636.76 
7 2626.56 
8 2734.02 
9 2604.45 
10 2650.12 
11 2625.09 
12 2706.10 
13 2593.44 
14 2621.80 
15 2529.41 
16 2656.43 
17 2534.12 
18 2585.39 
19 2591.03 
20 2689.53 
21 2654.16 
22 2597.60 
23 2524.42 
24 2609.02 
25 2663.50 
26 2612.48 
27 2652.36 
28 2623.30 
29 2672.34 
30 2572.89 
31 2438.34 
32 2629.50 
33 2601.98 
34 2669.20 
35 2524.99 
36 2616.68 
37 2627.27 
38 2675.39 
39 2674.68 
40 2589.33 
41 2560.51 
42 2506.63 
43 2570.13 
44 2600.20 
45 2617.41 
46 2724.43 
47 2604.21 
48 2656.79 
49 2674.72 
50 2657.46 
51 2629.33 
52 2683.17 
53 2615.20 
54 2665.47 
55 2623.82 
56 2665.13 
57 2659.21 
58 2610.15 
59 2703.57 
60 2747.67 
61 2637.78 
62 2584.79 
63 2709.13 
64 2541.63 
65 2729.92 
66 2626.07 
67 2671.95 
68 2682.01 
69 2669.02 
70 2644.30 
71 2653.52 
72 2676.90 
73 2476.15 
74 2582.51 
75 2726.47 
76 2638.54 
77 2576.93 
78 2708.43 
79 2637.37 
80 2728.21 
81 2623.65 
82 2686.46 
83 2649.34 
84 2663.18 
85 2683.82 
86 2630.63 
87 2725.98 
88 2560.81 
89 2602.15 
90 1046.24 
91 2610.62 
92 2722.02 
93 2701.84 
94 2680.60 
95 2585.66 
96 2603.81 
97 2674.73 
98 2679.56 
99 2566.05 
100 2737.18 
101 2672.59 
102 2639.81 
103 2706.12 
104 2657.06 
105 2659.01 
106 2638.15 
107 2689.54 
108 2694.91 
109 2686.87 
110 2737.87 
111 2648.89 
112 2565.78 
113 2627.08 
114 2553.27 
115 2729.05 
116 2666.42 
117 2655.49 
118 2632.76 
119 2626.00 
120 2608.07 
121 2698.69 
122 2740.16 
123 2692.54 
124 2565.38 
125 2636.34 
126 2701.30 
127 2554.79 
128 2679.62 
129 2721.70 
130 2617.96 
131 2731.95 
132 2553.83 
133 2599.68 
134 2644.61 
135 2695.25 
136 2639.48 
137 2707.14 
138 2653.48 
139 2659.66 
140 2633.82 
141 2660.12 
142 2540.11 
143 2636.15 
144 2709.28 
145 2629.71 
146 2683.39 
147 2529.95 
148 2677.25 
149 2576.95 
150 2595.68 
151 2694.17 
152 2626.17 
153 2541.38 
154 2699.58 
155 2598.26 
156 2660.79 
157 2527.68 
158 298.25 
159 2651.09 
160 2663.64 
161 2591.38 
162 2518.31 
163 2675.76 
164 2544.73 
165 2681.23 
166 2507.14 
167 2509.06 
168 2683.90 
169 2563.98 
170 2520.60 
171 2720.09 
172 2719.27 
173 2684.85 
174 2626.18 
175 2722.93 
176 2551.35 
177 2655.84 
178 2705.69 
179 2119.69 
180 2618.44 
181 2628.28 
182 2680.25 
183 2591.98 
184 2605.31 
185 2657.87 
186 2422.20 
187 2694.80 
188 2662.08 
189 2634.67 
190 2637.07 
191 2638.18 
192 2733.49 
193 2564.16 
194 2632.81 
195 2552.94 
196 2597.55 
197 2591.03 
198 2692.69 
199 2610.07 
200 2592.16 
201 2725.86 
202 2594.06 
203 2648.05 
204 2704.84 
205 2662.45 
206 2793.54 
207 2633.29 
208 2615.33 
209 2641.77 
210 2770.44 
211 2710.20 
212 2714.68 
213 2671.43 
214 2531.03 
215 2741.79 
216 2696.28 
217 2655.39 
218 2674.52 
219 2545.27 
220 2607.27 
221 2671.14 
222 2656.22 
223 2664.81 
224 2547.64 
225 2577.26 
226 2687.14 
227 2609.33 
228 2678.49 
229 2590.11 
230 2628.86 
231 2606.92 
232 2652.24 
233 2603.34 
234 2617.25 
235 2628.01 
236 2575.43 
237 2627.97 
238 2640.43 
239 2615.84 
240 2630.69 
241 2636.86 
242 2640.89 
243 2646.00 
244 2691.08 
245 2681.83 
246 72.82 
247 2676.01 
248 3.53 
249 2689.47 
250 2567.76 
251 2741.42 
252 2640.91 
253 2643.09 
254 2661.62 
255 2736.58 
256 2699.75 
257 2669.29 
258 2649.47 
259 2585.79 
260 2737.22 
261 2664.59 
262 2616.57 
263 2738.84 
264 2743.01 
265 2692.77 
266 2639.44 
267 2664.83 
268 2722.26 
269 2690.57 
270 2592.12 
271 2637.77 
272 2534.16 
273 2550.31 
274 2661.33 
275 2739.90 
276 2691.09 
277 2601.35 
278 2655.20 
279 2220.61 
280 2584.44 
281 2564.90 
282 2565.11 
283 2686.07 
284 2606.32 
285 2664.36 
286 2645.24 
287 2684.19 
288 2650.04 
289 2704.99 
290 2606.30 
291 2645.65 
292 2688.38 
293 2625.97 
294 2717.64 
295 2627.85 
296 2630.25 
297 2549.73 
298 2593.83 
299 2567.46 
300 2552.68 
301 2629.45 
302 2602.98 
303 2701.44 
304 2722.43 
305 2660.55 
306 2582.67 
307 2631.97 
308 2681.51 
309 2624.46 
310 2630.06 
311 2660.16 
312 2707.56 
313 2682.77 
314 2648.29 
315 2616.54 
316 2726.86 
317 2671.08 
318 2715.45 
319 2581.36 
320 2685.89 
321 2690.27 
322 2657.60 
323 2660.97 
324 2627.46 
325 2593.64 
326 2655.42 
327 2644.47 
328 2646.04 
329 2723.29 
330 2784.62 
331 2643.74 
332 2611.02 
333 2608.35 
334 2542.65 
335 2579.37 
336 2646.38 
337 2624.10 
338 2657.08 
339 2618.14 
340 2719.97 
341 2649.80 
342 2633.18 
343 2619.72 
344 2684.75 
345 2743.17 
346 2667.69 
347 2655.17 
348 2645.94 
349 2562.43 
350 2701.16 
351 2698.43 
352 2647.07 
353 2629.67 
354 2652.44 
355 2528.47 
356 2669.20 
357 2649.72 
358 2667.72 
359 2643.91 
360 2743.96 
361 2637.67 
362 2677.12 
363 2766.30 
364 2727.28 
365 2748.44 
366 2657.79 
367 2681.73 
368 2615.05 
369 2679.70 
370 2699.61 
371 2701.27 
372 1736.62 
373 2657.39 
374 2723.24 
375 2683.84 
376 2664.79 
377 2650.83 
378 2688.72 
379 2637.60 
380 2661.99 
381 2701.75 
382 2629.96 
383 2707.02 
384 2701.64 
385 2668.92 
386 2571.14 
387 2657.34 
388 2751.70 
389 2582.49 
390 2701.41 
391 2705.36 
392 2624.30 
393 2620.02 
394 2695.31 
395 2664.23 
396 2685.31 
397 2648.69 
398 2582.25 
399 646.13 
400 2508.12 
401 2596.91 
402 2664.22 
403 2582.46 
404 2623.12 
405 2629.43 
406 2681.35 
407 2664.43 
408 2659.55 
409 2773.88 
410 2733.84 
411 2719.71 
412 1538.65 
413 2635.86 
414 2725.17 
415 2713.97 
416 2740.45 
417 2616.17 
418 2573.47 
419 2655.92 
420 2690.49 
421 2739.51 
422 2640.41 
423 2810.27 
424 2691.34 
425 2708.74 
426 2662.18 
427 2606.32 
428 2616.00 
429 2691.33 
430 2696.31 
431 2645.58 
432 2676.08 
433 2792.60 
434 2656.55 
435 2643.87 
436 708.00 
437 2738.93 
438 2663.62 
439 2556.56 
440 2675.43 
441 2682.68 
442 2606.63 
443 2588.46 
444 2631.56 
445 2558.49 
446 2671.01 
447 2685.78 
448 2667.19 
449 2618.66 
450 2690.61 
451 2675.43 
452 2507.07 
453 2639.82 
454 2658.40 
455 2618.63 
456 2697.66 
457 2622.57 
458 2622.39 
459 2608.88 
460 2672.85 
461 2622.00 
462 2675.71 
463 2651.99 
464 2663.42 
465 2615.68 
466 2545.42 
467 2658.09 
468 2665.91 
469 2683.94 
470 2603.60 
471 2673.42 
472 2702.74 
473 2562.97 
474 2725.11 
475 2618.07 
476 2705.45 
477 2637.65 
478 2613.53 
479 2619.81 
480 2683.12 
481 2737.04 
482 2647.45 
483 2597.83 
484 2736.98 
485 2736.41 
486 2580.95 
487 2668.44 
488 2630.26 
489 2657.19 
490 2709.76 
491 2709.90 
492 2676.31 
493 2620.91 
494 2667.82 
495 2595.66 
496 2621.60 
497 2617.26 
498 2635.70 
499 2676.46 
500 2671.19 
501 2691.08 
502 2605.02 
503 2674.73 
504 2614.18 
505 2691.62 
506 2566.13 
507 2622.35 
508 2639.40 
509 2621.86 
510 2650.76 
511 2472.45 
512 2666.18 
513 2620.83 
514 2611.18 
515 2688.85 
516 2634.91 
517 2637.44 
518 2640.79 
519 2711.12 
520 2676.53 
521 2636.53 
522 2649.30 
523 2612.84 
524 2625.12 
525 2698.96 
526 2682.60 
527 2630.44 
528 2664.18 
529 2690.64 
530 2646.06 
531 2631.33 
532 2679.80 
533 2738.71 
534 2632.05 
535 2714.03 
536 2665.21 
537 2774.17 
538 2695.81 
539 2734.16 
540 2675.71 
541 2646.74 
542 2666.84 
543 2691.85 
544 2711.43 
545 2649.32 
546 2704.05 
547 2721.16 
548 2633.23 
549 2615.49 
550 2699.41 
551 2634.87 
552 2700.40 
553 2602.98 
554 2656.33 
555 2688.68 
556 2707.30 
557 2679.74 
558 2657.80 
559 2665.11 
560 2653.65 
561 2661.87 
562 2729.71 
563 2739.42 
564 2717.84 
565 2667.51 
566 2607.75 
567 2659.19 
568 2596.07 
569 2785.72 
570 2689.23 
571 2681.81 
572 1542.33 
573 2645.16 
574 2707.14 
575 2661.61 
576 2651.24 
577 2642.92 
578 2623.44 
579 1596.93 
580 2705.82 
581 2645.99 
582 2754.08 
583 2653.16 
584 2656.56 
585 2707.54 
586 2709.15 
587 2704.24 
588 847.56 
589 2706.78 
590 2675.45 
591 2718.53 
592 2645.18 
593 2665.07 
594 2594.45 
595 2633.89 
596 2660.80 
597 2717.60 
598 2733.78 
599 2621.84 
600 199.57 
601 2702.79 
602 2733.59 
603 2660.22 
604 2707.28 
605 2582.21 
606 2646.30 
607 2663.95 
608 2691.90 
609 2684.16 
610 2642.69 
611 2618.41 
612 2655.62 
613 2669.59 
614 2661.04 
615 2659.79 
616 2681.11 
617 2675.92 
618 2655.63 
619 2630.46 
620 2696.34 
621 2714.27 
622 2636.09 
623 2704.79 
624 2675.42 
625 2686.28 
626 2682.79 
627 2647.84 
628 2636.07 
629 2636.30 
630 2718.62 
631 2697.10 
632 2670.80 
633 2648.88 
634 2597.25 
635 2634.20 
636 2694.82 
637 2641.12 
638 2730.64 
639 2633.95 
640 2725.86 
641 2620.88 
642 2644.39 
643 2707.54 
644 2630.96 
645 2700.16 
646 2739.80 
647 2594.50 
648 2700.38 
649 2723.34 
650 2729.14 
651 2672.69 
652 2718.59 
653 2698.99 
654 2672.66 
655 2628.88 
656 2660.56 
657 2625.97 
658 2782.03 
659 2658.59 
660 2652.21 
661 2676.54 
662 2718.48 
663 2655.47 
664 2749.87 
665 2635.92 
666 2651.10 
667 2689.76 
668 2694.89 
669 2701.18 
670 2683.12 
671 2703.26 
672 2720.61 
673 2611.66 
674 2652.93 
675 2703.49 
676 2650.84 
677 2670.14 
678 2735.31 
679 2726.89 
680 2678.14 
681 2759.26 
682 2741.44 
683 2724.72 
684 2659.63 
685 2753.61 
686 2674.87 
687 2633.39 
688 2679.75 
689 2697.87 
690 2585.21 
691 2695.41 
692 2696.12 
693 2579.24 
694 2592.73 
695 2700.16 
696 2672.92 
697 2593.16 
698 2785.05 
699 2678.34 
700 2688.44 
701 2658.00 
702 2732.69 
703 2684.39 
704 2650.02 
705 2718.78 
706 2703.11 
707 2680.29 
708 2689.41 
709 2629.69 
710 2636.84 
711 2695.80 
712 2676.46 
713 1995.69 
714 2809.57 
715 2754.21 
716 2601.92 
717 2771.93 
718 2653.49 
719 2718.77 
720 2774.39 
721 2754.23 
722 2751.78 
723 2665.35 
724 2753.80 
725 2636.51 
726 2738.45 
727 2682.50 
728 2686.71 
729 2670.13 
730 2611.73 
731 2811.34 
732 2628.06 
733 2645.38 
734 2717.41 
735 2724.59 
736 2620.89 
737 2675.29 
738 2751.07 
739 2719.31 
740 2775.76 
741 2663.87 
742 2638.79 
743 2696.26 
744 2761.12 
745 2760.44 
746 2751.49 
747 2771.24 
748 2607.14 
749 2654.29 
750 2618.30 
751 2694.34 
752 2590.21 
753 2674.79 
754 2686.12 
755 2697.44 
756 2643.31 
757 2783.82 
758 2636.59 
759 2737.30 
760 2758.33 
761 2654.51 
762 2633.77 
763 2627.65 
764 2666.84 
765 2732.20 
766 2640.25 
767 2698.68 
768 2563.81 
769 2755.95 
770 2665.53 
771 2765.73 
772 2598.11 
773 2634.08 
774 2678.33 
775 2630.46 
776 2787.78 
777 2687.01 
778 2691.01 
779 2711.75 
780 2571.93 
781 2699.79 
782 2618.07 
783 2653.94 
784 2584.41 
785 2587.59 
786 2791.39 
787 2705.43 
788 2674.23 
789 2750.00 
790 2645.75 
791 2675.09 
792 2737.42 
793 2731.51 
794 2667.62 
795 2717.98 
796 2761.59 
797 2761.04 
798 2668.54 
799 2617.16 
800 2648.78 
801 2726.38 
802 2689.83 
803 2653.66 
804 2738.94 
805 2628.03 
806 2734.43 
807 2660.01 
808 2702.23 
809 2606.54 
810 2630.85 
811 2714.70 
812 2688.60 
813 2719.73 
814 2673.83 
815 2781.63 
816 2692.34 
817 2730.55 
818 2628.76 
819 2702.89 
820 582.69 
821 2686.94 
822 2699.41 
823 2736.12 
824 2703.54 
825 2573.02 
826 2711.84 
827 2710.69 
828 2747.41 
829 2606.50 
830 2748.23 
831 2491.92 
832 2727.40 
833 2696.08 
834 2802.49 
835 2680.52 
836 2694.40 
837 2819.87 
838 2727.26 
839 2687.36 
840 2633.49 
841 2797.64 
842 2681.43 
843 2521.46 
844 2642.71 
845 2664.22 
846 2664.65 
847 2703.29 
848 2700.46 
849 2701.95 
850 2656.29 
851 2758.61 
852 2699.60 
853 2628.41 
854 2688.32 
855 2720.93 
856 2726.76 
857 2687.23 
858 2768.38 
859 2640.98 
860 2681.37 
861 2703.02 
862 2675.92 
863 2702.59 
864 2781.80 
865 2560.40 
866 2643.52 
867 2744.13 
868 2658.87 
869 2708.49 
870 2722.39 
871 2527.49 
872 2684.49 
873 2817.19 
874 2707.85 
875 2674.82 
876 2737.85 
877 2527.44 
878 2581.93 
879 2684.12 
880 2651.01 
881 2608.95 
882 2772.49 
883 2661.08 
884 2597.42 
885 2700.57 
886 2752.79 
887 2723.26 
888 2776.42 
889 2697.13 
890 2696.40 
891 2576.43 
892 2561.38 
893 2697.32 
894 2715.58 
895 2568.37 
896 2657.54 
897 2731.56 
898 2596.26 
899 2718.41 
900 2666.22 
901 2551.63 
902 2770.79 
903 2688.37 
904 2697.45 
905 2724.34 
906 2737.20 
907 2634.64 
908 2676.63 
909 2727.34 
910 2731.96 
911 2771.59 
912 1582.01 
913 2654.64 
914 2797.10 
915 2650.54 
916 2764.80 
917 2677.87 
918 2672.24 
919 2609.48 
920 2758.78 
921 2632.46 
922 2702.38 
923 2708.02 
924 2733.61 
925 2565.34 
926 2670.58 
927 2758.89 
928 2726.28 
929 2710.89 
930 2786.95 
931 2648.55 
932 2744.72 
933 2645.63 
934 2690.94 
935 2637.98 
936 2695.99 
937 2795.23 
938 2690.88 
939 2740.36 
940 2762.29 
941 2776.95 
942 2709.73 
943 2730.18 
944 2496.46 
945 2719.27 
946 2699.39 
947 2608.63 
948 2695.77 
949 2682.42 
950 2761.63 
951 2738.22 
952 2722.55 
953 2610.52 
954 2636.58 
955 2628.54 
956 2718.28 
957 2677.31 
958 2788.96 
959 2694.29 
960 2766.36 
961 2734.28 
962 2696.34 
963 2664.81 
964 2705.19 
965 2725.59 
966 2691.04 
967 2698.97 
968 2687.68 
969 2698.69 
970 2646.54 
971 2713.30 
972 2665.26 
973 2662.06 
974 2619.86 
975 2729.65 
976 2682.15 
977 2669.04 
978 2661.48 
979 2611.52 
980 2699.68 
981 2674.55 
982 2663.20 
983 2706.25 
984 2710.89 
985 2696.60 
986 2709.26 
987 2607.63 
988 2672.63 
989 2673.44 
990 2689.02 
991 2734.53 
992 2781.06 
993 2755.45 
994 2608.18 
995 2715.00 
996 2639.05 
997 2633.81 
998 2623.36 
999 2633.35 
1000 2653.02 
1001 2706.73 
1002 2540.51 
1003 2729.97 
1004 2631.28 
1005 2659.36 
1006 2679.42 
1007 2668.92 
1008 2719.53 
1009 -49.76 
1010 2652.90 
1011 2659.75 
1012 2673.80 
1013 2721.17 
1014 2637.58 
1015 2710.49 
1016 2647.51 
1017 2722.22 
1018 2639.10 
1019 2670.35 
1020 2720.14 
1021 2675.40 
1022 2673.73 
1023 2725.90 
1024 2695.35 
1025 2717.95 
1026 2853.48 
1027 2699.68 
1028 2694.07 
1029 2583.44 
1030 2640.96 
1031 2588.40 
1032 2694.20 
1033 2646.71 
1034 2704.10 
1035 2700.27 
1036 2750.94 
1037 2662.83 
1038 2655.20 
1039 2631.44 
1040 2701.91 
1041 2653.38 
1042 2693.38 
1043 2659.89 
1044 2624.21 
1045 2719.47 
1046 2766.75 
1047 2703.19 
1048 2733.99 
1049 2718.68 
1050 2806.64 
1051 2646.06 
1052 2695.63 
1053 2668.12 
1054 2668.07 
1055 2718.04 
1056 2597.21 
1057 2752.12 
1058 2777.14 
1059 2652.19 
1060 2705.54 
1061 2706.06 
1062 2724.38 
1063 2610.94 
1064 2690.83 
1065 2295.89 
1066 2605.69 
1067 2678.55 
1068 2592.32 
1069 2640.78 
1070 1606.24 
1071 2758.88 
1072 2756.90 
1073 2703.85 
1074 2722.87 
1075 2735.44 
1076 2569.06 
1077 2693.26 
1078 2563.79 
1079 2635.53 
1080 2742.58 
1081 2674.45 
1082 2609.90 
1083 2697.93 
1084 2687.40 
1085 2713.80 
1086 2758.64 
1087 2584.93 
1088 2752.36 
1089 2672.67 
1090 2672.68 
1091 2676.37 
1092 2692.38 
1093 2765.22 
1094 2604.78 
1095 2659.58 
1096 2620.97 
1097 2587.81 
1098 2840.41 
1099 2713.68 
1100 2925.27 
1101 2674.50 
1102 2730.95 
1103 2753.42 
1104 2741.06 
1105 2576.68 
1106 2626.60 
1107 2685.90 
1108 2800.10 
1109 2727.26 
1110 2724.25 
1111 2822.40 
1112 2718.77 
1113 2718.82 
1114 2685.87 
1115 2743.38 
1116 2719.47 
1117 2763.76 
1118 2703.62 
1119 2713.64 
1120 2689.93 
1121 2760.76 
1122 2689.16 
1123 2701.04 
1124 2800.53 
1125 2762.29 
1126 2699.17 
1127 2722.02 
1128 2690.64 
1129 2758.27 
1130 2736.71 
1131 2715.88 
1132 2706.95 
1133 2718.20 
1134 2707.63 
1135 2702.75 
1136 2709.67 
1137 2607.86 
1138 2638.18 
1139 2799.51 
1140 2702.87 
1141 2684.69 
1142 2650.25 
1143 2723.34 
1144 2681.44 
1145 2676.10 
1146 2605.40 
1147 2645.73 
1148 2653.89 
1149 2661.00 
1150 2736.50 
1151 2706.84 
1152 2706.79 
1153 2604.00 
1154 2664.25 
1155 2785.50 
1156 2652.49 
1157 2622.58 
1158 2523.52 
1159 2711.24 
1160 2712.61 
1161 2606.39 
1162 2604.63 
1163 2686.86 
1164 2715.82 
1165 2660.35 
1166 868.48 
1167 2735.65 
1168 2779.07 
1169 2674.97 
1170 2712.04 
1171 2651.04 
1172 2642.69 
1173 2693.64 
1174 2663.04 
1175 2712.75 
1176 2645.87 
1177 2687.14 
1178 2669.10 
1179 2652.28 
1180 2784.57 
1181 2675.54 
1182 2686.92 
1183 2695.01 
1184 2721.20 
1185 2686.28 
1186 2709.12 
1187 2744.95 
1188 2734.13 
1189 2682.28 
1190 2798.33 
1191 2663.58 
1192 2605.66 
1193 2734.43 
1194 2734.70 
1195 2807.78 
1196 2677.08 
1197 2641.91 
1198 2656.77 
1199 2698.42 
1200 2805.35 
1201 2757.22 
1202 2664.58 
1203 2739.27 
1204 2679.14 
1205 2702.64 
1206 2726.21 
1207 2738.29 
1208 2685.47 
1209 2724.35 
1210 2688.54 
1211 2612.43 
1212 2642.07 
1213 2605.29 
1214 2674.85 
1215 2720.16 
1216 2788.85 
1217 2699.54 
1218 2757.55 
1219 2627.43 
1220 2750.47 
1221 2643.24 
1222 2681.57 
1223 2571.56 
1224 2697.64 
1225 2707.11 
1226 2681.81 
1227 2777.26 
1228 2757.47 
1229 2757.00 
1230 2816.80 
1231 2648.70 
1232 2681.80 
1233 2659.09 
1234 2662.59 
1235 2707.68 
1236 2679.43 
1237 2814.43 
1238 2600.80 
1239 2738.19 
1240 2604.39 
1241 2717.27 
1242 2786.31 
1243 2669.40 
1244 2616.47 
1245 2661.53 
1246 2704.43 
1247 2605.23 
1248 2747.78 
1249 2674.08 
1250 2345.28 
1251 2592.32 
1252 2695.32 
1253 2691.40 
1254 2536.01 
1255 2624.37 
1256 2743.02 
1257 2711.31 
1258 2732.16 
1259 2731.68 
1260 2731.68 
1261 2708.25 
1262 2680.18 
1263 2682.66 
1264 2661.32 
1265 2737.15 
1266 2727.29 
1267 2789.39 
1268 2723.36 
1269 2719.67 
1270 2731.30 
1271 2664.94 
1272 2661.14 
1273 2663.95 
1274 2744.89 
1275 2634.00 
1276 2644.51 
1277 2707.13 
1278 2611.31 
1279 2649.64 
1280 2704.24 
1281 2571.00 
1282 2634.72 
1283 2725.09 
1284 2731.63 
1285 2655.52 
1286 2656.90 
1287 2661.54 
1288 2689.02 
1289 2671.65 
1290 2642.12 
1291 2736.33 
1292 2667.67 
1293 2685.30 
1294 2686.05 
1295 2718.35 
1296 2723.27 
1297 2683.32 
1298 2844.98 
1299 2728.08 
1300 2665.64 
1301 2648.15 
1302 2766.12 
1303 2588.46 
1304 2608.52 
1305 2602.75 
1306 2718.19 
1307 2661.26 
1308 2614.61 
1309 2743.93 
1310 2730.92 
1311 2708.04 
1312 2564.53 
1313 2672.08 
1314 2758.52 
1315 2753.79 
1316 2703.38 
1317 2645.87 
1318 2612.60 
1319 2742.97 
1320 2595.63 
1321 2700.75 
1322 2665.88 
1323 2664.41 
1324 2692.20 
1325 2769.53 
1326 2732.19 
1327 2756.03 
1328 2670.80 
1329 2758.63 
1330 2622.74 
1331 2715.67 
1332 2739.64 
1333 2773.45 
1334 2772.19 
1335 2720.57 
1336 2686.70 
1337 2657.82 
1338 2677.01 
1339 2726.58 
1340 2715.25 
1341 2669.10 
1342 2760.57 
1343 2632.04 
1344 2632.49 
1345 2727.79 
1346 2662.37 
1347 2620.39 
1348 2695.91 
1349 2748.06 
1350 2715.02 
1351 2679.10 
1352 2717.59 
1353 2636.42 
1354 2724.22 
1355 2699.47 
1356 2775.63 
1357 2683.43 
1358 2655.37 
1359 2623.63 
1360 2638.31 
1361 2656.67 
1362 2562.88 
1363 2618.52 
1364 2693.58 
1365 2672.28 
1366 2670.36 
1367 2742.81 
1368 2637.85 
1369 2676.65 
1370 2708.65 
1371 2703.14 
1372 2738.87 
1373 2685.91 
1374 2657.69 
1375 2717.36 
1376 2764.35 
1377 2762.84 
1378 2748.83 
1379 2761.10 
1380 2677.35 
1381 2712.47 
1382 2670.98 
1383 2780.09 
1384 2705.01 
1385 2749.34 
1386 2819.61 
1387 2705.81 
1388 408.00 
1389 2615.46 
1390 2674.71 
1391 2728.79 
1392 2723.35 
1393 2722.20 
1394 2768.48 
1395 2700.95 
1396 2673.81 
1397 2689.19 
1398 2646.80 
1399 2645.50 
1400 2728.23 
