Seed 0:
0 -382.69 
1 -240.50 
2 -276.44 
3 -339.03 
4 -328.86 
5 -303.34 
6 -265.53 
7 -300.88 
8 -327.66 
9 -274.84 
10 -270.13 
11 -234.69 
12 -259.22 
13 -249.03 
14 -312.95 
15 -222.06 
16 133.13 
17 -62.95 
18 260.99 
19 231.50 
20 116.56 
21 25.15 
22 199.92 
23 271.16 
24 220.50 
25 231.72 
26 211.55 
27 341.26 
28 380.78 
29 477.63 
30 707.00 
31 609.51 
32 617.32 
33 678.35 
34 652.94 
35 740.54 
36 828.15 
37 912.74 
38 1039.52 
39 962.77 
40 1106.32 
41 1126.21 
42 1065.60 
43 1180.82 
44 1098.40 
45 1170.56 
46 1214.47 
47 1291.47 
48 1423.89 
49 668.65 
50 1200.24 
51 1477.06 
52 1500.19 
53 1560.68 
54 1602.67 
55 1488.19 
56 1683.67 
57 1737.27 
58 1620.10 
59 1659.80 
60 1698.64 
61 1762.58 
62 1822.24 
63 1643.94 
64 1768.56 
65 977.98 
66 1697.32 
67 1794.71 
68 1657.12 
69 1692.37 
70 1793.77 
71 1590.26 
72 1837.63 
73 1810.66 
74 1712.91 
75 1812.56 
76 1711.62 
77 1888.05 
78 1755.15 
79 1847.67 
80 1756.71 
81 1793.77 
82 1868.03 
83 1952.43 
84 1782.98 
85 1869.54 
86 1921.94 
87 1779.84 
88 1786.39 
89 1769.12 
90 1707.06 
91 1893.84 
92 1902.68 
93 1896.63 
94 1913.44 
95 1931.55 
96 1796.78 
97 1929.03 
98 1896.87 
99 1866.72 
100 1809.93 
101 1852.87 
102 1788.41 
103 1745.51 
104 1901.51 
105 1782.85 
106 1785.54 
107 1922.78 
108 1892.84 
109 1883.65 
110 1956.14 
111 1945.46 
112 1979.06 
113 1923.30 
114 1816.37 
115 1837.19 
116 1803.80 
117 1893.72 
118 1846.97 
119 1816.61 
120 1857.77 
121 1835.22 
122 1925.15 
123 1775.79 
124 1665.95 
125 1820.72 
126 1841.96 
127 1917.85 
128 1894.39 
129 1778.27 
130 1952.18 
131 1856.48 
132 1899.02 
133 1905.82 
134 1805.82 
135 1867.94 
136 1819.29 
137 1731.44 
138 1862.99 
139 1942.66 
140 1961.18 
141 1914.50 
142 1944.00 
143 1987.41 
144 1987.85 
145 1883.99 
146 1825.33 
147 1990.03 
148 1842.65 
149 1818.66 
150 1922.40 
151 1949.04 
152 1849.19 
153 1891.14 
154 1900.68 
155 1932.52 
156 1923.84 
157 1916.11 
158 1943.96 
159 1889.56 
160 1888.63 
161 1885.60 
162 1884.32 
163 1924.90 
164 1949.34 
165 1852.74 
166 1887.82 
167 1795.33 
168 1944.42 
169 1914.21 
170 1901.19 
171 1847.26 
172 1955.08 
173 1848.35 
174 1881.38 
175 1924.55 
176 1900.26 
177 1798.78 
178 1952.71 
179 1864.84 
180 1987.14 
181 1869.74 
182 1934.50 
183 1942.37 
184 1897.00 
185 1906.24 
186 1892.93 
187 1897.02 
188 1862.41 
189 1896.81 
190 1922.55 
191 1930.88 
192 2019.47 
193 1908.55 
194 2008.21 
195 1923.47 
196 1923.85 
197 1944.12 
198 1928.47 
199 1962.88 
200 1935.28 
201 1869.69 
202 1993.11 
203 1913.20 
204 1949.60 
205 1971.87 
206 1870.32 
207 1900.82 
208 1951.11 
209 1877.49 
210 1908.71 
211 1928.87 
212 1928.66 
213 1992.72 
214 1882.20 
215 1876.98 
216 1979.34 
217 1890.21 
218 1935.61 
219 1914.20 
220 1957.09 
221 2010.77 
222 1994.56 
223 1874.22 
224 1917.77 
225 1969.03 
226 1942.36 
227 1836.74 
228 1900.32 
229 1991.15 
230 1947.21 
231 1955.10 
232 883.92 
233 1989.24 
234 1849.46 
235 1937.52 
236 1933.55 
237 1870.66 
238 2014.41 
239 1959.88 
240 1981.69 
241 1955.80 
242 1905.78 
243 1904.55 
244 1970.48 
245 1851.77 
246 1908.88 
247 1951.53 
248 1949.98 
249 1995.02 
250 1884.95 
251 1885.08 
252 1976.04 
253 1849.64 
254 1923.54 
255 1966.39 
256 1993.04 
257 1960.16 
258 2019.68 
259 1843.99 
260 1918.32 
261 1902.77 
262 1917.89 
263 1971.26 
264 1989.67 
265 1869.77 
266 1883.74 
267 1948.17 
268 1961.08 
269 1963.06 
270 1936.04 
271 1931.51 
272 1878.56 
273 1910.11 
274 1947.81 
275 1942.28 
276 1977.27 
277 1893.06 
278 1940.53 
279 1967.03 
280 1902.36 
281 1918.76 
282 2015.05 
283 1955.12 
284 2017.85 
285 2071.18 
286 1916.35 
287 2016.96 
288 1977.44 
289 2058.17 
290 1983.15 
291 1938.19 
292 1890.27 
293 1949.46 
294 1969.38 
295 2094.08 
296 2018.39 
297 1917.10 
298 1870.08 
299 2008.29 
300 1923.06 
301 1927.82 
302 1936.56 
303 1925.94 
304 1961.02 
305 1977.39 
306 1919.10 
307 1911.70 
308 1933.50 
309 1844.98 
310 2027.10 
311 1835.58 
312 1966.98 
313 1932.35 
314 1887.04 
315 2029.92 
316 1845.71 
317 1983.95 
318 2011.22 
319 1967.32 
320 1960.79 
321 1884.17 
322 1992.72 
323 2001.08 
324 1976.25 
325 1956.96 
326 1876.98 
327 1973.95 
328 1972.73 
329 1964.57 
330 2001.86 
331 1949.71 
332 1935.88 
333 1962.39 
334 1911.44 
335 1946.08 
336 2067.82 
337 1973.45 
338 1989.82 
339 1918.75 
340 1979.86 
341 1964.84 
342 1956.85 
343 1933.30 
344 1968.51 
345 1988.99 
346 1989.64 
347 1844.22 
348 2035.45 
349 2062.17 
350 1999.36 
351 2040.58 
352 2027.71 
353 1879.42 
354 1968.08 
355 2006.28 
356 2004.15 
357 1942.02 
358 2010.08 
359 1956.10 
360 2048.61 
361 2006.15 
362 2025.56 
363 1906.24 
364 1993.90 
365 2033.44 
366 2071.00 
367 1916.41 
368 1966.15 
369 2055.65 
370 2047.01 
371 2009.52 
372 1982.93 
373 2035.27 
374 2022.42 
375 1985.17 
376 2001.70 
377 1975.83 
378 1996.41 
379 2027.34 
380 1938.35 
381 2039.03 
382 1947.56 
383 2040.14 
384 2009.43 
385 2074.35 
386 1874.96 
387 1861.97 
388 1886.65 
389 2023.48 
390 1919.03 
391 1958.68 
392 1958.76 
393 1884.82 
394 1950.84 
395 2034.96 
396 2003.93 
397 2009.92 
398 1860.17 
399 1931.53 
400 2089.62 
401 1986.41 
402 1901.81 
403 2068.54 
404 1960.01 
405 1133.27 
406 2012.85 
407 1966.31 
408 1969.75 
409 2039.88 
410 2035.95 
411 2157.13 
412 1982.98 
413 1958.10 
414 1975.77 
415 2044.77 
416 2084.04 
417 2035.48 
418 2003.39 
419 2068.55 
420 2009.03 
421 2065.36 
422 1995.06 
423 2007.61 
424 1990.69 
425 1978.57 
426 2027.44 
427 1993.19 
428 1997.43 
429 1961.40 
430 2004.36 
431 1968.93 
432 2014.15 
433 2010.68 
434 1977.68 
435 2026.00 
436 1892.47 
437 1937.10 
438 2020.01 
439 2036.52 
440 2061.12 
441 2023.80 
442 2065.86 
443 1977.45 
444 1947.57 
445 2041.35 
446 2010.78 
447 1922.23 
448 2058.81 
449 2009.17 
450 2081.41 
451 2049.36 
452 1947.54 
453 2104.12 
454 1893.86 
455 1976.55 
456 2010.80 
457 2064.57 
458 2029.35 
459 2108.25 
460 2064.44 
461 2043.35 
462 2075.90 
463 2094.80 
464 2036.05 
465 1959.95 
466 2102.41 
467 1965.04 
468 1947.42 
469 2083.38 
470 2029.15 
471 2091.28 
472 1969.23 
473 2007.42 
474 1981.54 
475 2054.54 
476 2095.62 
477 2039.74 
478 1747.46 
479 1973.78 
480 2071.80 
481 2095.55 
482 2141.35 
483 1995.29 
484 2036.27 
485 2085.66 
486 2114.81 
487 2051.21 
488 1926.21 
489 1967.18 
490 2117.48 
491 2017.39 
492 1922.18 
493 2128.60 
494 2052.75 
495 2034.17 
496 2018.47 
497 2011.85 
498 2024.57 
499 1946.68 
500 2070.11 
501 2158.43 
502 2078.08 
503 2069.57 
504 2090.28 
505 2072.79 
506 2165.85 
507 2146.31 
508 2021.93 
509 2045.83 
510 2159.55 
511 2128.31 
512 2089.19 
513 2226.23 
514 2133.26 
515 2061.47 
516 2127.70 
517 2182.84 
518 2177.12 
519 2176.71 
520 2018.95 
521 2257.32 
522 2133.74 
523 2269.32 
524 2156.35 
525 2169.58 
526 2146.33 
527 2231.86 
528 2177.08 
529 2092.81 
530 2101.42 
531 2136.22 
532 2253.98 
533 2133.74 
534 2292.29 
535 2145.23 
536 2189.11 
537 2219.76 
538 2150.93 
539 2207.88 
540 2220.27 
541 2091.08 
542 2214.41 
543 2245.36 
544 2235.75 
545 2222.72 
546 2219.96 
547 2271.24 
548 2306.53 
549 2244.41 
550 2205.80 
551 2238.02 
552 2330.63 
553 605.16 
554 2169.12 
555 2300.55 
556 2121.73 
557 2244.12 
558 2168.91 
559 2109.04 
560 2209.91 
561 2134.85 
562 2215.85 
563 2175.40 
564 2315.18 
565 2253.03 
566 2260.29 
567 2228.57 
568 2317.09 
569 2188.29 
570 2155.26 
571 2255.15 
572 2284.99 
573 2183.67 
574 2221.10 
575 2213.63 
576 2267.59 
577 2292.14 
578 2193.80 
579 2263.84 
580 2229.64 
581 2250.68 
582 2297.28 
583 2293.31 
584 2275.48 
585 2228.49 
586 2207.98 
587 2339.64 
588 2288.66 
589 2175.11 
590 2389.52 
591 2226.31 
592 1310.36 
593 2290.18 
594 2412.76 
595 2198.09 
596 2232.45 
597 2390.36 
598 2321.44 
599 2257.43 
600 2180.28 
601 2323.81 
602 2255.94 
603 2310.19 
604 2278.64 
605 2367.17 
606 2158.56 
607 2244.94 
608 2354.31 
609 2265.83 
610 2262.95 
611 2240.46 
612 2288.91 
613 1368.90 
614 2249.67 
615 2320.05 
616 2262.06 
617 2324.51 
618 2295.56 
619 2273.08 
620 2312.23 
621 2321.48 
622 2402.68 
623 2212.09 
624 2214.39 
625 2266.37 
626 2323.46 
627 2315.44 
628 2314.81 
629 1475.85 
630 2345.16 
631 2381.19 
632 2212.26 
633 2264.17 
634 2314.49 
635 2232.65 
636 2265.12 
637 130.30 
638 2385.73 
639 2175.18 
640 2329.83 
641 2319.82 
642 2291.48 
643 2237.39 
644 2234.99 
645 1963.06 
646 2351.27 
647 2459.93 
648 2295.12 
649 2193.62 
650 1375.17 
651 2308.35 
652 2384.38 
653 2286.42 
654 2327.12 
655 2153.95 
656 2424.73 
657 2383.69 
658 2327.21 
659 2327.27 
660 2270.66 
661 2029.72 
662 2379.15 
663 2308.38 
664 2224.78 
665 2296.51 
666 2333.29 
667 2290.69 
668 2277.92 
669 2251.77 
670 2383.96 
671 2295.45 
672 2289.68 
673 2431.24 
674 2391.32 
675 2211.62 
676 2359.15 
677 2226.27 
678 2307.77 
679 2284.09 
680 2415.43 
681 2236.90 
682 2344.53 
683 2313.33 
684 2355.27 
685 2322.45 
686 2351.47 
687 2353.88 
688 2335.64 
689 2298.48 
690 2327.40 
691 2321.72 
692 2312.16 
693 2380.25 
694 2328.57 
695 2400.68 
696 2359.92 
697 2326.26 
698 2312.97 
699 2330.44 
700 2319.28 
701 2396.18 
702 2362.29 
703 2380.48 
704 2250.30 
705 2319.98 
706 2266.94 
707 2273.63 
708 2374.68 
709 2312.51 
710 2371.17 
711 2239.77 
712 2364.35 
713 2244.38 
714 2369.62 
715 2252.83 
716 1572.57 
717 2177.40 
718 2349.57 
719 2303.29 
720 2327.91 
721 2352.03 
722 2361.95 
723 2233.69 
724 2334.41 
725 2251.92 
726 2294.80 
727 2322.21 
728 2389.12 
729 2289.57 
730 2336.20 
731 2366.82 
732 2292.57 
733 2275.45 
734 2279.06 
735 2312.76 
736 2457.11 
737 2365.70 
738 2341.65 
739 2320.60 
740 2447.54 
741 2297.18 
742 2336.35 
743 2487.63 
744 2376.48 
745 2373.35 
746 2328.69 
747 2349.42 
748 2369.90 
749 2412.37 
750 2255.84 
751 2390.85 
752 2385.67 
753 2347.13 
754 2266.34 
755 2351.71 
756 2276.02 
757 2317.78 
758 2439.63 
759 2395.85 
760 2354.13 
761 2353.34 
762 2326.07 
763 2374.86 
764 2384.00 
765 2275.94 
766 2247.80 
767 2327.69 
768 2399.87 
769 2336.98 
770 2388.55 
771 2273.98 
772 2336.49 
773 2309.01 
774 2287.46 
775 597.55 
776 2301.96 
777 2390.35 
778 2323.53 
779 2282.74 
780 2354.94 
781 2363.00 
782 2279.10 
783 2480.61 
784 2418.93 
785 2361.35 
786 2347.44 
787 1856.09 
788 2417.97 
789 2423.33 
790 2378.83 
791 2331.01 
792 2296.05 
793 2471.93 
794 2503.33 
795 2404.11 
796 2308.46 
797 2422.06 
798 2464.79 
799 2300.30 
800 2304.56 
801 2360.48 
802 2407.72 
803 2421.05 
804 2393.58 
805 2429.82 
806 2383.52 
807 2312.25 
808 2360.09 
809 2419.62 
810 2365.84 
811 2402.38 
812 2314.03 
813 2293.55 
814 2343.49 
815 2472.21 
816 2368.49 
817 2375.60 
818 2354.03 
819 2319.22 
820 2346.25 
821 2380.55 
822 2330.80 
823 2456.40 
824 2319.43 
825 2337.83 
826 2432.99 
827 2497.78 
828 2427.37 
829 2351.32 
830 2373.64 
831 2300.92 
832 2455.62 
833 2290.55 
834 2337.56 
835 2002.08 
836 2399.66 
837 2290.15 
838 2231.41 
839 2342.30 
840 2450.59 
841 2339.83 
842 2327.02 
843 2393.17 
844 2341.55 
845 2419.50 
846 2351.39 
847 2340.79 
848 2397.05 
849 2487.03 
850 2459.86 
851 2390.50 
852 2473.37 
853 2399.40 
854 2309.45 
855 2353.93 
856 2368.33 
857 2422.58 
858 2401.61 
859 2350.15 
860 2341.51 
861 2408.74 
862 2313.76 
863 2357.72 
864 2339.19 
865 2337.52 
866 2339.81 
867 2491.56 
868 2469.74 
869 2316.52 
870 2352.43 
871 2339.77 
872 2269.83 
873 2387.78 
874 2427.84 
875 2426.99 
876 2431.96 
877 2346.84 
878 199.96 
879 2304.57 
880 2333.37 
881 1418.44 
882 2466.16 
883 2339.35 
884 2417.94 
885 2414.70 
886 2406.32 
887 2332.58 
888 2434.15 
889 2415.48 
890 2566.10 
891 2367.87 
892 2326.09 
893 2439.12 
894 2349.35 
895 2445.51 
896 2411.72 
897 2317.38 
898 2317.91 
899 2355.60 
900 2440.06 
901 2426.47 
902 2363.29 
903 2475.04 
904 2394.20 
905 2353.10 
906 2398.74 
907 2381.76 
908 896.27 
909 2324.10 
910 2362.23 
911 2440.08 
912 2471.22 
913 2324.40 
914 2359.07 
915 2288.05 
916 2418.24 
917 2384.15 
918 2409.45 
919 2421.74 
920 2322.54 
921 2416.29 
922 2373.19 
923 2370.31 
924 2461.05 
925 2414.19 
926 2483.73 
927 2406.01 
928 2377.89 
929 2495.86 
930 2440.65 
931 2293.20 
932 2414.54 
933 2386.08 
934 2413.15 
935 2456.32 
936 2416.56 
937 2428.71 
938 2396.87 
939 2416.40 
940 2447.80 
941 656.60 
942 2453.19 
943 2376.60 
944 2428.17 
945 2423.00 
946 2466.35 
947 2319.50 
948 2330.69 
949 2472.31 
950 2459.93 
951 2392.18 
952 2487.28 
953 2423.41 
954 2451.08 
955 2410.45 
956 2452.25 
957 2434.87 
958 2482.74 
959 2454.95 
960 2435.31 
961 2291.06 
962 2358.55 
963 2447.78 
964 2358.16 
965 2404.07 
966 2344.75 
967 2433.07 
968 2410.63 
969 2391.53 
970 2434.66 
971 2560.67 
972 2356.82 
973 2461.92 
974 2352.03 
975 2489.94 
976 2443.17 
977 2476.72 
978 2395.54 
979 2415.88 
980 2427.72 
981 2426.79 
982 2347.06 
983 2461.17 
984 2419.48 
985 2453.40 
986 2506.17 
987 1283.24 
988 2409.76 
989 2433.69 
990 2438.02 
991 2398.94 
992 2380.50 
993 2392.58 
994 2376.26 
995 1346.72 
996 2403.75 
997 2347.72 
998 848.92 
999 2398.90 
1000 2367.12 
1001 2446.61 
1002 2368.32 
1003 2367.04 
1004 2301.71 
1005 2413.97 
1006 2318.98 
1007 2370.97 
1008 2453.31 
1009 2327.60 
1010 2480.41 
1011 2430.47 
1012 2316.72 
1013 2495.20 
1014 2457.91 
1015 2145.48 
1016 2441.74 
1017 2396.37 
1018 2460.45 
1019 2460.41 
1020 2470.47 
1021 2368.71 
1022 2408.05 
1023 2435.44 
1024 2406.36 
1025 2350.93 
1026 2391.39 
1027 2401.28 
1028 2436.13 
1029 -78.80 
1030 2357.90 
1031 2502.15 
1032 2343.96 
1033 2460.58 
1034 2420.26 
1035 2424.97 
1036 2385.71 
1037 2366.53 
1038 2341.62 
1039 2337.07 
1040 2405.99 
1041 2398.63 
1042 2461.84 
1043 2429.79 
1044 2340.48 
1045 2491.36 
1046 2487.94 
1047 2408.30 
1048 2435.56 
1049 2466.32 
1050 2468.13 
1051 2464.45 
1052 1793.33 
1053 2412.13 
1054 2483.08 
1055 2402.65 
1056 2410.98 
1057 2421.98 
1058 2539.51 
1059 2451.59 
1060 2383.20 
1061 2511.79 
1062 2394.95 
1063 2343.25 
1064 2454.28 
1065 2421.83 
1066 2418.58 
1067 2283.82 
1068 2419.15 
1069 2375.55 
1070 2417.62 
1071 2448.92 
1072 2458.13 
1073 2415.18 
1074 2512.39 
1075 2401.13 
1076 2363.04 
1077 2484.32 
1078 2483.64 
1079 2397.12 
1080 2384.99 
1081 2430.98 
1082 2494.92 
1083 2436.25 
1084 2473.52 
1085 2519.62 
1086 2489.03 
1087 2504.14 
1088 2372.58 
1089 2398.51 
1090 2475.00 
1091 1595.15 
1092 2351.14 
1093 2443.94 
1094 2309.54 
1095 2512.09 
1096 2502.41 
1097 1440.94 
1098 2432.57 
1099 2391.93 
1100 2435.89 
1101 2426.36 
1102 2504.87 
1103 2449.82 
1104 2402.44 
1105 2505.92 
1106 2459.82 
1107 2452.47 
1108 2445.01 
1109 2476.84 
1110 2498.94 
1111 2454.14 
1112 2415.29 
1113 2478.85 
1114 2426.07 
1115 2503.00 
1116 2396.04 
1117 2455.83 
1118 2443.32 
1119 912.93 
1120 2435.33 
1121 2529.41 
1122 2495.06 
1123 2359.19 
1124 2565.19 
1125 2356.93 
1126 2471.42 
1127 2490.24 
1128 2502.97 
1129 2445.71 
1130 2502.18 
1131 2522.36 
1132 2364.22 
1133 2410.69 
1134 2500.88 
1135 2472.98 
1136 634.70 
1137 2436.87 
1138 2348.97 
1139 2501.93 
1140 2476.61 
1141 2429.06 
1142 2428.92 
1143 2418.12 
1144 2437.27 
1145 2488.43 
1146 2445.07 
1147 2476.34 
1148 2489.05 
1149 2482.23 
1150 2462.43 
1151 2477.91 
1152 2506.96 
1153 2508.36 
1154 2460.66 
1155 2394.26 
1156 2408.24 
1157 2394.15 
1158 2455.31 
1159 2461.77 
1160 2478.16 
1161 2393.10 
1162 2348.24 
1163 2540.03 
1164 2457.38 
1165 2497.14 
1166 2410.26 
1167 2451.31 
1168 2562.73 
1169 2431.08 
1170 2578.09 
1171 2535.95 
1172 2480.78 
1173 2491.59 
1174 2475.76 
1175 2397.43 
1176 2457.81 
1177 2519.43 
1178 2510.15 
1179 2473.56 
1180 2543.04 
1181 2459.11 
1182 2572.87 
1183 2488.60 
1184 2527.78 
1185 2521.97 
1186 2583.09 
1187 2519.01 
1188 2427.78 
1189 2479.93 
1190 2270.51 
1191 2376.00 
1192 2445.95 
1193 2461.63 
1194 2477.86 
1195 2442.93 
1196 2450.77 
1197 2431.13 
1198 2432.16 
1199 2456.14 
1200 2456.12 
1201 2541.22 
1202 2368.40 
1203 2530.61 
1204 2450.79 
1205 2576.80 
1206 2535.95 
1207 2452.13 
1208 2420.82 
1209 2511.66 
1210 2544.41 
1211 2500.70 
1212 2498.35 
1213 2507.88 
1214 2479.92 
1215 2476.89 
1216 2556.41 
1217 2555.88 
1218 2415.09 
1219 2518.77 
1220 2562.10 
1221 2427.73 
1222 2501.16 
1223 2475.37 
1224 2541.63 
1225 2516.61 
1226 2543.36 
1227 2566.01 
1228 2456.92 
1229 2516.71 
1230 2484.89 
1231 2496.49 
1232 2462.80 
1233 2415.85 
1234 2430.33 
1235 2570.20 
1236 2528.59 
1237 2489.61 
1238 2523.82 
1239 2519.43 
1240 2406.35 
1241 2510.92 
1242 2487.02 
1243 2439.34 
1244 2549.53 
1245 2540.85 
1246 2462.02 
1247 2399.93 
1248 2540.00 
1249 2555.11 
1250 2542.74 
1251 2558.62 
1252 2427.12 
1253 2539.13 
1254 2446.74 
1255 2549.43 
1256 2485.28 
1257 2561.87 
1258 2455.50 
1259 2559.12 
1260 2485.46 
1261 2464.62 
1262 2531.88 
1263 2570.71 
1264 2579.66 
1265 2439.22 
1266 2553.14 
1267 2464.87 
1268 2543.67 
1269 2471.73 
1270 2494.43 
1271 2569.30 
1272 2575.29 
1273 2520.20 
1274 2574.13 
1275 2629.64 
1276 2479.97 
1277 2467.47 
1278 2483.75 
1279 2505.62 
1280 2434.13 
1281 2556.56 
1282 2550.26 
1283 765.99 
1284 2535.47 
1285 2457.94 
1286 2465.12 
1287 2527.88 
1288 2433.26 
1289 2415.54 
1290 2489.92 
1291 2512.58 
1292 2421.78 
1293 2400.65 
1294 2424.97 
1295 2414.82 
1296 2487.98 
1297 2413.24 
1298 2441.96 
1299 2524.62 
1300 2468.96 
1301 2475.09 
1302 2489.43 
1303 2460.57 
1304 2552.37 
1305 2441.77 
1306 2470.10 
1307 2584.76 
1308 2481.03 
1309 2562.07 
1310 2440.03 
1311 2470.85 
1312 2452.06 
1313 2611.35 
1314 2531.14 
1315 2489.93 
1316 2540.37 
1317 2474.00 
1318 2539.47 
1319 2567.96 
1320 356.94 
1321 2448.54 
1322 2542.55 
1323 2515.61 
1324 2590.52 
1325 2589.55 
1326 2434.11 
1327 2580.04 
1328 2488.17 
1329 2516.17 
1330 2554.39 
1331 2559.04 
1332 2524.91 
1333 2489.11 
1334 2542.21 
1335 2450.83 
1336 2502.92 
1337 2544.09 
1338 2609.27 
1339 2532.08 
1340 2489.37 
1341 2498.62 
1342 2492.51 
1343 2447.57 
1344 2480.50 
1345 2538.69 
1346 1502.80 
1347 2534.21 
1348 2607.88 
1349 2434.30 
1350 2448.10 
1351 2467.66 
1352 2512.49 
1353 2555.10 
1354 2527.25 
1355 2458.14 
1356 2471.79 
1357 2530.56 
1358 2538.05 
1359 2617.27 
1360 2430.63 
1361 2511.56 
1362 2569.04 
1363 2518.23 
1364 2505.37 
1365 2508.49 
1366 2511.64 
1367 2582.64 
1368 2496.66 
1369 2528.60 
1370 2544.31 
1371 2464.80 
1372 2516.25 
1373 2626.23 
1374 2510.16 
1375 2639.00 
1376 2523.81 
1377 2592.12 
1378 2447.29 
1379 2606.39 
1380 2467.42 
1381 2527.79 
1382 2551.24 
1383 2525.75 
1384 2564.34 
1385 2526.75 
1386 2585.45 
1387 2480.99 
1388 2475.74 
1389 2551.25 
1390 2474.04 
1391 2555.50 
1392 2612.37 
1393 2472.14 
1394 2510.64 
1395 2478.65 
1396 2574.60 
1397 2497.02 
1398 2520.64 
1399 2428.26 
1400 2498.50 
0 2536.01 
1 2571.34 
2 2592.54 
3 2463.48 
4 2519.71 
5 2537.41 
6 2513.39 
7 2561.65 
8 2494.00 
9 2435.23 
10 2502.36 
11 2498.11 
12 2496.77 
13 2563.91 
14 2519.01 
15 2554.11 
16 2571.49 
17 2598.68 
18 2471.06 
19 2504.03 
20 2418.62 
21 2517.62 
22 2644.47 
23 2512.74 
24 2538.71 
25 2436.37 
26 2561.28 
27 2556.97 
28 2527.40 
29 2549.13 
30 2485.39 
31 2525.71 
32 2469.11 
33 2496.89 
34 2551.73 
35 2579.30 
36 2492.87 
37 2577.97 
38 2574.05 
39 2595.96 
40 2548.78 
41 2466.88 
42 2496.80 
43 2435.13 
44 2595.16 
45 2577.07 
46 2504.72 
47 2554.36 
48 2556.46 
49 2488.12 
50 2556.53 
51 2525.25 
52 2571.58 
53 2411.50 
54 2582.40 
55 2577.33 
56 2495.73 
57 2504.82 
58 2562.52 
59 2485.09 
60 2567.25 
61 2595.50 
62 2465.00 
63 2506.52 
64 2583.30 
65 2491.39 
66 2576.68 
67 2532.03 
68 2543.76 
69 2550.56 
70 2580.12 
71 2509.03 
72 2450.65 
73 2548.35 
74 2586.71 
75 2558.50 
76 2491.46 
77 2529.97 
78 2521.78 
79 2530.97 
80 2538.04 
81 2690.84 
82 2597.57 
83 2461.47 
84 2625.46 
85 2638.01 
86 2456.20 
87 2642.33 
88 2546.58 
89 2619.30 
90 2495.15 
91 2566.43 
92 2497.71 
93 2473.55 
94 2563.60 
95 2538.77 
96 2565.31 
97 2593.63 
98 2456.84 
99 2533.32 
100 2503.32 
101 2591.65 
102 2538.58 
103 2545.30 
104 2442.78 
105 2484.83 
106 2557.46 
107 449.38 
108 2510.34 
109 2552.55 
110 2621.97 
111 2503.28 
112 2547.17 
113 2525.21 
114 2590.94 
115 2658.67 
116 2450.67 
117 2506.26 
118 2550.79 
119 2450.62 
120 2654.76 
121 2606.28 
122 2521.05 
123 2595.88 
124 2600.62 
125 2495.42 
126 2570.57 
127 2587.39 
128 2646.26 
129 2558.64 
130 2476.23 
131 2505.06 
132 2560.93 
133 2531.58 
134 2455.40 
135 2629.14 
136 2521.51 
137 2579.72 
138 2603.67 
139 2669.06 
140 2502.44 
141 2450.50 
142 2638.73 
143 2593.53 
144 2518.17 
145 2577.79 
146 2540.83 
147 2522.09 
148 2604.81 
149 2584.18 
150 2526.05 
151 2579.14 
152 2622.68 
153 2626.09 
154 2577.53 
155 2546.28 
156 2665.40 
157 2584.98 
158 2555.27 
159 2615.65 
160 2611.90 
161 2576.35 
162 2589.36 
163 2607.33 
164 2638.86 
165 2513.05 
166 2598.93 
167 2493.37 
168 2575.98 
169 2564.79 
170 2677.31 
171 2623.04 
172 2562.79 
173 2582.56 
174 2556.91 
175 2351.35 
176 2556.95 
177 2546.58 
178 2582.35 
179 2579.74 
180 2523.90 
181 2646.44 
182 2519.64 
183 2663.76 
184 2448.26 
185 2525.52 
186 2467.17 
187 2656.31 
188 2590.68 
189 2630.42 
190 2627.53 
191 2579.91 
192 2372.47 
193 2585.61 
194 2584.97 
195 2530.06 
196 2559.49 
197 2603.40 
198 2644.18 
199 2674.05 
200 2508.81 
201 2655.97 
202 2622.92 
203 2684.35 
204 2612.26 
205 2556.16 
206 2617.85 
207 2633.64 
208 2589.31 
209 2535.49 
210 2640.34 
211 2505.38 
212 2584.87 
213 2596.74 
214 2626.56 
215 2565.70 
216 2603.62 
217 2537.19 
218 2588.56 
219 2622.22 
220 2616.38 
221 2611.93 
222 2563.49 
223 2581.11 
224 2529.33 
225 2606.57 
226 2543.20 
227 2542.23 
228 2611.46 
229 2488.93 
230 2565.08 
231 2633.94 
232 2559.41 
233 2608.21 
234 2707.77 
235 2523.60 
236 2551.65 
237 2575.66 
238 2393.75 
239 2647.74 
240 2681.62 
241 2636.12 
242 2475.15 
243 2571.16 
244 2547.48 
245 2565.11 
246 2586.31 
247 2572.76 
248 2486.90 
249 2605.34 
250 2477.78 
251 2584.90 
252 2642.55 
253 2648.64 
254 2657.86 
255 2626.72 
256 2574.83 
257 2590.99 
258 2706.21 
259 2648.27 
260 2594.44 
261 2663.71 
262 2616.99 
263 2644.43 
264 2560.10 
265 2634.00 
266 2585.46 
267 2593.74 
268 2645.49 
269 2569.59 
270 251.19 
271 2565.16 
272 2608.35 
273 2552.34 
274 2635.27 
275 2505.84 
276 2517.89 
277 2593.32 
278 2655.23 
279 2018.42 
280 2668.17 
281 2607.68 
282 2633.26 
283 2545.46 
284 2581.68 
285 2623.93 
286 2647.61 
287 2569.23 
288 2563.82 
289 2585.65 
290 2676.75 
291 2645.22 
292 2569.01 
293 2652.95 
294 2532.45 
295 2672.53 
296 2584.24 
297 2567.63 
298 2635.29 
299 2568.78 
300 2679.06 
301 2630.08 
302 2566.55 
303 2511.30 
304 2536.03 
305 2598.62 
306 2685.93 
307 2613.72 
308 2591.99 
309 2627.19 
310 2718.35 
311 2583.67 
312 2609.42 
313 2640.62 
314 2496.23 
315 2668.76 
316 2554.77 
317 2689.79 
318 2656.81 
319 2665.37 
320 2672.01 
321 2640.18 
322 2603.34 
323 2548.03 
324 2627.12 
325 2535.76 
326 2548.64 
327 2615.96 
328 2566.39 
329 2469.29 
330 2616.74 
331 2635.45 
332 2615.25 
333 2601.68 
334 2514.25 
335 2588.86 
336 2618.35 
337 2614.73 
338 2623.36 
339 2637.32 
340 2670.01 
341 2688.60 
342 2456.69 
343 2514.89 
344 2689.18 
345 2623.17 
346 2633.32 
347 2515.08 
348 2569.09 
349 2495.07 
350 2627.08 
351 2600.87 
352 2671.25 
353 2569.94 
354 2559.94 
355 2687.01 
356 2600.73 
357 2676.36 
358 2558.23 
359 2621.69 
360 2556.23 
361 2576.85 
362 2594.67 
363 2667.18 
364 2546.30 
365 2469.31 
366 2536.71 
367 2577.96 
368 2616.29 
369 2509.60 
370 2438.28 
371 2532.11 
372 2580.76 
373 2672.70 
374 2655.90 
375 2637.19 
376 2578.89 
377 2604.95 
378 2534.66 
379 1050.22 
380 2565.05 
381 2646.07 
382 2618.23 
383 2637.42 
384 2563.21 
385 2548.54 
386 2585.91 
387 2599.04 
388 2662.40 
389 2620.07 
390 2554.20 
391 2599.36 
392 2618.96 
393 2632.54 
394 2557.63 
395 2627.80 
396 2609.04 
397 2650.77 
398 2569.45 
399 2598.64 
400 2639.88 
401 2635.31 
402 2590.28 
403 2590.63 
404 2643.09 
405 2660.18 
406 2536.27 
407 2651.08 
408 2663.89 
409 2563.48 
410 2570.27 
411 2629.40 
412 2653.85 
413 2561.50 
414 2668.95 
415 2576.80 
416 2585.24 
417 2586.26 
418 2673.98 
419 2594.58 
420 2542.16 
421 2668.78 
422 2677.06 
423 2706.24 
424 2571.22 
425 2569.03 
426 2585.11 
427 2559.73 
428 2554.08 
429 2683.49 
430 2672.79 
431 2599.25 
432 2644.80 
433 2617.78 
434 2701.11 
435 2667.74 
436 2587.07 
437 2572.85 
438 2608.28 
439 2661.53 
440 2554.19 
441 2587.54 
442 2530.34 
443 2522.44 
444 2524.92 
445 2539.74 
446 2600.78 
447 2548.99 
448 2626.35 
449 2620.85 
450 2657.85 
451 2547.47 
452 2577.95 
453 2588.38 
454 2521.58 
455 2517.23 
456 2664.40 
457 2619.82 
458 2641.63 
459 2614.34 
460 2603.75 
461 2572.25 
462 2669.27 
463 2606.67 
464 2618.13 
465 2630.03 
466 2579.90 
467 2682.09 
468 2559.36 
469 2574.85 
470 2547.86 
471 2654.80 
472 2640.53 
473 2598.30 
474 2485.97 
475 2558.11 
476 2626.24 
477 2604.10 
478 2504.02 
479 2579.49 
480 2609.02 
481 2596.60 
482 2603.39 
483 2592.75 
484 2636.87 
485 2598.67 
486 2541.05 
487 2643.80 
488 2640.78 
489 2658.65 
490 2639.83 
491 2668.74 
492 2677.53 
493 2615.20 
494 2584.57 
495 2651.70 
496 2630.20 
497 2629.24 
498 -36.27 
499 2461.29 
500 2772.00 
501 2607.68 
502 2138.30 
503 2492.38 
504 2535.07 
505 2574.90 
506 2605.20 
507 2523.56 
508 2672.94 
509 2610.47 
510 2498.03 
511 2644.72 
512 2563.31 
513 553.87 
514 2609.76 
515 2588.97 
516 2573.86 
517 2593.74 
518 2693.56 
519 2620.89 
520 2592.70 
521 2628.36 
522 2630.44 
523 2633.85 
524 2714.17 
525 2675.51 
526 2633.64 
527 2532.32 
528 2594.64 
529 2589.62 
530 2558.82 
531 2583.17 
532 2548.88 
533 2619.64 
534 2684.71 
535 2670.89 
536 2594.46 
537 2631.18 
538 2629.01 
539 2696.74 
540 2516.80 
541 2592.76 
542 2578.22 
543 2541.44 
544 2654.08 
545 2622.48 
546 2600.87 
547 2712.58 
548 2604.90 
549 2560.55 
550 2541.05 
551 2656.63 
552 2556.10 
553 2531.06 
554 2596.92 
555 2603.99 
556 2675.78 
557 2698.87 
558 2642.91 
559 2520.82 
560 2682.28 
561 2599.47 
562 2565.49 
563 2639.78 
564 2595.85 
565 2636.93 
566 2678.73 
567 2618.76 
568 2707.11 
569 2621.92 
570 2617.48 
571 2633.41 
572 2630.70 
573 2643.63 
574 2647.61 
575 2641.59 
576 2656.49 
577 2634.43 
578 2488.63 
579 2678.77 
580 2640.39 
581 2720.72 
582 2610.58 
583 2610.61 
584 2625.91 
585 2565.16 
586 2576.23 
587 2569.40 
588 2564.28 
589 2566.77 
590 2583.04 
591 2595.46 
592 2736.62 
593 2625.85 
594 2573.78 
595 2676.64 
596 2666.15 
597 2486.05 
598 2565.44 
599 2600.02 
600 2635.33 
601 2668.91 
602 2577.74 
603 2614.35 
604 2615.46 
605 2570.54 
606 2617.23 
607 2546.53 
608 2688.16 
609 2523.69 
610 2553.75 
611 2613.83 
612 2659.67 
613 2586.50 
614 2611.00 
615 2537.00 
616 2501.91 
617 2577.68 
618 2586.53 
619 2602.81 
620 2555.40 
621 2609.65 
622 2665.43 
623 2613.06 
624 2604.43 
625 2590.09 
626 2657.04 
627 2647.96 
628 2556.20 
629 2655.08 
630 2545.33 
631 2681.23 
632 2602.10 
633 2674.04 
634 2605.29 
635 2701.29 
636 2610.55 
637 2630.33 
638 2541.71 
639 2640.93 
640 2596.69 
641 2570.06 
642 2649.90 
643 2682.10 
644 2630.53 
645 2544.03 
646 2621.29 
647 2612.37 
648 2589.56 
649 2615.82 
650 2555.65 
651 2574.53 
652 2558.33 
653 2643.26 
654 2623.71 
655 2707.42 
656 2530.57 
657 2633.44 
658 2592.58 
659 2573.23 
660 2615.90 
661 2596.61 
662 2674.26 
663 2702.64 
664 2671.48 
665 2695.41 
666 2619.31 
667 2685.84 
668 2618.80 
669 2650.74 
670 2592.22 
671 2622.38 
672 2598.70 
673 2586.99 
674 2612.55 
675 2554.51 
676 2643.92 
677 2668.81 
678 2705.34 
679 2623.85 
680 2664.13 
681 2663.65 
682 2602.01 
683 2635.86 
684 2586.91 
685 2577.14 
686 2658.92 
687 2707.08 
688 2617.46 
689 2695.95 
690 2587.76 
691 2630.75 
692 2564.89 
693 2640.19 
694 2709.64 
695 2493.33 
696 2696.80 
697 2632.21 
698 2570.73 
699 765.01 
700 2581.57 
701 2785.24 
702 2675.56 
703 2584.87 
704 2587.88 
705 2659.10 
706 2657.70 
707 2602.93 
708 2607.40 
709 2654.04 
710 2589.27 
711 2581.13 
712 2595.05 
713 2614.12 
714 2584.44 
715 2550.07 
716 2597.71 
717 2693.30 
718 2650.29 
719 2620.54 
720 2720.24 
721 2641.56 
722 2680.17 
723 2673.99 
724 2720.34 
725 2734.55 
726 2619.33 
727 2604.41 
728 2628.71 
729 2650.02 
730 2592.11 
731 2629.40 
732 2610.72 
733 2711.42 
734 2719.99 
735 2700.52 
736 2715.04 
737 2591.45 
738 2662.73 
739 2618.49 
740 2629.15 
741 2610.41 
742 2734.35 
743 2790.83 
744 2637.08 
745 2701.75 
746 2672.85 
747 2611.37 
748 2647.31 
749 2697.70 
750 2648.22 
751 2641.88 
752 2676.08 
753 2808.47 
754 1942.05 
755 2657.84 
756 2668.44 
757 2689.18 
758 2680.54 
759 2638.64 
760 2641.48 
761 2598.17 
762 2579.37 
763 2698.74 
764 2589.34 
765 2584.83 
766 2649.67 
767 2691.23 
768 2559.90 
769 2768.04 
770 2657.50 
771 2643.54 
772 2550.99 
773 2602.39 
774 2646.89 
775 2693.37 
776 2639.93 
777 2569.58 
778 2662.17 
779 2741.39 
780 2678.20 
781 2688.80 
782 2639.09 
783 2690.38 
784 1910.75 
785 2707.87 
786 2645.05 
787 2655.77 
788 2681.29 
789 2562.49 
790 2649.89 
791 2489.99 
792 2671.82 
793 2477.40 
794 2720.40 
795 2649.20 
796 2532.01 
797 2669.98 
798 2630.24 
799 2750.53 
800 2537.18 
801 2712.40 
802 2699.67 
803 2660.64 
804 2632.17 
805 2617.08 
806 2625.41 
807 2618.50 
808 2713.69 
809 2669.18 
810 2604.77 
811 2598.41 
812 2700.97 
813 2628.73 
814 2596.98 
815 2588.71 
816 2590.91 
817 2609.80 
818 2583.52 
819 2601.93 
820 2679.89 
821 2627.24 
822 2631.32 
823 2657.72 
824 2592.59 
825 2663.13 
826 2727.08 
827 2711.86 
828 2583.23 
829 2650.29 
830 2619.63 
831 2706.31 
832 2640.90 
833 2605.48 
834 2641.29 
835 2625.72 
836 2665.66 
837 2652.28 
838 2687.60 
839 2640.80 
840 2675.11 
841 2615.08 
842 2731.32 
843 2675.31 
844 2648.33 
845 2646.73 
846 2780.08 
847 2487.55 
848 2620.97 
849 2715.39 
850 2682.43 
851 2688.33 
852 2638.21 
853 2692.17 
854 2585.78 
855 2625.55 
856 2590.41 
857 2588.47 
858 2584.67 
859 2671.79 
860 2649.40 
861 2675.03 
862 2573.95 
863 2701.74 
864 2667.61 
865 2664.36 
866 2694.92 
867 2756.28 
868 2116.43 
869 2598.73 
870 2740.38 
871 2690.39 
872 2578.69 
873 2633.60 
874 2719.92 
875 2590.63 
876 2592.27 
877 2592.58 
878 2713.61 
879 2726.43 
880 2670.36 
881 2716.02 
882 2734.06 
883 2587.48 
884 2835.72 
885 2634.83 
886 2524.63 
887 2738.75 
888 2741.35 
889 2695.56 
890 2676.65 
891 2582.86 
892 2628.89 
893 2595.15 
894 2720.46 
895 2626.57 
896 2637.35 
897 2828.24 
898 2637.08 
899 2765.71 
900 2595.26 
901 2694.48 
902 2685.33 
903 2699.29 
904 2629.02 
905 2543.97 
906 2625.40 
907 2587.02 
908 2687.91 
909 2704.40 
910 2715.84 
911 2692.97 
912 2655.72 
913 2749.86 
914 2741.47 
915 2650.49 
916 2654.19 
917 2626.49 
918 2705.36 
919 2555.64 
920 2624.80 
921 2633.45 
922 2590.91 
923 2630.71 
924 2639.29 
925 2714.52 
926 2709.84 
927 2655.52 
928 2583.98 
929 2795.23 
930 2702.62 
931 2724.27 
932 2728.69 
933 2481.56 
934 2657.38 
935 2625.84 
936 2704.13 
937 2690.46 
938 2682.04 
939 2638.39 
940 2664.03 
941 2739.17 
942 2663.56 
943 2599.51 
944 2719.17 
945 2639.01 
946 2704.45 
947 2603.31 
948 2783.09 
949 2632.42 
950 2715.87 
951 2713.43 
952 2670.24 
953 2635.61 
954 2681.38 
955 2768.32 
956 2726.66 
957 2629.08 
958 2669.66 
959 2690.00 
960 2542.66 
961 2603.73 
962 2672.25 
963 2629.60 
964 2747.72 
965 2660.75 
966 2683.11 
967 2612.04 
968 2681.49 
969 2615.26 
970 2659.56 
971 2723.64 
972 2738.90 
973 2575.20 
974 2634.57 
975 2734.95 
976 2610.27 
977 2596.10 
978 2645.47 
979 2597.17 
980 2625.70 
981 2750.02 
982 2649.45 
983 2701.88 
984 2731.84 
985 2705.44 
986 2612.88 
987 2718.23 
988 2735.04 
989 2726.84 
990 2635.62 
991 2791.82 
992 2669.75 
993 2583.22 
994 2653.07 
995 2678.16 
996 2667.74 
997 2775.79 
998 2597.46 
999 2713.48 
1000 2742.13 
1001 2810.14 
1002 2675.80 
1003 2736.29 
1004 2641.76 
1005 2623.61 
1006 2768.99 
1007 2730.42 
1008 2672.80 
1009 2765.51 
1010 939.03 
1011 2694.75 
1012 2730.26 
1013 2696.35 
1014 2764.71 
1015 2769.99 
1016 2723.54 
1017 2675.45 
1018 2648.76 
1019 2702.61 
1020 2652.19 
1021 2592.68 
1022 2767.63 
1023 2649.71 
1024 2670.11 
1025 2693.60 
1026 2785.56 
1027 2705.41 
1028 2720.52 
1029 2610.21 
1030 2771.39 
1031 2675.50 
1032 2703.30 
1033 2650.68 
1034 2645.90 
1035 2590.97 
1036 2598.98 
1037 2586.91 
1038 2734.60 
1039 2717.13 
1040 2595.68 
1041 2714.41 
1042 2657.26 
1043 2659.35 
1044 2663.00 
1045 2651.69 
1046 2737.10 
1047 2621.90 
1048 2791.98 
1049 2689.37 
1050 2668.08 
1051 2713.22 
1052 2584.70 
1053 2672.08 
1054 2804.84 
1055 2631.35 
1056 2647.02 
1057 2540.15 
1058 2690.10 
1059 2648.12 
1060 2626.41 
1061 2704.92 
1062 2748.60 
1063 2700.15 
1064 2722.46 
1065 2648.06 
1066 2731.56 
1067 2685.03 
1068 2707.51 
1069 2662.98 
1070 2707.58 
1071 2629.43 
1072 2678.86 
1073 2623.02 
1074 2650.85 
1075 2778.25 
1076 2635.11 
1077 2582.57 
1078 2686.11 
1079 2622.42 
1080 2615.35 
1081 2633.60 
1082 2648.56 
1083 2719.25 
1084 2710.47 
1085 2728.91 
1086 2707.39 
1087 2674.86 
1088 2759.64 
1089 2726.01 
1090 2695.51 
1091 2775.74 
1092 2763.19 
1093 2705.30 
1094 2666.46 
1095 2643.53 
1096 2697.59 
1097 2697.67 
1098 2608.17 
1099 2569.35 
1100 2695.19 
1101 2660.91 
1102 2646.03 
1103 2645.27 
1104 2686.61 
1105 2635.69 
1106 2688.67 
1107 2815.15 
1108 2602.32 
1109 2687.91 
1110 2673.30 
1111 2782.45 
1112 2659.02 
1113 2578.39 
1114 2648.87 
1115 2721.83 
1116 2698.96 
1117 2626.43 
1118 2755.57 
1119 2780.26 
1120 2676.48 
1121 2649.61 
1122 2719.99 
1123 2618.01 
1124 2740.55 
1125 2710.01 
1126 2598.22 
1127 2583.18 
1128 2669.90 
1129 2729.39 
1130 2659.37 
1131 2707.74 
1132 2572.48 
1133 2650.80 
1134 2699.63 
1135 2708.89 
1136 2679.30 
1137 2693.91 
1138 2697.76 
1139 2653.93 
1140 2608.00 
1141 2722.25 
1142 2686.10 
1143 2637.96 
1144 2745.01 
1145 2631.10 
1146 2629.90 
1147 2698.28 
1148 2632.24 
1149 2672.70 
1150 2697.38 
1151 2606.27 
1152 2717.69 
1153 2705.66 
1154 2650.93 
1155 2732.23 
1156 2742.81 
1157 2699.80 
1158 2810.63 
1159 2684.52 
1160 2660.67 
1161 2694.06 
1162 2701.02 
1163 2668.66 
1164 2735.73 
1165 2536.30 
1166 2671.74 
1167 2720.89 
1168 2733.06 
1169 2594.10 
1170 2622.63 
1171 2695.98 
1172 2649.27 
1173 2691.57 
1174 2631.67 
1175 2745.63 
1176 2665.39 
1177 2670.06 
1178 2644.78 
1179 2738.07 
1180 2391.35 
1181 2719.26 
1182 2652.25 
1183 2604.81 
1184 2669.56 
1185 2584.03 
1186 2703.80 
1187 2717.09 
1188 2604.48 
1189 2639.86 
1190 2680.24 
1191 2772.22 
1192 2767.79 
1193 2698.09 
1194 2701.55 
1195 2759.15 
1196 2689.77 
1197 2722.60 
1198 2633.25 
1199 2811.82 
1200 2672.07 
1201 2743.29 
1202 2719.96 
1203 2694.03 
1204 2764.32 
1205 2693.36 
1206 2770.11 
1207 2720.98 
1208 2591.86 
1209 2676.84 
1210 2591.14 
1211 2780.76 
1212 2643.33 
1213 2585.64 
1214 2758.98 
1215 2774.53 
1216 2719.77 
1217 -239.55 
1218 2628.57 
1219 2585.68 
1220 2768.37 
1221 2716.44 
1222 2721.26 
1223 2646.43 
1224 2763.26 
1225 2687.28 
1226 2624.49 
1227 2756.04 
1228 2606.97 
1229 2662.57 
1230 2702.73 
1231 2664.83 
1232 2652.92 
1233 2777.21 
1234 2696.74 
1235 2605.57 
1236 2745.06 
1237 2643.68 
1238 2753.06 
1239 2743.43 
1240 2699.97 
1241 2646.60 
1242 2679.85 
1243 2640.08 
1244 2696.18 
1245 2707.05 
1246 2642.09 
1247 2737.78 
1248 2691.01 
1249 2753.66 
1250 2771.26 
1251 2661.67 
1252 2797.86 
1253 2628.12 
1254 2709.39 
1255 2768.56 
1256 2678.63 
1257 2697.64 
1258 2637.27 
1259 2724.32 
1260 2689.62 
1261 2729.68 
1262 2730.23 
1263 2659.24 
1264 2667.26 
1265 2729.12 
1266 2684.34 
1267 2651.60 
1268 2706.78 
1269 2675.15 
1270 2745.72 
1271 2708.24 
1272 2623.71 
1273 2684.09 
1274 2675.41 
1275 2674.48 
1276 2749.11 
1277 987.00 
1278 2635.63 
1279 2673.81 
1280 2706.78 
1281 2610.38 
1282 2681.08 
1283 2615.30 
1284 2594.05 
1285 2621.73 
1286 2672.56 
1287 2761.40 
1288 2661.97 
1289 2684.08 
1290 2761.10 
1291 2776.88 
1292 2776.63 
1293 2717.38 
1294 2740.76 
1295 2725.67 
1296 2682.00 
1297 2720.93 
1298 2676.82 
1299 2690.63 
1300 2739.21 
1301 2613.74 
1302 2709.91 
1303 2739.30 
1304 2664.92 
1305 2709.93 
1306 2597.91 
1307 2712.54 
1308 2606.35 
1309 2710.83 
1310 2710.68 
1311 2813.92 
1312 2628.85 
1313 2773.19 
1314 2651.01 
1315 2759.95 
1316 2717.93 
1317 2651.53 
1318 2672.86 
1319 2768.72 
1320 2867.20 
1321 2752.19 
1322 2773.06 
1323 2706.66 
1324 2819.52 
1325 2632.90 
1326 2732.66 
1327 2719.16 
1328 2737.02 
1329 2693.16 
1330 2782.50 
1331 2675.63 
1332 2631.36 
1333 2816.96 
1334 2700.05 
1335 2689.72 
1336 2753.08 
1337 2655.50 
1338 2720.92 
1339 2774.81 
1340 2636.89 
1341 2729.57 
1342 2704.37 
1343 2626.43 
1344 2673.23 
1345 2737.54 
1346 2679.55 
1347 2693.70 
1348 2729.01 
1349 2673.69 
1350 2699.73 
1351 2679.82 
1352 2518.79 
1353 2664.48 
1354 2714.86 
1355 2778.02 
1356 2736.94 
1357 2547.92 
1358 2593.62 
1359 2666.47 
1360 295.95 
1361 2681.63 
1362 2746.29 
1363 2663.65 
1364 2682.56 
1365 2794.90 
1366 2743.84 
1367 2695.68 
1368 2716.18 
1369 2813.81 
1370 2764.35 
1371 2771.86 
1372 2734.66 
1373 2748.88 
1374 2628.23 
1375 2752.75 
1376 2776.94 
1377 2772.74 
1378 2689.65 
1379 2768.28 
1380 2687.82 
1381 2743.32 
1382 2654.46 
1383 2774.39 
1384 2725.12 
1385 2792.23 
1386 2708.25 
1387 2686.46 
1388 2748.09 
1389 2755.72 
1390 2680.83 
1391 2685.97 
1392 2503.84 
1393 2701.40 
1394 2621.03 
1395 2696.41 
1396 2710.62 
1397 2681.31 
1398 2800.07 
1399 2720.04 
1400 2827.34 
0 2681.40 
1 2784.02 
2 2663.13 
3 2649.73 
4 2731.24 
5 2716.39 
6 2760.01 
7 2761.76 
8 2760.34 
9 2648.86 
10 2748.24 
11 2726.22 
12 2645.54 
13 2716.29 
14 2654.96 
15 2631.36 
16 2632.50 
17 2692.81 
18 2728.00 
19 2740.91 
20 2536.90 
21 2714.50 
22 2754.27 
23 2744.73 
24 2759.39 
25 2735.00 
26 2724.33 
27 2695.15 
28 2656.47 
29 2709.61 
30 2742.74 
31 2739.12 
32 2744.13 
33 2708.36 
34 2721.97 
35 2713.35 
36 2701.07 
37 2797.08 
38 2699.69 
39 2817.70 
40 2698.95 
41 2570.18 
42 2743.27 
43 2669.84 
44 2760.27 
45 2823.62 
46 2689.77 
47 2786.16 
48 2764.49 
49 2639.22 
50 2706.39 
51 2721.34 
52 2674.33 
53 2695.84 
54 2791.95 
55 2772.28 
56 2709.93 
57 2740.13 
58 2845.30 
59 2648.71 
60 2752.58 
61 2675.14 
62 2653.90 
63 2724.64 
64 2735.23 
65 2702.98 
66 2697.90 
67 2760.22 
68 2697.70 
69 2704.34 
70 2778.95 
71 2737.60 
72 2734.09 
73 2652.15 
74 2789.35 
75 2662.41 
76 2691.54 
77 2712.85 
78 2700.77 
79 2770.84 
80 2785.11 
81 2665.94 
82 2734.54 
83 2700.42 
84 2632.65 
85 2768.46 
86 2752.20 
87 2791.26 
88 2751.34 
89 2766.93 
90 2747.94 
91 2715.44 
92 2708.39 
93 2775.04 
94 2759.78 
95 2696.24 
96 2701.11 
97 2743.95 
98 2746.70 
99 2680.04 
100 2718.80 
101 2752.53 
102 2717.44 
103 2777.22 
104 2606.24 
105 2738.73 
106 2693.61 
107 1677.05 
108 2798.61 
109 2702.86 
110 2827.14 
111 2736.14 
112 2679.78 
113 2728.63 
114 2708.02 
115 2679.87 
116 2628.07 
117 2706.09 
118 2717.02 
119 2752.52 
120 2826.29 
121 2788.83 
122 2707.71 
123 2745.43 
124 2566.06 
125 2694.39 
126 2751.70 
127 2750.04 
128 2712.89 
129 2679.03 
130 2706.79 
131 2783.17 
132 2751.69 
133 2606.43 
134 2821.31 
135 2669.68 
136 2727.25 
137 2662.62 
138 2749.64 
139 2761.32 
140 2678.05 
141 2772.15 
142 2731.96 
143 2753.57 
144 2660.63 
145 2720.68 
146 2730.88 
147 2685.74 
148 2637.90 
149 2703.01 
150 2650.07 
151 2596.38 
152 2743.79 
153 2659.30 
154 2734.36 
155 2773.67 
156 2658.91 
157 2759.83 
158 2756.29 
159 2801.96 
160 2773.47 
161 2799.40 
162 2718.79 
163 2756.72 
164 2683.39 
165 2570.33 
166 2782.84 
167 2791.77 
168 2730.74 
169 2834.12 
170 2759.90 
171 2648.20 
172 2653.63 
173 2703.91 
174 2721.49 
175 2671.71 
176 2713.54 
177 2743.60 
178 2756.04 
179 2687.32 
180 2703.29 
181 2748.54 
182 2696.88 
183 2744.02 
184 2796.90 
185 2703.31 
186 2701.63 
187 2785.53 
188 2684.52 
189 2686.29 
190 2725.03 
191 2588.65 
192 2753.96 
193 2739.66 
194 2763.58 
195 2642.21 
196 2803.02 
197 2750.05 
198 2651.33 
199 2688.18 
200 2674.05 
201 2761.20 
202 2718.18 
203 2750.25 
204 2365.02 
205 2691.61 
206 2809.67 
207 15.46 
208 2674.72 
209 2680.06 
210 2609.52 
211 2712.94 
212 2725.74 
213 2807.90 
214 2703.42 
215 2703.71 
216 2718.19 
217 2820.12 
218 2697.43 
219 2690.87 
220 2688.36 
221 2738.03 
222 2659.00 
223 2724.38 
224 2775.03 
225 2717.15 
226 2824.75 
227 2706.59 
228 2730.09 
229 2734.20 
230 2683.95 
231 2607.19 
232 2723.13 
233 2711.37 
234 2800.34 
235 2671.83 
236 2687.32 
237 2027.14 
238 2785.77 
239 2678.64 
240 2646.20 
241 2786.99 
242 2787.75 
243 2709.02 
244 2693.86 
245 2732.16 
246 2797.94 
247 2772.19 
248 2710.11 
249 2727.68 
250 2628.65 
251 2779.45 
252 2754.11 
253 2734.41 
254 2701.10 
255 2738.27 
256 2810.94 
257 2641.67 
258 2354.40 
259 2785.75 
260 2665.65 
261 2692.61 
262 2723.92 
263 2764.13 
264 2724.40 
265 2728.85 
266 2772.46 
267 2782.89 
268 2661.65 
269 2730.18 
270 2687.42 
271 2635.92 
272 2709.12 
273 2772.84 
274 2682.92 
275 2711.22 
276 2787.72 
277 2750.96 
278 2700.50 
279 2709.94 
280 2733.62 
281 2745.07 
282 2725.13 
283 2703.21 
284 2779.30 
285 2782.41 
286 2726.56 
287 2756.73 
288 2720.27 
289 2867.42 
290 2775.89 
291 2562.71 
292 2672.33 
293 2658.86 
294 2556.12 
295 2681.17 
296 2658.96 
297 2710.87 
298 2792.42 
299 2655.73 
300 2729.83 
301 2718.54 
302 2755.70 
303 2620.25 
304 2682.67 
305 2723.12 
306 2802.91 
307 2794.56 
308 2764.25 
309 2477.66 
310 2699.98 
311 2672.34 
312 2794.10 
313 2748.28 
314 2779.14 
315 2691.96 
316 2741.16 
317 2686.58 
318 2729.30 
319 2735.16 
320 2753.41 
321 2712.43 
322 2831.79 
323 2780.86 
324 2684.70 
325 2768.20 
326 2681.86 
327 2684.67 
328 2758.89 
329 2694.12 
330 2713.83 
331 2776.53 
332 2800.88 
333 2761.11 
334 2729.49 
335 2795.84 
336 2662.96 
337 2722.72 
338 2755.70 
339 2699.72 
340 2694.39 
341 2697.08 
342 2718.84 
343 2732.35 
344 2795.44 
345 2793.93 
346 2720.15 
347 2688.40 
348 2765.52 
349 2704.83 
350 2694.29 
351 2834.07 
352 2819.37 
353 2784.79 
354 2823.72 
355 2716.66 
356 2746.50 
357 2769.83 
358 2647.53 
359 2735.48 
360 2744.15 
361 2624.10 
362 2801.62 
363 2752.79 
364 2730.34 
365 2771.39 
366 2715.62 
367 2701.78 
368 2716.46 
369 2728.98 
370 2780.41 
371 2859.72 
372 2647.06 
373 2732.42 
374 2775.37 
375 2715.97 
376 2733.01 
377 2799.62 
378 2687.06 
379 1573.24 
380 2782.40 
381 2697.54 
382 2697.61 
383 2735.58 
384 2653.22 
385 2717.44 
386 1370.25 
387 2746.12 
388 2777.83 
389 2737.73 
390 2773.67 
391 2757.30 
392 2816.74 
393 2771.77 
394 2739.95 
395 2726.84 
396 2742.36 
397 2761.11 
398 2750.94 
399 2595.08 
400 2642.94 
401 2750.31 
402 2627.71 
403 2724.09 
404 2668.03 
405 2669.73 
406 2784.54 
407 2749.63 
408 2728.55 
409 2672.96 
410 2675.95 
411 2732.09 
412 2812.10 
413 2650.97 
414 2727.00 
415 2710.53 
416 2701.28 
417 2798.40 
418 2602.90 
419 2730.79 
420 2728.23 
421 2712.92 
422 2763.06 
423 2683.14 
424 2725.11 
425 2684.70 
426 2712.34 
427 2739.43 
428 2724.27 
429 2722.18 
430 2787.35 
431 2713.54 
432 2692.98 
433 2648.32 
434 2738.78 
435 2571.89 
436 2706.16 
437 2709.21 
438 2772.16 
439 2611.61 
440 2662.75 
441 2737.75 
442 2900.06 
443 2715.61 
444 2668.39 
445 2693.90 
446 2768.28 
447 2720.53 
448 2709.00 
449 2744.52 
450 2692.07 
451 2795.54 
452 2678.04 
453 2769.84 
454 2744.22 
455 2692.21 
456 2725.11 
457 2716.86 
458 2726.29 
459 2707.20 
460 2764.03 
461 2711.32 
462 2757.10 
463 2727.27 
464 2688.58 
465 2777.89 
466 2701.09 
467 2708.79 
468 2702.83 
469 2711.88 
470 2662.97 
471 2642.28 
472 2640.57 
473 2624.88 
474 2747.48 
475 2740.38 
476 2820.03 
477 2731.50 
478 2754.38 
479 2835.99 
480 2805.91 
481 2744.78 
482 2719.12 
483 2692.29 
484 2731.61 
485 2786.61 
486 2798.00 
487 2721.93 
488 2671.31 
489 2681.53 
490 2727.18 
491 2683.66 
492 2690.12 
493 2715.02 
494 2731.93 
495 2770.86 
496 2780.80 
497 2769.30 
498 2772.51 
499 2797.81 
500 2742.15 
501 2682.36 
502 2837.38 
503 2716.31 
504 2674.02 
505 2267.56 
506 2683.80 
507 2748.61 
508 2666.60 
509 2734.26 
510 2785.98 
511 2778.42 
512 2773.35 
513 2760.57 
514 2723.78 
515 2712.88 
516 2792.51 
517 2818.68 
518 2751.02 
519 2679.92 
520 2785.65 
521 2710.82 
522 2729.28 
523 2813.03 
524 2662.61 
525 2734.39 
526 2774.49 
527 2657.31 
528 2692.89 
529 2749.24 
530 2748.99 
531 2604.87 
532 2736.77 
533 2703.88 
534 2781.98 
535 2686.05 
536 2810.50 
537 2724.17 
538 2737.35 
539 2862.95 
540 2739.36 
541 2731.06 
542 2785.30 
543 2812.61 
544 2855.71 
545 2679.77 
546 2696.62 
547 2703.64 
548 2754.80 
549 2686.46 
550 2846.72 
551 2783.41 
552 2731.13 
553 2790.23 
554 2732.54 
555 2811.89 
556 2767.87 
557 2776.66 
558 2741.38 
559 2739.91 
560 2692.58 
561 2754.21 
562 2836.90 
563 2740.39 
564 2750.28 
565 2728.81 
566 2876.71 
567 2758.70 
568 2756.87 
569 2805.15 
570 2715.21 
571 2798.43 
572 2798.45 
573 2742.81 
574 2826.17 
575 2697.85 
576 2715.34 
577 2721.32 
578 2739.57 
579 2705.75 
580 2814.22 
581 2681.05 
582 2760.00 
583 2710.36 
584 2761.58 
585 2746.84 
586 2769.17 
587 2843.67 
588 2718.62 
589 2610.69 
590 2774.25 
591 2763.82 
592 2627.32 
593 2693.17 
594 2749.34 
595 2770.84 
596 2670.36 
597 2805.74 
598 2749.78 
599 2799.19 
600 2763.30 
601 2780.05 
602 2714.93 
603 2775.64 
604 2674.80 
605 2819.86 
606 2734.76 
607 2737.40 
608 2739.17 
609 2874.62 
610 2734.80 
611 2746.00 
612 2695.76 
613 2656.34 
614 2805.47 
615 2693.69 
616 2729.50 
617 2739.23 
618 2757.56 
619 2619.19 
620 2680.45 
621 1324.67 
622 2831.43 
623 2633.01 
624 2677.24 
625 2752.97 
626 2716.72 
627 2636.81 
628 2786.76 
629 2725.02 
630 2724.94 
631 2736.08 
632 2679.03 
633 2736.95 
634 2761.92 
635 2808.68 
636 2692.56 
637 2743.72 
638 2770.08 
639 2661.91 
640 2901.34 
641 2706.92 
642 2743.13 
643 2720.02 
644 2734.44 
645 2749.82 
646 2625.96 
647 2627.55 
648 2879.54 
649 2681.53 
650 2642.19 
651 2793.88 
652 2761.25 
653 2726.76 
654 2753.76 
655 2752.98 
656 2607.95 
657 2690.46 
658 2689.95 
659 2694.14 
660 2761.47 
661 2785.65 
662 2773.58 
663 2647.63 
664 2883.87 
665 2761.84 
666 2748.99 
667 2716.79 
668 2792.48 
669 2727.77 
670 2828.41 
671 2706.85 
672 2687.58 
673 2800.25 
674 2673.61 
675 2724.16 
676 2663.42 
677 2713.83 
678 2789.89 
679 2789.93 
680 2645.82 
681 2824.48 
682 2784.91 
683 2767.56 
684 2799.69 
685 2737.02 
686 2698.08 
687 2653.21 
688 2673.37 
689 2688.60 
690 2726.43 
691 2660.33 
692 2710.21 
693 2746.93 
694 2782.90 
695 2728.86 
696 2696.61 
697 140.90 
698 2694.69 
699 2822.18 
700 2696.73 
701 2689.74 
702 2742.93 
703 2694.02 
704 2810.54 
705 2609.95 
706 2642.94 
707 2742.94 
708 2743.45 
709 2711.93 
710 2759.29 
711 2718.69 
712 2754.26 
713 2737.32 
714 2644.44 
715 2788.10 
716 2745.74 
717 2641.85 
718 2694.58 
719 2741.53 
720 2869.49 
721 2740.26 
722 2693.68 
723 2754.89 
724 2794.46 
725 2738.33 
726 2726.84 
727 2733.50 
728 2701.18 
729 2779.80 
730 2836.45 
731 2782.70 
732 2808.46 
733 2737.59 
734 2818.29 
735 2760.22 
736 49.22 
737 2822.78 
738 2724.91 
739 2820.89 
740 2810.96 
741 2806.76 
742 2729.93 
743 2748.41 
744 2786.05 
745 2767.86 
746 2750.73 
747 2728.25 
748 2583.95 
749 2768.31 
750 2737.37 
751 2761.18 
752 2702.02 
753 2737.67 
754 2732.83 
755 2767.33 
756 2682.92 
757 2715.32 
758 2674.02 
759 2778.87 
760 2795.44 
761 1975.65 
762 2583.79 
763 2776.31 
764 2815.56 
765 2819.23 
766 2760.64 
767 205.66 
768 2760.48 
769 2676.07 
770 2741.58 
771 2740.13 
772 2760.12 
773 2648.10 
774 2748.94 
775 2706.63 
776 2732.95 
777 2748.79 
778 2752.25 
779 2704.89 
780 2757.55 
781 2711.14 
782 2692.87 
783 2630.92 
784 2726.63 
785 2752.57 
786 2784.45 
787 2729.64 
788 2848.04 
789 2703.79 
790 2777.43 
791 2808.96 
792 2622.86 
793 2795.47 
794 2748.36 
795 2717.66 
796 2691.74 
797 2773.14 
798 2785.45 
799 2702.05 
800 2694.30 
801 2743.97 
802 2691.03 
803 2762.95 
804 2826.50 
805 2672.62 
806 2793.41 
807 2755.89 
808 2686.72 
809 2741.10 
810 2696.22 
811 2774.47 
812 2796.85 
813 2678.42 
814 2785.54 
815 2755.95 
816 2772.64 
817 2744.44 
818 2877.02 
819 2764.13 
820 2695.21 
821 2850.20 
822 2715.71 
823 2747.38 
824 2803.77 
825 2711.13 
826 2737.47 
827 2768.99 
828 2708.75 
829 2746.27 
830 2742.87 
831 1484.42 
832 2768.36 
833 2714.83 
834 2786.27 
835 2711.66 
836 2664.02 
837 2742.49 
838 2728.45 
839 2660.27 
840 2701.65 
841 2697.32 
842 2814.99 
843 2676.54 
844 2749.80 
845 2677.44 
846 2726.56 
847 2670.62 
848 2710.06 
849 2732.67 
850 -38.57 
851 2662.78 
852 2701.64 
853 2795.73 
854 2767.11 
855 2690.82 
856 2768.25 
857 2725.34 
858 2805.68 
859 2764.01 
860 2855.74 
861 2843.93 
862 2798.44 
863 2816.13 
864 2705.25 
865 2802.36 
866 2757.94 
867 2731.33 
868 2635.98 
869 2847.31 
870 2691.82 
871 1200.68 
872 2670.09 
873 2723.03 
874 2742.52 
875 2698.67 
876 2702.42 
877 2827.21 
878 2877.62 
879 2804.10 
880 2717.00 
881 2725.50 
882 2799.90 
883 2714.82 
884 2890.53 
885 2661.79 
886 2741.98 
887 2779.16 
888 2796.71 
889 2677.22 
890 2733.65 
891 2842.57 
892 2746.95 
893 2743.80 
894 2772.84 
895 2730.07 
896 2782.57 
897 2706.84 
898 2769.28 
899 2794.33 
900 2863.74 
901 2792.21 
902 2713.80 
903 2753.08 
904 2672.23 
905 2733.45 
906 2705.69 
907 2744.09 
908 2691.85 
909 2703.05 
910 2784.98 
911 2664.82 
912 2763.13 
913 2680.14 
914 2745.43 
915 2878.56 
916 2825.50 
917 2764.19 
918 2782.58 
919 2700.85 
920 2804.12 
921 2763.16 
922 2734.02 
923 2834.75 
924 2831.53 
925 2737.96 
926 2795.61 
927 2814.98 
928 2681.94 
929 2847.54 
930 2787.44 
931 2757.58 
932 2781.17 
933 2810.06 
934 2767.94 
935 2708.58 
936 2778.49 
937 2676.99 
938 2858.39 
939 2793.23 
940 2742.83 
941 2744.40 
942 2707.66 
943 2657.18 
944 2749.85 
945 2677.37 
946 2677.38 
947 2696.62 
948 2645.85 
949 2817.11 
950 2755.09 
951 2839.05 
952 2718.64 
953 2657.46 
954 2745.58 
955 2790.00 
956 2772.22 
957 2809.97 
958 2772.09 
959 2758.57 
960 2831.75 
961 2686.89 
962 1309.76 
963 2755.45 
964 2785.36 
965 2738.43 
966 2697.61 
967 2738.72 
968 2745.16 
969 2775.97 
970 2833.34 
971 2809.28 
972 2725.68 
973 2683.74 
974 2804.56 
975 2782.32 
976 2796.18 
977 2724.92 
978 2749.30 
979 5.72 
980 2766.63 
981 2682.58 
982 2732.68 
983 2776.15 
984 2040.46 
985 2784.18 
986 2795.54 
987 2841.58 
988 2794.51 
989 2728.82 
990 2791.77 
991 2774.98 
992 2654.72 
993 2716.52 
994 2715.07 
995 2714.28 
996 2792.58 
997 2781.62 
998 2755.23 
999 2802.49 
1000 2842.36 
1001 2763.82 
1002 2672.08 
1003 2678.21 
1004 2667.62 
1005 2785.38 
1006 2843.19 
1007 2742.81 
1008 2765.17 
1009 2798.54 
1010 2763.34 
1011 2821.76 
1012 2734.97 
1013 2713.71 
1014 2763.94 
1015 2812.78 
1016 2648.38 
1017 2810.16 
1018 2806.78 
1019 2766.69 
1020 2816.44 
1021 2778.34 
1022 2791.57 
1023 2890.35 
1024 2733.70 
1025 2695.39 
1026 2812.51 
1027 2795.28 
1028 2817.57 
1029 2743.44 
1030 2721.20 
1031 2830.21 
1032 2747.12 
1033 2803.64 
1034 2747.60 
1035 2895.12 
1036 2820.34 
1037 2651.11 
1038 2794.65 
1039 2768.33 
1040 2862.52 
1041 132.91 
1042 2174.93 
1043 2711.39 
1044 2716.44 
1045 2786.42 
1046 2751.66 
1047 2844.62 
1048 2687.80 
1049 2722.17 
1050 2769.99 
1051 2770.87 
1052 2719.70 
1053 2727.87 
1054 2754.71 
1055 2679.88 
1056 2739.67 
1057 2722.89 
1058 2782.55 
1059 2671.88 
1060 2856.82 
1061 2848.77 
1062 2764.33 
1063 2824.04 
1064 2801.33 
1065 2751.58 
1066 2809.58 
1067 2802.23 
1068 2770.17 
1069 2767.70 
1070 2733.82 
1071 2792.26 
1072 2774.12 
1073 2815.86 
1074 2758.17 
1075 2692.37 
1076 2718.99 
1077 2811.36 
1078 2806.51 
1079 2771.56 
1080 2676.23 
1081 2805.52 
1082 2765.62 
1083 2761.83 
1084 2665.76 
1085 2675.91 
1086 2736.70 
1087 2802.39 
1088 2845.32 
1089 2841.94 
1090 2717.82 
1091 2706.27 
1092 2705.43 
1093 2746.92 
1094 2709.19 
1095 2800.23 
1096 2708.19 
1097 2799.82 
1098 2795.92 
1099 2716.29 
1100 2718.05 
1101 2758.83 
1102 2749.08 
1103 2868.97 
1104 2680.36 
1105 2807.87 
1106 2815.46 
1107 2807.92 
1108 2810.49 
1109 2860.54 
1110 2795.94 
1111 2824.53 
1112 2771.79 
1113 2819.29 
1114 2900.33 
1115 2792.39 
1116 2797.79 
1117 2822.73 
1118 2747.16 
1119 2865.96 
1120 2804.80 
1121 2810.03 
1122 2836.73 
1123 2855.73 
1124 2783.73 
1125 2760.71 
1126 2852.15 
1127 2824.04 
1128 2705.31 
1129 2674.38 
1130 2757.22 
1131 2870.38 
1132 2728.66 
1133 2785.39 
1134 2767.39 
1135 2816.46 
1136 2766.82 
1137 2882.54 
1138 2766.28 
1139 2788.70 
1140 2832.94 
1141 2792.56 
1142 2810.97 
1143 2811.74 
1144 2878.78 
1145 2765.80 
1146 2682.36 
1147 2792.36 
1148 2784.18 
1149 2773.90 
1150 2819.93 
1151 2817.36 
1152 2691.14 
1153 2714.96 
1154 2725.16 
1155 2827.60 
1156 2830.06 
1157 2736.25 
1158 2655.11 
1159 2642.92 
1160 2634.25 
1161 2678.86 
1162 2665.56 
1163 2784.41 
1164 2730.93 
1165 2017.74 
1166 2721.05 
1167 2770.86 
1168 2724.53 
1169 2893.02 
1170 2842.31 
1171 2763.43 
1172 2854.96 
1173 2738.73 
1174 2788.99 
1175 2887.64 
1176 2756.29 
1177 2882.51 
1178 2717.65 
1179 2742.66 
1180 2755.14 
1181 2623.27 
1182 2843.30 
1183 2818.11 
1184 2821.07 
1185 2691.22 
1186 2712.58 
1187 2831.49 
1188 2766.71 
1189 2838.07 
1190 2772.71 
1191 2763.32 
1192 2729.86 
1193 2798.20 
1194 2741.65 
1195 2812.35 
1196 2792.92 
1197 2702.92 
1198 2736.67 
1199 2905.95 
1200 2779.17 
1201 2805.89 
1202 2810.30 
1203 2764.97 
1204 2848.93 
1205 2644.18 
1206 2697.02 
1207 2804.87 
1208 2773.58 
1209 2822.81 
1210 2783.65 
1211 2788.84 
1212 2839.05 
1213 2694.66 
1214 2802.74 
1215 2768.75 
1216 2778.32 
1217 2714.70 
1218 2768.18 
1219 2797.32 
1220 2798.12 
1221 2747.93 
1222 2804.81 
1223 2740.43 
1224 2792.98 
1225 2775.13 
1226 2752.83 
1227 2680.53 
1228 2752.87 
1229 2867.02 
1230 2885.45 
1231 2955.66 
1232 2795.12 
1233 2826.00 
1234 2706.30 
1235 2744.25 
1236 2697.33 
1237 2835.10 
1238 2743.92 
1239 2763.24 
1240 2829.13 
1241 2719.14 
1242 2736.57 
1243 2876.88 
1244 2809.98 
1245 2811.54 
1246 2747.99 
1247 2798.98 
1248 2834.05 
1249 2874.85 
1250 2751.15 
1251 2817.64 
1252 2786.59 
1253 2839.21 
1254 2681.70 
1255 2827.69 
1256 2780.55 
1257 2782.61 
1258 2773.35 
1259 2776.88 
1260 2712.37 
1261 2773.20 
1262 2681.06 
1263 2727.57 
1264 2715.79 
1265 2767.56 
1266 2776.49 
1267 2714.68 
1268 2769.04 
1269 2828.33 
1270 2794.56 
1271 2813.61 
1272 2755.97 
1273 2787.50 
1274 2749.52 
1275 2735.14 
1276 2863.97 
1277 2802.02 
1278 2866.59 
1279 2809.96 
1280 2701.11 
1281 2842.29 
1282 2788.93 
1283 2785.97 
1284 2781.64 
1285 2712.87 
1286 2821.33 
1287 2818.48 
1288 2821.43 
1289 2918.19 
1290 2797.10 
1291 2793.68 
1292 2804.34 
1293 2730.71 
1294 2850.96 
1295 2855.89 
1296 2842.07 
1297 2855.31 
1298 2809.47 
1299 2785.59 
1300 2821.83 
1301 2776.70 
1302 2793.30 
1303 2785.27 
1304 2877.89 
1305 2839.47 
1306 2790.92 
1307 2750.10 
1308 2704.68 
1309 2748.65 
1310 2764.88 
1311 2853.85 
1312 2868.52 
1313 2796.75 
1314 2776.05 
1315 2808.74 
1316 2724.09 
1317 2704.59 
1318 2704.13 
1319 2829.57 
1320 2750.21 
1321 2803.34 
1322 2751.26 
1323 2872.13 
1324 2654.49 
1325 2810.17 
1326 2750.65 
1327 2768.77 
1328 2772.60 
1329 2841.29 
1330 2771.00 
1331 2693.03 
1332 2856.42 
1333 2769.21 
1334 2733.74 
1335 2648.29 
1336 2766.98 
1337 2693.50 
1338 2791.10 
1339 2804.20 
1340 2790.14 
1341 2810.01 
1342 2818.79 
1343 2736.04 
1344 2658.07 
1345 2819.10 
1346 2829.67 
1347 2692.32 
1348 2707.88 
1349 2730.46 
1350 2840.13 
1351 2884.39 
1352 2792.65 
1353 2770.21 
1354 2761.86 
1355 2761.94 
1356 2800.40 
1357 2770.02 
1358 2747.74 
1359 2816.66 
1360 2793.85 
1361 2798.30 
1362 2773.99 
1363 2787.50 
1364 2705.53 
1365 2835.35 
1366 2687.62 
1367 2656.80 
1368 2778.95 
1369 2646.19 
1370 2788.32 
1371 2783.60 
1372 2769.09 
1373 2758.10 
1374 2751.85 
1375 2662.52 
1376 2798.34 
1377 2839.51 
1378 2819.71 
1379 2823.86 
1380 2743.84 
1381 2720.14 
1382 2757.60 
1383 2843.42 
1384 2886.26 
1385 2713.09 
1386 2819.14 
1387 2812.94 
1388 2758.44 
1389 2793.20 
1390 2725.31 
1391 2953.30 
1392 2784.10 
1393 2700.68 
1394 2854.90 
1395 1485.57 
1396 2827.80 
1397 2837.10 
1398 2742.41 
1399 2902.10 
1400 2779.85 
