Seed 0:
0 5.91 
1 6.76 
2 9.29 
3 27.86 
4 38.87 
5 38.88 
6 40.84 
7 37.44 
8 38.85 
9 39.04 
10 39.02 
11 37.57 
12 38.58 
13 39.45 
14 40.95 
15 37.90 
16 38.15 
17 39.53 
18 43.34 
19 97.84 
20 89.11 
21 72.14 
22 105.94 
23 114.14 
24 69.92 
25 87.78 
26 98.37 
27 248.78 
28 277.24 
29 334.56 
30 372.29 
31 172.16 
32 243.01 
33 205.96 
34 387.58 
35 174.99 
36 840.81 
37 136.37 
38 236.80 
39 283.09 
40 203.49 
41 407.51 
42 216.04 
43 209.11 
44 288.93 
45 133.79 
46 143.19 
47 533.26 
48 332.77 
49 187.44 
50 1062.07 
51 1041.63 
52 1070.23 
53 351.69 
54 530.57 
55 813.81 
56 117.13 
57 144.71 
58 404.86 
59 173.75 
60 493.26 
61 582.63 
62 1070.22 
63 247.81 
64 997.69 
65 969.41 
66 340.46 
67 171.95 
68 490.12 
69 193.29 
70 760.69 
71 433.95 
72 726.95 
73 306.80 
74 231.01 
75 1026.69 
76 988.34 
77 1002.80 
78 1012.94 
79 1020.82 
80 999.14 
81 1012.08 
82 1017.30 
83 1023.36 
84 1016.08 
85 1024.86 
86 1023.05 
87 1007.73 
88 1013.98 
89 1032.77 
90 1036.89 
91 1044.86 
92 1037.96 
93 1048.66 
94 1035.97 
95 1047.37 
96 1062.98 
97 1075.64 
98 1059.42 
99 1043.19 
100 1048.65 
101 1077.20 
102 1056.15 
103 1054.75 
104 1085.56 
105 1059.33 
106 1064.27 
107 1077.03 
108 1091.50 
109 1062.53 
110 1069.28 
111 1093.35 
112 1082.51 
113 1085.66 
114 1084.07 
115 1089.96 
116 1057.72 
117 1077.47 
118 1071.38 
119 1082.59 
120 1085.48 
121 1103.75 
122 306.98 
123 274.14 
124 426.63 
125 1058.26 
126 666.20 
127 336.31 
128 1041.93 
129 1013.30 
130 1042.46 
131 1057.99 
132 1072.39 
133 1075.47 
134 1077.07 
135 1080.99 
136 1085.11 
137 1070.93 
138 1080.83 
139 1074.73 
140 1075.77 
141 1074.74 
142 1081.29 
143 1071.59 
144 1073.51 
145 1073.63 
146 1067.27 
147 1077.51 
148 1076.39 
149 1087.48 
150 1081.21 
151 1073.38 
152 1095.21 
153 1069.55 
154 1078.96 
155 1086.57 
156 1088.49 
157 1086.48 
158 1079.97 
159 1085.10 
160 1056.77 
161 1064.38 
162 1079.03 
163 1075.80 
164 1090.56 
165 1087.54 
166 1086.96 
167 1079.62 
168 1080.68 
169 1090.38 
170 1083.98 
171 1086.71 
172 1085.32 
173 1090.46 
174 1094.57 
175 1069.20 
176 1085.51 
177 1092.15 
178 1092.71 
179 1093.88 
180 1078.61 
181 1074.49 
182 1078.19 
183 1091.45 
184 1060.62 
185 1082.20 
186 1083.04 
187 1092.93 
188 1103.90 
189 1075.96 
190 1103.75 
191 1086.55 
192 1095.45 
193 1089.69 
194 1097.13 
195 1071.30 
196 1091.72 
197 1089.05 
198 1087.52 
199 1094.96 
200 1093.46 
201 1090.23 
202 1084.09 
203 1093.88 
204 1089.79 
205 1099.81 
206 1066.33 
207 1071.59 
208 1088.10 
209 1091.96 
210 1086.68 
211 1093.05 
212 1095.08 
213 1097.45 
214 1098.01 
215 1091.26 
216 1084.63 
217 1103.30 
218 1092.36 
219 1091.72 
220 1098.45 
221 1097.95 
222 1091.72 
223 1095.91 
224 1096.17 
225 1094.38 
226 1105.44 
227 1097.20 
228 1086.37 
229 1094.75 
230 1084.53 
231 1102.56 
232 1090.85 
233 1092.52 
234 1094.15 
235 1084.21 
236 1086.61 
237 1093.58 
238 1106.14 
239 1079.73 
240 1091.94 
241 1088.08 
242 1079.65 
243 1094.43 
244 1092.78 
245 1102.56 
246 1091.13 
247 1104.38 
248 1080.38 
249 1088.91 
250 1097.58 
251 1100.32 
252 1106.59 
253 1104.48 
254 1080.68 
255 1089.10 
256 1105.26 
257 1106.10 
258 1089.30 
259 1109.06 
260 1153.34 
261 1083.80 
262 1099.36 
263 1097.99 
264 1108.64 
265 1099.56 
266 1117.75 
267 1094.46 
268 1092.35 
269 1088.58 
270 1096.41 
271 1102.32 
272 1086.41 
273 1093.37 
274 1103.33 
275 1107.85 
276 1092.82 
277 1097.51 
278 1107.00 
279 1102.11 
280 1087.64 
281 1099.49 
282 1097.10 
283 1103.05 
284 1094.38 
285 1119.15 
286 1090.22 
287 1106.16 
288 1101.96 
289 1093.71 
290 1118.49 
291 1103.61 
292 1103.28 
293 1098.94 
294 1087.94 
295 1090.29 
296 1095.32 
297 1096.69 
298 1113.75 
299 1109.10 
300 1100.98 
301 1106.46 
302 1113.16 
303 1099.52 
304 1106.35 
305 1107.90 
306 1106.12 
307 1117.17 
308 1114.18 
309 1097.00 
310 1130.05 
311 1119.97 
312 1100.35 
313 1109.32 
314 1094.26 
315 1127.55 
316 1085.31 
317 1100.61 
318 1109.25 
319 1109.10 
320 1107.23 
321 1088.69 
322 1099.37 
323 1118.17 
324 1099.02 
325 1111.68 
326 1101.04 
327 1105.23 
328 1088.70 
329 1095.37 
330 1106.95 
331 1093.13 
332 1092.90 
333 1111.92 
334 1102.56 
335 1102.19 
336 1101.26 
337 1110.10 
338 1098.61 
339 1113.82 
340 1092.30 
341 1091.93 
342 1116.63 
343 1115.96 
344 1116.00 
345 1081.87 
346 1105.52 
347 1137.89 
348 1126.04 
349 1102.48 
350 1120.33 
351 1095.88 
352 1097.11 
353 1110.87 
354 1100.92 
355 1120.95 
356 1098.68 
357 1097.08 
358 1124.16 
359 1108.05 
360 1074.70 
361 1104.70 
362 1110.45 
363 1106.21 
364 1101.79 
365 1108.24 
366 1113.89 
367 1110.47 
368 1137.46 
369 1114.24 
370 1072.96 
371 1102.50 
372 1129.28 
373 1119.76 
374 1138.78 
375 1096.68 
376 1112.81 
377 1119.08 
378 1105.90 
379 1128.86 
380 1103.84 
381 1117.11 
382 1107.07 
383 1130.25 
384 1079.94 
385 1096.30 
386 1124.44 
387 1126.20 
388 1118.35 
389 1135.84 
390 1136.63 
391 1149.30 
392 1145.30 
393 1146.71 
394 1193.49 
395 1105.40 
396 861.93 
397 1108.97 
398 1114.49 
399 1122.32 
400 1126.06 
401 1125.48 
402 1168.63 
403 1180.12 
404 1124.48 
405 1158.15 
406 1167.61 
407 1091.56 
408 1191.31 
409 1144.28 
410 1150.32 
411 1150.27 
412 1133.85 
413 1081.45 
414 1141.56 
415 1180.19 
416 1150.82 
417 1195.32 
418 1111.67 
419 1172.27 
420 1204.46 
421 1183.50 
422 1271.97 
423 1051.46 
424 1035.34 
425 1039.38 
426 1041.80 
427 1042.90 
428 1050.09 
429 1041.72 
430 1043.61 
431 1041.93 
432 1046.39 
433 1045.41 
434 1052.40 
435 1050.05 
436 1047.82 
437 1048.77 
438 1050.51 
439 1049.96 
440 1051.69 
441 1053.77 
442 1047.30 
443 1051.44 
444 1059.58 
445 1052.57 
446 1056.61 
447 1059.44 
448 1058.26 
449 1057.49 
450 1058.19 
451 1065.42 
452 1056.37 
453 1068.76 
454 1064.03 
455 1066.19 
456 1066.34 
457 1068.37 
458 1071.41 
459 1070.18 
460 1071.36 
461 1063.01 
462 1066.00 
463 1070.79 
464 1070.97 
465 1074.34 
466 1068.93 
467 1072.26 
468 1069.56 
469 1068.70 
470 1065.52 
471 1068.36 
472 1066.82 
473 1066.40 
474 1067.70 
475 1065.29 
476 1069.45 
477 1068.96 
478 1063.74 
479 1075.19 
480 1063.84 
481 1067.79 
482 1066.94 
483 1062.73 
484 1066.60 
485 1063.89 
486 1070.55 
487 1071.25 
488 1061.28 
489 1063.61 
490 1067.49 
491 1065.67 
492 1072.15 
493 1065.11 
494 1066.15 
495 1069.76 
496 1067.33 
497 1071.63 
498 1069.45 
499 1068.78 
500 1067.00 
501 1068.76 
502 1070.31 
503 1072.94 
504 1070.78 
505 1073.84 
506 1067.16 
507 1071.07 
508 1070.06 
509 1068.40 
510 1069.77 
511 1070.53 
512 1067.42 
513 1070.43 
514 1066.70 
515 1073.17 
516 1069.21 
517 1071.92 
518 1070.50 
519 1070.40 
520 1073.19 
521 1070.98 
522 1067.18 
523 1070.71 
524 1072.16 
525 1072.22 
526 1069.34 
527 1068.35 
528 1070.07 
529 1071.52 
530 1071.34 
531 1073.71 
532 1074.91 
533 1071.72 
534 1073.27 
535 1074.51 
536 1069.38 
537 1069.90 
538 1073.15 
539 1075.40 
540 1071.44 
541 1074.30 
542 1072.07 
543 1072.39 
544 1069.37 
545 1071.42 
546 1070.43 
547 1072.28 
548 1069.82 
549 1071.05 
550 1073.96 
551 1074.57 
552 1071.93 
553 1072.40 
554 1074.95 
555 1072.14 
556 1073.30 
557 1073.84 
558 1072.34 
559 1071.40 
560 1073.83 
561 1072.18 
562 1072.37 
563 1074.45 
564 1075.69 
565 1075.28 
566 1073.14 
567 1072.97 
568 1071.79 
569 1072.88 
570 1071.21 
571 1072.53 
572 1069.55 
573 1071.51 
574 1073.74 
575 1072.44 
576 1074.07 
577 1069.73 
578 1073.86 
579 1074.70 
580 1072.77 
581 1071.86 
582 1069.89 
583 1073.22 
584 1074.46 
585 1069.70 
586 1067.44 
587 1076.46 
588 1073.87 
589 1072.49 
590 1072.20 
591 1074.69 
592 1074.08 
593 1075.52 
594 1075.34 
595 1073.70 
596 1074.62 
597 1073.24 
598 1073.81 
599 1069.55 
600 1075.16 
601 1075.37 
602 1074.77 
603 1075.51 
604 1075.77 
605 1069.71 
606 1069.59 
607 1070.37 
608 1071.53 
609 1069.91 
610 1071.72 
611 1075.81 
612 1075.76 
613 1072.82 
614 1075.80 
615 1075.93 
616 1072.46 
617 1071.70 
618 1075.48 
619 1076.50 
620 1075.03 
621 1078.52 
622 1079.03 
623 1076.19 
624 1076.52 
625 1076.95 
626 1076.11 
627 1076.44 
628 1077.31 
629 1074.24 
630 1071.59 
631 1075.30 
632 1074.70 
633 1073.54 
634 1072.81 
635 1078.64 
636 1074.69 
637 1076.89 
638 1074.31 
639 1076.05 
640 1077.03 
641 1075.59 
642 1080.32 
643 1078.18 
644 1074.86 
645 1073.72 
646 1073.53 
647 1072.99 
648 1074.29 
649 1077.89 
650 1077.77 
651 1075.34 
652 1076.17 
653 1076.06 
654 1078.76 
655 1078.34 
656 1075.98 
657 1078.09 
658 1079.13 
659 1079.03 
660 1075.63 
661 1080.61 
662 1073.80 
663 1076.91 
664 1073.82 
665 1076.20 
666 1081.17 
667 1077.38 
668 1073.09 
669 1075.50 
670 1076.11 
671 1073.79 
672 1075.31 
673 1071.86 
674 1075.34 
675 1078.72 
676 1073.64 
677 1072.66 
678 1076.76 
679 1074.57 
680 1077.88 
681 1079.76 
682 1076.92 
683 1073.49 
684 1076.34 
685 1074.54 
686 1075.13 
687 1076.66 
688 1074.03 
689 1075.98 
690 1073.85 
691 1077.11 
692 1075.93 
693 1076.01 
694 1078.17 
695 1072.87 
696 1075.09 
697 1077.41 
698 1075.47 
699 1076.31 
700 1076.01 
701 1076.88 
702 1078.33 
703 1075.38 
704 1076.45 
705 1078.98 
706 1078.39 
707 1080.02 
708 1077.28 
709 1076.30 
710 1079.38 
711 1075.03 
712 1076.40 
713 1079.15 
714 1074.79 
715 1079.09 
716 1078.06 
717 1076.65 
718 1078.82 
719 1072.76 
720 1077.80 
721 1075.25 
722 1075.12 
723 1078.38 
724 1074.10 
725 1074.62 
726 1074.46 
727 1076.75 
728 1076.94 
729 1073.73 
730 1075.70 
731 1076.28 
732 1078.19 
733 1076.22 
734 1073.68 
735 1075.49 
736 1074.69 
737 1074.81 
738 1073.86 
739 1075.82 
740 1071.92 
741 1077.19 
742 1077.47 
743 1076.27 
744 1076.58 
745 1074.32 
746 1073.07 
747 1076.75 
748 1080.62 
749 1077.97 
750 1078.46 
751 1072.89 
752 1075.27 
753 1075.92 
754 1075.04 
755 1078.63 
756 1074.04 
757 1078.20 
758 1077.18 
759 1079.72 
760 1076.65 
761 1079.19 
762 1076.85 
763 1080.68 
764 1077.53 
765 1076.40 
766 1071.75 
767 1077.49 
768 1078.17 
769 1075.86 
770 1077.08 
771 1077.13 
772 1078.78 
773 1076.46 
774 1074.58 
775 1074.26 
776 1078.60 
777 1078.27 
778 1079.57 
779 1078.52 
780 1076.80 
781 1075.46 
782 1077.29 
783 1079.09 
784 1075.09 
785 1074.67 
786 1078.31 
787 1076.43 
788 1079.56 
789 1076.20 
790 1078.01 
791 1075.06 
792 1078.21 
793 1075.25 
794 1075.33 
795 1078.02 
796 1076.41 
797 1079.33 
798 1077.07 
799 1075.16 
800 1078.76 
801 1078.73 
802 1082.37 
803 1081.60 
804 1077.64 
805 1075.59 
806 1076.94 
807 1076.82 
808 1072.91 
809 1075.99 
810 1077.36 
811 1075.55 
812 1079.86 
813 1076.77 
814 1076.27 
815 1077.55 
816 1076.99 
817 1077.49 
818 1074.45 
819 1076.79 
820 1078.73 
821 1080.20 
822 1078.03 
823 1078.31 
824 1076.39 
825 1077.20 
826 1079.26 
827 1077.55 
828 1077.95 
829 1078.59 
830 1076.83 
831 1077.46 
832 1078.02 
833 1079.22 
834 1073.41 
835 1074.66 
836 1077.30 
837 1077.07 
838 1075.52 
839 1079.47 
840 1077.20 
841 1076.15 
842 1077.72 
843 1074.52 
844 1078.11 
845 1078.84 
846 1076.99 
847 1076.79 
848 1074.27 
849 1075.18 
850 1076.14 
851 1079.15 
852 1077.94 
853 1080.80 
854 1076.28 
855 1080.60 
856 1078.89 
857 1080.84 
858 1077.85 
859 1073.70 
860 1077.16 
861 1079.05 
862 1077.94 
863 1078.95 
864 1076.80 
865 1078.39 
866 1076.20 
867 1076.01 
868 1078.13 
869 1078.61 
870 1080.68 
871 1078.98 
872 1080.87 
873 1075.65 
874 1076.86 
875 1079.21 
876 1076.34 
877 1076.91 
878 1079.99 
879 1077.29 
880 1075.18 
881 1076.66 
882 1073.92 
883 1079.51 
884 1077.84 
885 1076.31 
886 1076.00 
887 1075.96 
888 1078.98 
889 1076.20 
890 1076.34 
891 1077.85 
892 1075.83 
893 1078.11 
894 1074.92 
895 1077.31 
896 1076.81 
897 1077.84 
898 1078.02 
899 1075.30 
900 1074.49 
901 1080.54 
902 1077.04 
903 1077.22 
904 1079.89 
905 1076.39 
906 1083.17 
907 1074.65 
908 1075.12 
909 1072.34 
910 1074.18 
911 1077.24 
912 1078.85 
913 1081.45 
914 1077.59 
915 1075.83 
916 1076.17 
917 1077.47 
918 1073.57 
919 1074.12 
920 1074.24 
921 1078.92 
922 1073.58 
923 1075.71 
924 1076.87 
925 1073.86 
926 1077.37 
927 1074.10 
928 1077.47 
929 1077.20 
930 1074.42 
931 1073.76 
932 1076.55 
933 1076.30 
934 1078.54 
935 1077.09 
936 1075.66 
937 1075.58 
938 1077.22 
939 1074.01 
940 1072.97 
941 1071.81 
942 1076.17 
943 1075.20 
944 1077.51 
945 1082.31 
946 1075.62 
947 1080.33 
948 1075.85 
949 1079.03 
950 1079.50 
951 1075.16 
952 1075.68 
953 1078.55 
954 1076.15 
955 1077.65 
956 1075.97 
957 1073.37 
958 1080.38 
959 1081.37 
960 1074.41 
961 1071.18 
962 1077.02 
963 1073.70 
964 1074.43 
965 1076.22 
966 1076.18 
967 1077.42 
968 1073.52 
969 1077.45 
970 1075.80 
971 1074.24 
972 1074.74 
973 1075.95 
974 1076.43 
975 1076.81 
976 1075.08 
977 1077.68 
978 1080.45 
979 1075.67 
980 1076.95 
981 1078.97 
982 1076.72 
983 1082.17 
984 1081.23 
985 1077.76 
986 1076.69 
987 1079.86 
988 1076.97 
989 1077.33 
990 1079.62 
991 1074.74 
992 1077.24 
993 1076.15 
994 1079.75 
995 1078.54 
996 1079.64 
997 1076.93 
998 1077.24 
999 1073.60 
1000 1079.14 
1001 1075.76 
1002 1077.37 
1003 1074.94 
1004 1077.62 
1005 1074.36 
1006 1076.16 
1007 1073.25 
1008 1076.66 
1009 1074.69 
1010 1077.91 
1011 1077.23 
1012 1074.50 
1013 1077.92 
1014 1079.67 
1015 1079.60 
1016 1076.42 
1017 1072.41 
1018 1079.62 
1019 1075.74 
1020 1077.66 
1021 1077.15 
1022 1074.83 
1023 1075.96 
1024 1077.39 
1025 1078.90 
1026 1076.66 
1027 1079.25 
1028 1073.83 
1029 1077.65 
1030 1075.40 
1031 1079.30 
1032 1074.50 
1033 1076.27 
1034 1078.46 
1035 1079.27 
1036 1074.36 
1037 1072.96 
1038 1074.11 
1039 1074.20 
1040 1077.49 
1041 1072.76 
1042 1078.31 
1043 1075.35 
1044 1079.05 
1045 1075.83 
1046 1075.21 
1047 1075.99 
1048 1079.23 
1049 1071.97 
1050 1078.84 
1051 1081.77 
1052 1078.16 
1053 1076.44 
1054 1079.83 
1055 1079.47 
1056 1076.68 
1057 1077.42 
1058 1078.45 
1059 1079.57 
1060 1080.01 
1061 1075.04 
1062 1077.84 
1063 1077.70 
1064 1075.16 
1065 1081.13 
1066 1078.04 
1067 1074.71 
1068 1078.52 
1069 1078.15 
1070 1078.92 
1071 1080.52 
1072 1076.01 
1073 1074.34 
1074 1082.35 
1075 1078.76 
1076 1077.42 
1077 1072.73 
1078 1079.00 
1079 1078.06 
1080 1078.63 
1081 1081.83 
1082 1080.47 
1083 1080.88 
1084 1077.32 
1085 1078.11 
1086 1079.61 
1087 1078.14 
1088 1078.12 
1089 1078.38 
1090 1079.97 
1091 1077.64 
1092 1077.80 
1093 1077.52 
1094 1081.83 
1095 1081.48 
1096 1081.00 
1097 1075.28 
1098 1078.87 
1099 1079.21 
1100 1078.15 
1101 1081.54 
1102 1080.27 
1103 1080.04 
1104 1080.96 
1105 1080.64 
1106 1081.82 
1107 1078.29 
1108 1083.99 
1109 1076.51 
1110 1077.14 
1111 1081.53 
1112 1079.60 
1113 1078.25 
1114 1077.86 
1115 1081.15 
1116 1081.92 
1117 1077.78 
1118 1077.54 
1119 1079.51 
1120 1080.07 
1121 1078.63 
1122 1076.90 
1123 1077.37 
1124 1079.52 
1125 1080.19 
1126 1080.14 
1127 1079.02 
1128 1081.55 
1129 1075.86 
1130 1079.82 
1131 1077.28 
1132 1076.59 
1133 1081.75 
1134 1078.42 
1135 1079.37 
1136 1074.60 
1137 1078.75 
1138 1080.40 
1139 1076.07 
1140 1077.72 
1141 1076.79 
1142 1079.54 
1143 1078.82 
1144 1077.99 
1145 1075.16 
1146 1078.09 
1147 1075.65 
1148 1077.69 
1149 1077.65 
1150 1080.97 
1151 1079.80 
1152 1077.10 
1153 1080.87 
1154 1080.94 
1155 1079.49 
1156 1083.35 
1157 1075.47 
1158 1083.41 
1159 1083.48 
1160 1080.59 
1161 1078.79 
1162 1078.32 
1163 1084.32 
1164 1083.52 
1165 1077.30 
1166 1079.65 
1167 1078.15 
1168 1077.32 
1169 1080.16 
1170 1078.54 
1171 1080.20 
1172 1077.53 
1173 1078.00 
1174 1078.84 
1175 1076.31 
1176 1075.00 
1177 1074.93 
1178 1076.15 
1179 1079.24 
1180 1077.42 
1181 1080.71 
1182 1077.75 
1183 1075.94 
1184 1078.34 
1185 1074.89 
1186 1078.75 
1187 1080.61 
1188 1079.24 
1189 1076.72 
1190 1076.89 
1191 1079.06 
1192 1081.60 
1193 1079.61 
1194 1076.92 
1195 1079.05 
1196 1080.64 
1197 1082.76 
1198 1079.47 
1199 1082.15 
1200 1076.87 
1201 1074.72 
1202 1076.83 
1203 1078.93 
1204 1077.28 
1205 1078.84 
1206 1079.09 
1207 1078.57 
1208 1078.12 
1209 1080.78 
1210 1081.77 
1211 1079.64 
1212 1080.49 
1213 1080.24 
1214 1080.83 
1215 1079.36 
1216 1084.43 
1217 1080.59 
1218 1081.43 
1219 1076.89 
1220 1076.00 
1221 1076.34 
1222 1078.38 
1223 1076.83 
1224 1078.84 
1225 1078.13 
1226 1077.28 
1227 1074.83 
1228 1079.48 
1229 1077.39 
1230 1074.26 
1231 1074.10 
1232 1076.67 
1233 1077.38 
1234 1075.94 
1235 1078.28 
1236 1078.48 
1237 1077.39 
1238 1078.92 
1239 1079.45 
1240 1077.45 
1241 1080.95 
1242 1078.98 
1243 1078.31 
1244 1077.58 
1245 1075.81 
1246 1076.75 
1247 1078.67 
1248 1082.26 
1249 1076.87 
1250 1076.47 
1251 1079.85 
1252 1076.78 
1253 1078.67 
1254 1079.76 
1255 1078.32 
1256 1077.49 
1257 1081.53 
1258 1082.94 
1259 1079.50 
1260 1078.31 
1261 1080.02 
1262 1079.66 
1263 1078.53 
1264 1078.07 
1265 1078.14 
1266 1077.25 
1267 1074.43 
1268 1078.58 
1269 1080.12 
1270 1078.64 
1271 1078.83 
1272 1076.49 
1273 1081.59 
1274 1078.50 
1275 1077.59 
1276 1076.44 
1277 1078.69 
1278 1078.78 
1279 1079.34 
1280 1080.82 
1281 1082.35 
1282 1081.71 
1283 1083.55 
1284 1077.49 
1285 1075.52 
1286 1077.80 
1287 1078.87 
1288 1078.70 
1289 1081.64 
1290 1078.39 
1291 1080.87 
1292 1084.42 
1293 1080.72 
1294 1078.51 
1295 1079.75 
1296 1079.09 
1297 1081.37 
1298 1081.95 
1299 1085.84 
1300 1083.39 
1301 1079.90 
1302 1077.68 
1303 1078.82 
1304 1079.20 
1305 1080.01 
1306 1079.34 
1307 1080.47 
1308 1077.60 
1309 1078.87 
1310 1079.02 
1311 1084.15 
1312 1082.90 
1313 1082.59 
1314 1083.53 
1315 1081.84 
1316 1086.08 
1317 1081.23 
1318 1081.15 
1319 1080.34 
1320 1083.63 
1321 1080.84 
1322 1076.61 
1323 1079.96 
1324 1081.94 
1325 1080.82 
1326 1082.34 
1327 1083.43 
1328 1080.67 
1329 1082.90 
1330 1080.52 
1331 1082.76 
1332 1082.51 
1333 1081.87 
1334 1080.81 
1335 1082.29 
1336 1080.34 
1337 1077.23 
1338 1079.45 
1339 1081.15 
1340 1080.59 
1341 1075.81 
1342 1076.89 
1343 1080.11 
1344 1080.85 
1345 1078.34 
1346 1080.28 
1347 1080.56 
1348 1081.34 
1349 1081.00 
1350 1080.28 
1351 1079.32 
1352 1081.56 
1353 1081.55 
1354 1080.78 
1355 1079.31 
1356 1081.55 
1357 1080.03 
1358 1075.90 
1359 1079.61 
1360 1079.50 
1361 1077.77 
1362 1080.21 
1363 1080.17 
1364 1077.86 
1365 1077.61 
1366 1078.69 
1367 1078.81 
1368 1079.36 
1369 1077.95 
1370 1079.84 
1371 1076.50 
1372 1078.18 
1373 1080.36 
1374 1081.86 
1375 1076.91 
1376 1082.36 
1377 1079.21 
1378 1075.84 
1379 1077.33 
1380 1077.47 
1381 1080.78 
1382 1080.04 
1383 1082.85 
1384 1079.36 
1385 1083.23 
1386 1078.99 
1387 1081.00 
1388 1078.30 
1389 1075.77 
1390 1078.42 
1391 1077.01 
1392 1078.93 
1393 1079.86 
1394 1080.89 
1395 1076.30 
1396 1079.20 
1397 1078.62 
1398 1079.07 
1399 1081.62 
1400 1079.96 
1401 1078.25 
1402 1079.79 
1403 1079.26 
1404 1077.86 
1405 1076.33 
1406 1078.12 
1407 1081.30 
1408 1079.58 
1409 1081.77 
1410 1076.86 
1411 1078.31 
1412 1078.32 
1413 1078.21 
1414 1079.02 
1415 1083.55 
1416 1078.11 
1417 1078.38 
1418 1078.98 
1419 1079.91 
1420 1079.93 
1421 1077.59 
1422 1084.06 
1423 1078.70 
1424 1082.72 
1425 1078.48 
1426 1079.73 
1427 1080.11 
1428 1078.76 
1429 1081.36 
1430 1082.74 
1431 1080.50 
1432 1080.89 
1433 1082.96 
1434 1083.33 
1435 1080.54 
1436 1082.52 
1437 1079.38 
1438 1081.05 
1439 1081.48 
1440 1078.77 
1441 1082.62 
1442 1080.71 
1443 1077.64 
1444 1076.58 
1445 1079.48 
1446 1080.41 
1447 1079.75 
1448 1077.82 
1449 1082.47 
1450 1080.46 
1451 1080.24 
1452 1079.90 
1453 1078.41 
1454 1079.97 
1455 1084.47 
1456 1081.29 
1457 1082.31 
1458 1080.26 
1459 1079.26 
1460 1081.70 
1461 1079.14 
1462 1080.66 
1463 1086.37 
1464 1082.04 
1465 1081.12 
1466 1086.22 
1467 1077.79 
1468 1081.73 
1469 1081.83 
1470 1083.22 
1471 1079.46 
1472 1075.14 
1473 1084.47 
1474 1083.79 
1475 1078.51 
1476 1083.04 
1477 1078.77 
1478 1083.31 
1479 1077.83 
1480 1078.79 
1481 1082.39 
1482 1080.27 
1483 1079.88 
1484 1079.55 
1485 1080.67 
1486 1077.17 
1487 1081.67 
1488 1081.84 
1489 1080.84 
1490 1081.80 
1491 1084.18 
1492 1084.38 
1493 1078.23 
1494 1080.74 
1495 1077.76 
1496 1078.06 
1497 1074.89 
1498 1079.42 
1499 1080.70 
1500 1075.19 
1501 1082.34 
1502 1075.94 
1503 1076.63 
1504 1079.96 
1505 1080.09 
1506 1084.71 
1507 1082.14 
1508 1081.42 
1509 1081.16 
1510 1084.05 
1511 1080.34 
1512 1081.31 
1513 1081.14 
1514 1083.15 
1515 1083.19 
1516 1084.06 
1517 1081.67 
1518 1078.20 
1519 1077.27 
1520 1081.94 
1521 1080.37 
1522 1084.04 
1523 1083.66 
1524 1080.28 
1525 1075.90 
1526 1081.36 
1527 1086.21 
1528 1078.45 
1529 1083.36 
1530 1079.99 
1531 1082.94 
1532 1076.85 
1533 1079.35 
1534 1083.23 
1535 1081.38 
1536 1087.37 
1537 1081.83 
1538 1083.08 
1539 1083.16 
1540 1087.70 
1541 1090.21 
1542 1080.63 
1543 1084.40 
1544 1080.48 
1545 1080.53 
1546 1083.21 
1547 1085.11 
1548 1084.93 
1549 1082.52 
1550 1083.90 
1551 1078.66 
1552 1082.52 
1553 1085.61 
1554 1078.13 
1555 1084.50 
1556 1079.43 
1557 1083.34 
1558 1078.37 
1559 1085.00 
1560 1076.79 
1561 1078.77 
1562 1078.02 
1563 1079.72 
1564 1079.28 
1565 1082.91 
1566 1079.53 
1567 1079.43 
1568 1078.93 
1569 1095.33 
1570 1082.73 
1571 1084.07 
1572 1078.51 
1573 1081.91 
1574 1084.21 
1575 1080.31 
1576 1090.55 
1577 1084.25 
1578 1087.12 
1579 1082.89 
1580 1079.61 
1581 1081.76 
1582 1081.97 
1583 1080.39 
1584 1081.71 
1585 1081.96 
1586 1083.39 
1587 1089.13 
1588 1080.13 
1589 1078.66 
1590 1080.59 
1591 1082.88 
1592 1083.34 
1593 1083.65 
1594 1090.14 
1595 1080.68 
1596 1084.26 
1597 1080.09 
1598 1093.00 
1599 1087.35 
1600 1082.04 
1601 1087.86 
1602 1081.74 
1603 1079.48 
1604 1082.18 
1605 1081.42 
1606 1088.69 
1607 1100.46 
1608 1080.95 
1609 1080.34 
1610 1079.87 
1611 1084.55 
1612 1084.54 
1613 1078.47 
1614 1099.26 
1615 1079.41 
1616 1082.54 
1617 1082.40 
1618 1078.18 
1619 1084.89 
1620 1091.32 
1621 1077.81 
1622 1085.00 
1623 1100.97 
1624 1084.84 
1625 1083.55 
1626 1112.43 
1627 1082.09 
1628 1081.90 
1629 1089.82 
1630 1079.01 
1631 1085.00 
1632 1092.91 
1633 1082.83 
1634 1079.60 
1635 1078.43 
1636 1079.72 
1637 1081.10 
1638 1083.48 
1639 1083.41 
1640 1082.74 
1641 1078.49 
1642 1082.32 
1643 1090.21 
1644 1082.29 
1645 1080.42 
1646 1077.93 
1647 1082.09 
1648 1077.07 
1649 1083.27 
1650 1082.70 
1651 1082.91 
1652 1082.32 
1653 1078.67 
1654 1081.15 
1655 1083.55 
1656 1078.15 
1657 1078.39 
1658 1084.92 
1659 1076.95 
1660 1083.34 
1661 1084.11 
1662 1087.58 
1663 1085.17 
1664 1081.32 
1665 1084.99 
1666 1086.12 
1667 1082.98 
1668 1087.25 
1669 1082.91 
1670 1088.24 
1671 1085.79 
1672 1094.64 
1673 1081.99 
1674 1084.44 
1675 1085.56 
1676 1086.93 
1677 1083.69 
1678 1087.08 
1679 1090.80 
1680 1088.30 
1681 1084.14 
1682 1088.10 
1683 1085.79 
1684 1087.64 
1685 1086.41 
1686 1084.79 
1687 1086.39 
1688 1087.75 
1689 1095.63 
1690 1088.20 
1691 1085.25 
1692 1086.88 
1693 1086.70 
1694 1088.36 
1695 1172.59 
1696 1082.41 
1697 1086.48 
1698 1081.98 
1699 1083.15 
1700 1102.85 
1701 1090.01 
1702 1085.80 
1703 1084.55 
1704 1082.03 
1705 1082.87 
1706 1083.60 
1707 1088.31 
1708 1089.95 
1709 1083.57 
1710 1089.43 
1711 1087.14 
1712 1085.93 
1713 1083.46 
1714 1090.36 
1715 1090.58 
1716 1087.12 
1717 1088.52 
1718 1087.86 
1719 1083.23 
1720 1084.93 
1721 1083.34 
1722 1081.21 
1723 1084.61 
1724 1087.59 
1725 1087.91 
1726 1079.04 
1727 1085.71 
1728 1085.13 
1729 1089.23 
1730 1085.74 
1731 1084.05 
1732 1081.16 
1733 1078.49 
1734 1087.03 
1735 1087.06 
1736 1085.93 
1737 1086.12 
1738 1087.32 
1739 1089.02 
1740 1124.39 
1741 1089.07 
1742 1083.08 
1743 1087.71 
1744 1084.20 
1745 1081.16 
1746 1080.74 
1747 1084.77 
1748 1081.34 
1749 1081.51 
1750 1087.69 
1751 1082.09 
1752 1085.53 
1753 1087.51 
1754 1085.99 
1755 1085.34 
1756 1083.63 
1757 1086.88 
1758 1086.43 
1759 1091.73 
1760 1095.16 
1761 1089.77 
1762 1085.07 
1763 1088.34 
1764 1086.58 
1765 1089.71 
1766 1085.06 
1767 1083.42 
1768 1080.06 
1769 1087.74 
1770 1088.99 
1771 1082.61 
1772 1085.84 
1773 1090.68 
1774 1081.54 
1775 1092.19 
1776 1081.54 
1777 1088.95 
1778 1086.11 
1779 1089.48 
1780 1095.00 
1781 1086.96 
1782 1087.17 
1783 1085.31 
1784 1085.81 
1785 1089.79 
1786 1087.08 
1787 1089.24 
1788 1091.38 
1789 1092.07 
1790 1084.27 
1791 1116.73 
1792 1088.13 
1793 1090.73 
1794 1090.88 
1795 1091.67 
1796 1088.03 
1797 1089.45 
1798 1083.27 
1799 1088.97 
1800 1083.94 
1801 1088.32 
1802 1083.91 
1803 1088.43 
1804 1086.52 
1805 1086.20 
1806 1085.93 
1807 1090.50 
1808 1090.13 
1809 1080.83 
1810 1085.78 
1811 1084.15 
1812 1084.63 
1813 1080.65 
1814 1088.17 
1815 1083.38 
1816 1084.45 
1817 1084.80 
1818 1086.51 
1819 1083.22 
1820 1095.43 
1821 1087.44 
1822 1086.18 
1823 1085.37 
1824 1087.81 
1825 1084.26 
1826 1086.87 
1827 1090.08 
1828 1092.64 
1829 1092.45 
1830 1084.85 
1831 1091.81 
1832 1095.03 
1833 1094.21 
1834 1089.25 
1835 1093.71 
1836 1089.68 
1837 1091.76 
1838 1093.01 
1839 1090.49 
1840 1087.77 
1841 1090.45 
1842 1092.90 
1843 1080.66 
1844 1085.27 
1845 1088.64 
1846 1090.14 
1847 1085.23 
1848 1097.39 
1849 1086.67 
1850 1092.32 
1851 1086.47 
1852 1088.73 
1853 1088.04 
1854 1087.88 
1855 1094.33 
1856 1089.07 
1857 1087.15 
1858 1088.57 
1859 1092.41 
1860 1090.31 
1861 1088.67 
1862 1093.92 
1863 1087.38 
1864 1098.35 
1865 1091.03 
1866 1096.72 
1867 1087.46 
1868 1087.69 
1869 1091.04 
1870 1096.10 
1871 1095.56 
1872 1092.29 
1873 1089.07 
1874 1092.95 
1875 1100.77 
1876 1092.08 
1877 1091.20 
1878 1113.97 
1879 1100.14 
1880 1088.00 
1881 1090.54 
1882 1091.35 
1883 1093.55 
1884 1095.72 
1885 1090.83 
1886 1093.04 
1887 1110.24 
1888 1094.27 
1889 1096.98 
1890 1092.90 
1891 1101.65 
1892 1094.81 
1893 1096.85 
1894 1098.54 
1895 1100.47 
1896 1090.98 
1897 1097.07 
1898 1099.48 
1899 1101.48 
1900 1097.78 
1901 1094.11 
1902 1092.26 
1903 1089.31 
1904 1097.69 
1905 1105.38 
1906 1096.14 
1907 1098.56 
1908 1094.94 
1909 1092.64 
1910 1098.74 
1911 1099.25 
1912 1098.15 
1913 1102.96 
1914 1097.13 
1915 1098.14 
1916 1175.63 
1917 1105.67 
1918 1098.73 
1919 1102.46 
1920 1106.03 
1921 1096.67 
1922 1097.92 
1923 1097.90 
1924 1097.88 
1925 1098.12 
1926 1108.77 
1927 1102.21 
1928 1102.74 
1929 1109.30 
1930 1101.27 
1931 1096.77 
1932 1098.24 
1933 1094.02 
1934 1099.18 
1935 1103.60 
1936 1106.52 
1937 1106.73 
1938 1106.74 
1939 1097.35 
1940 1216.15 
1941 1096.88 
1942 1097.13 
1943 1095.64 
1944 1100.27 
1945 1097.28 
1946 1107.50 
1947 1102.26 
1948 1171.56 
1949 1106.85 
1950 1103.28 
1951 1099.54 
1952 1104.41 
1953 1105.55 
1954 1102.80 
1955 1107.49 
1956 1096.53 
1957 1107.50 
1958 1110.69 
1959 1109.42 
1960 1100.31 
1961 1098.36 
1962 1109.39 
1963 1108.38 
1964 1102.78 
1965 1093.75 
1966 1105.12 
1967 1105.68 
1968 1123.96 
1969 1101.74 
1970 1106.66 
1971 1109.78 
1972 1107.14 
1973 1103.99 
1974 1100.74 
1975 1108.49 
1976 1105.51 
1977 1102.19 
1978 1111.24 
1979 1108.18 
1980 1151.74 
1981 1105.02 
1982 1103.82 
1983 1103.63 
1984 1107.81 
1985 1104.54 
1986 1165.66 
1987 1103.86 
1988 1111.20 
1989 1100.20 
1990 1108.00 
1991 1122.79 
1992 1103.28 
1993 1102.18 
1994 1104.24 
1995 1105.36 
1996 1118.45 
1997 1109.68 
1998 1108.13 
1999 1105.69 
2000 1113.72 
2001 1105.84 
2002 1115.15 
2003 1107.65 
2004 1105.93 
2005 1102.82 
2006 1106.31 
2007 1111.54 
2008 1103.67 
2009 1109.34 
2010 1108.41 
2011 1112.69 
2012 1093.44 
2013 1107.33 
2014 1108.67 
2015 1106.26 
2016 1106.74 
2017 1106.36 
2018 1106.81 
2019 1103.57 
2020 1106.52 
2021 1107.64 
2022 1104.50 
2023 1108.86 
2024 1111.93 
2025 1102.56 
2026 1110.23 
2027 1098.48 
2028 1101.20 
2029 1106.89 
2030 1103.37 
2031 1106.89 
2032 1118.01 
2033 1109.34 
2034 1104.92 
2035 1109.02 
2036 1100.32 
2037 1103.27 
2038 1100.33 
2039 1105.16 
2040 1110.59 
2041 1113.01 
2042 1099.56 
2043 1105.01 
2044 1102.99 
2045 1108.42 
2046 1106.75 
2047 1111.14 
2048 1102.59 
2049 1104.83 
2050 1111.94 
2051 1105.16 
2052 1103.67 
2053 1110.56 
2054 1107.08 
2055 1104.63 
2056 1108.91 
2057 1100.86 
2058 1104.23 
2059 1113.40 
2060 1105.21 
2061 1108.79 
2062 1104.81 
2063 1186.07 
2064 1103.84 
2065 1103.70 
2066 1104.09 
2067 1098.64 
2068 1096.35 
2069 1110.48 
2070 1113.10 
2071 1118.46 
2072 1106.40 
2073 1109.92 
2074 1096.90 
2075 1108.74 
2076 1110.91 
2077 1103.77 
2078 1113.46 
2079 1107.25 
2080 1104.53 
2081 1110.67 
2082 1106.35 
2083 1102.85 
2084 1108.92 
2085 1106.21 
2086 1101.68 
2087 1099.79 
2088 1106.59 
2089 1101.95 
2090 1108.42 
2091 1110.40 
2092 1105.09 
2093 1100.65 
2094 1104.43 
2095 1105.33 
2096 1112.13 
2097 1100.52 
2098 1106.68 
2099 1115.66 
2100 1104.52 
2101 1102.62 
2102 1105.44 
2103 1106.64 
2104 1104.34 
2105 1109.05 
2106 1094.18 
2107 1105.82 
2108 1104.13 
2109 1106.00 
2110 1100.16 
2111 1114.80 
2112 1104.11 
2113 1108.69 
2114 1109.57 
2115 1105.56 
2116 1105.94 
2117 1103.21 
2118 1104.87 
2119 1105.67 
2120 1105.01 
2121 1108.04 
2122 1110.59 
2123 1108.47 
2124 1099.49 
2125 1102.57 
2126 1110.64 
2127 1120.57 
2128 1101.91 
2129 1222.58 
2130 1099.30 
2131 1105.53 
2132 1098.75 
2133 1133.17 
2134 1105.21 
2135 1101.73 
2136 1111.02 
2137 1104.50 
2138 1099.46 
2139 1098.97 
2140 1104.03 
2141 1108.28 
2142 1106.22 
2143 1102.86 
2144 1111.90 
2145 1106.42 
2146 1096.49 
2147 1105.89 
2148 1118.77 
2149 1112.32 
2150 1098.32 
2151 1201.52 
2152 1107.62 
2153 1103.54 
2154 1110.88 
2155 1106.45 
2156 1109.17 
2157 1103.23 
2158 1108.68 
2159 1108.66 
2160 1100.05 
2161 1105.78 
2162 1108.66 
2163 1104.22 
2164 1106.32 
2165 1135.70 
2166 1109.78 
2167 1102.65 
2168 1109.17 
2169 1115.39 
2170 1108.32 
2171 1114.86 
2172 1117.33 
2173 1175.16 
2174 1100.31 
2175 1109.03 
2176 1096.76 
2177 1105.87 
2178 1108.47 
2179 1108.90 
2180 1104.89 
2181 1113.03 
2182 1109.55 
2183 1103.21 
2184 1108.56 
2185 1108.98 
2186 1111.03 
2187 1112.81 
2188 1101.72 
2189 1106.22 
2190 1108.68 
2191 1099.16 
2192 1105.14 
2193 1103.03 
2194 1101.28 
2195 1102.94 
2196 1108.72 
2197 1102.18 
2198 1107.70 
2199 1096.47 
2200 1109.69 
2201 1106.83 
2202 1107.60 
2203 1101.74 
2204 1110.26 
2205 1106.70 
2206 1103.55 
2207 1107.52 
2208 1104.46 
2209 1105.89 
2210 1105.65 
2211 1108.98 
2212 1111.74 
2213 1095.97 
2214 1101.76 
2215 1097.38 
2216 1100.25 
2217 1113.44 
2218 1106.28 
2219 1112.56 
2220 1111.77 
2221 1097.80 
2222 1107.22 
2223 1105.53 
2224 1117.11 
2225 1105.85 
2226 1102.79 
2227 1103.22 
2228 1102.43 
2229 1108.71 
2230 1102.52 
2231 1104.21 
2232 1098.02 
2233 1101.46 
2234 1107.15 
2235 1103.05 
2236 1103.30 
2237 1098.70 
2238 1108.46 
2239 1104.59 
2240 1103.93 
2241 1109.93 
2242 1100.87 
2243 1104.92 
2244 1105.43 
2245 1107.24 
2246 1100.65 
2247 1111.82 
2248 1102.27 
2249 1108.80 
2250 1108.53 
2251 1121.77 
2252 1105.80 
2253 1098.94 
2254 1105.86 
2255 1110.50 
2256 1125.73 
2257 1101.13 
2258 1104.02 
2259 1115.24 
2260 1108.51 
2261 1110.36 
2262 1104.50 
2263 1105.78 
2264 1196.12 
2265 1101.56 
2266 1104.06 
2267 1109.85 
2268 1106.53 
2269 1103.67 
2270 1108.96 
2271 1112.88 
2272 1102.77 
2273 1108.41 
2274 1105.31 
2275 1101.21 
2276 1099.43 
2277 1104.23 
2278 1105.99 
2279 1104.04 
2280 1110.72 
2281 1104.73 
2282 1095.30 
2283 1098.32 
2284 1106.84 
2285 1113.39 
2286 1102.76 
2287 1105.78 
2288 1108.30 
2289 1110.89 
2290 1102.18 
2291 1110.03 
2292 1101.93 
2293 1115.88 
2294 1107.83 
2295 1102.92 
2296 1106.78 
2297 1113.42 
2298 1102.08 
2299 1110.10 
2300 1114.53 
2301 1110.03 
2302 1113.07 
2303 1092.79 
2304 1227.24 
2305 1108.24 
2306 1107.41 
2307 1110.09 
2308 1099.95 
2309 1103.15 
2310 1116.23 
2311 1105.15 
2312 1107.30 
2313 1104.20 
2314 1104.36 
2315 1100.31 
2316 1102.77 
2317 1122.55 
2318 1104.71 
2319 1101.91 
2320 1097.97 
2321 1097.89 
2322 1104.25 
2323 1102.82 
2324 1109.88 
2325 1102.04 
2326 1100.62 
2327 1113.34 
2328 1111.96 
2329 1097.22 
2330 1105.44 
2331 1102.82 
2332 1108.15 
2333 1108.92 
2334 1100.16 
2335 1106.49 
2336 1109.05 
2337 1105.08 
2338 1102.71 
2339 1117.43 
2340 1103.79 
2341 1105.51 
2342 1111.40 
2343 1100.65 
2344 1110.35 
2345 1115.57 
2346 1108.05 
2347 1101.33 
2348 1104.79 
2349 1111.16 
2350 1105.45 
2351 1152.25 
2352 1103.22 
2353 1108.19 
2354 1121.33 
2355 1106.89 
2356 1108.52 
2357 1111.87 
2358 1111.33 
2359 1104.49 
2360 1106.49 
2361 1111.92 
2362 1112.47 
2363 1113.57 
2364 1110.71 
2365 1108.40 
2366 1113.12 
2367 1119.78 
2368 1117.58 
2369 1108.10 
2370 1105.68 
2371 1113.98 
2372 1113.55 
2373 1106.76 
2374 1119.81 
2375 1114.80 
2376 1110.98 
2377 1108.15 
2378 1106.34 
2379 1114.73 
2380 1107.18 
2381 1104.44 
2382 1109.67 
2383 1105.45 
2384 1100.76 
2385 1109.78 
2386 1110.82 
2387 1111.35 
2388 1106.64 
2389 1103.91 
2390 1105.07 
2391 1109.88 
2392 1110.84 
2393 1114.41 
2394 1103.53 
2395 1103.76 
2396 1119.67 
2397 1112.40 
2398 1114.88 
2399 1107.94 
2400 1119.67 
2401 1124.54 
2402 1116.43 
2403 1123.80 
2404 1115.58 
2405 1104.74 
2406 1104.50 
2407 1107.01 
2408 1099.95 
2409 1098.69 
2410 1122.09 
2411 1108.94 
2412 1115.32 
2413 1105.03 
2414 1109.06 
2415 1113.51 
2416 1108.22 
2417 1102.62 
2418 1112.25 
2419 1098.99 
2420 1109.38 
2421 1108.08 
2422 1102.98 
2423 1118.64 
2424 1103.09 
2425 1106.66 
2426 1106.33 
2427 1110.90 
2428 1098.63 
2429 1110.91 
2430 1121.53 
2431 1105.42 
2432 1112.22 
2433 1106.69 
2434 1107.67 
2435 1110.77 
2436 1101.65 
2437 1112.90 
2438 1107.50 
2439 1106.62 
2440 1105.78 
2441 1111.20 
2442 1100.04 
2443 1114.64 
2444 1103.91 
2445 1108.21 
2446 1110.62 
2447 1106.36 
2448 1107.20 
2449 1115.63 
2450 1108.10 
2451 1103.93 
2452 1102.53 
2453 1109.44 
2454 1125.79 
2455 1107.87 
2456 1130.26 
2457 1103.98 
2458 1109.92 
2459 1112.40 
2460 1121.53 
2461 1113.37 
2462 1109.59 
2463 1110.39 
2464 1224.42 
2465 1115.10 
2466 1120.99 
2467 1118.72 
2468 1107.33 
2469 1113.32 
2470 1120.24 
2471 1098.80 
2472 1116.18 
2473 1116.81 
2474 1102.37 
2475 1207.79 
2476 1104.25 
2477 1108.95 
2478 1112.91 
2479 1109.39 
2480 1104.85 
2481 1106.61 
2482 1107.41 
2483 1108.57 
2484 1109.92 
2485 1115.07 
2486 1111.30 
2487 1105.83 
2488 1095.64 
2489 1132.73 
2490 1111.67 
2491 1113.08 
2492 1117.54 
2493 1108.93 
2494 1225.28 
2495 1113.42 
2496 1110.52 
2497 1109.59 
2498 1205.73 
2499 1108.27 
2500 1106.26 
2501 1108.05 
2502 1105.19 
2503 1108.85 
2504 1129.65 
2505 1108.52 
2506 1112.89 
2507 1107.77 
2508 1107.21 
2509 1116.52 
2510 1101.20 
2511 1110.26 
2512 1105.66 
2513 1102.65 
2514 1099.65 
2515 1109.12 
2516 1100.50 
2517 1102.14 
2518 1112.44 
2519 1107.37 
2520 1104.84 
2521 1110.67 
2522 1115.25 
2523 1110.58 
2524 1111.31 
2525 1106.16 
2526 1114.06 
2527 1201.48 
2528 1105.13 
2529 1109.00 
2530 1118.95 
2531 1208.30 
2532 1105.64 
2533 1101.44 
2534 1110.67 
2535 1114.62 
2536 1110.24 
2537 1197.20 
2538 1102.87 
2539 1108.69 
2540 1123.03 
2541 1119.10 
2542 1124.09 
2543 1101.97 
2544 1110.02 
2545 1111.53 
2546 1117.96 
2547 1216.37 
2548 1109.56 
2549 1112.97 
2550 1121.39 
2551 1106.10 
2552 1108.89 
2553 1116.05 
2554 1105.53 
2555 1116.19 
2556 1122.16 
2557 1130.87 
2558 1118.34 
2559 1116.45 
2560 1145.49 
2561 1125.46 
2562 1122.35 
2563 1154.16 
2564 1127.74 
2565 1121.16 
2566 1121.47 
2567 1116.49 
2568 1071.74 
2569 1147.27 
2570 1117.84 
2571 1115.28 
2572 1237.07 
2573 1118.62 
2574 1110.80 
2575 1104.61 
2576 1105.02 
2577 1110.12 
2578 1122.21 
2579 1135.96 
2580 1138.13 
2581 1127.94 
2582 1118.58 
2583 1117.44 
2584 1137.02 
2585 1128.77 
2586 1126.07 
2587 1115.88 
2588 1124.08 
2589 1115.23 
2590 1113.76 
2591 1150.57 
2592 1189.09 
2593 1129.51 
2594 1147.63 
2595 1114.21 
2596 1133.93 
2597 1123.62 
2598 1153.55 
2599 1165.61 
2600 1208.94 
2601 1123.11 
2602 1145.77 
2603 1152.15 
2604 1138.20 
2605 1141.41 
2606 1168.23 
2607 1195.03 
2608 1127.34 
2609 1137.44 
2610 1179.41 
2611 1224.58 
2612 1218.37 
2613 1251.17 
2614 931.39 
2615 1075.44 
2616 1090.76 
2617 1093.06 
2618 1101.55 
2619 1127.92 
2620 1164.77 
2621 1202.20 
2622 1271.18 
2623 1137.29 
2624 1120.06 
2625 1136.72 
2626 1193.10 
2627 1298.35 
2628 1304.38 
2629 1274.92 
2630 1099.49 
2631 1079.58 
2632 1088.92 
2633 1091.34 
2634 1096.27 
2635 1090.87 
2636 1093.81 
2637 1090.12 
2638 1091.81 
2639 1091.37 
2640 1096.26 
2641 1105.93 
2642 1102.47 
2643 1104.28 
2644 1101.86 
2645 1111.21 
2646 1099.55 
2647 1103.50 
2648 1107.68 
2649 1121.90 
2650 1217.70 
2651 1271.05 
2652 1262.23 
2653 1331.83 
2654 1306.64 
2655 1362.99 
2656 1381.81 
2657 1445.66 
2658 86.66 
2659 1389.99 
2660 1466.19 
2661 419.13 
2662 1424.04 
2663 757.02 
2664 59.96 
2665 74.16 
2666 1275.09 
2667 1280.96 
2668 1301.77 
2669 1551.62 
2670 1436.68 
2671 1691.49 
2672 40.78 
2673 58.55 
2674 59.10 
2675 58.21 
2676 56.64 
2677 65.83 
2678 58.08 
2679 57.11 
2680 570.85 
2681 382.37 
2682 567.14 
2683 639.00 
2684 413.62 
2685 599.19 
2686 370.85 
2687 588.55 
2688 344.22 
2689 712.38 
2690 712.22 
2691 637.07 
2692 478.42 
2693 558.33 
2694 419.85 
2695 817.83 
2696 632.97 
2697 548.41 
2698 515.58 
2699 878.67 
2700 582.66 
2701 668.41 
2702 459.78 
2703 590.68 
2704 433.79 
2705 392.82 
2706 439.91 
2707 659.10 
2708 553.86 
2709 558.64 
2710 678.18 
2711 605.56 
2712 626.49 
2713 600.70 
2714 649.13 
2715 697.96 
2716 986.51 
2717 647.27 
2718 381.38 
2719 715.32 
2720 511.62 
2721 534.30 
2722 724.86 
2723 415.65 
2724 433.16 
2725 649.43 
2726 375.86 
2727 653.97 
2728 681.00 
2729 672.75 
2730 660.98 
2731 666.14 
2732 532.80 
2733 517.77 
2734 665.91 
2735 666.83 
2736 616.28 
2737 960.10 
2738 577.77 
2739 367.14 
2740 763.06 
2741 786.15 
2742 433.03 
2743 1010.79 
2744 479.37 
2745 864.34 
2746 1000.21 
2747 598.44 
2748 642.12 
2749 671.68 
2750 575.18 
2751 619.59 
2752 601.15 
2753 647.70 
2754 579.55 
2755 649.30 
2756 1078.39 
2757 953.68 
2758 197.02 
2759 566.14 
2760 492.71 
2761 840.00 
2762 971.40 
2763 862.73 
2764 670.17 
2765 481.88 
2766 617.96 
2767 500.77 
2768 688.13 
2769 843.66 
2770 689.91 
2771 638.36 
2772 730.83 
2773 711.25 
2774 665.05 
2775 420.59 
2776 397.39 
2777 436.47 
2778 355.82 
2779 960.98 
2780 656.53 
2781 879.47 
2782 375.48 
2783 609.95 
2784 724.70 
2785 747.24 
2786 855.65 
2787 1018.58 
2788 551.73 
2789 1286.65 
2790 522.34 
2791 616.82 
2792 678.83 
2793 676.65 
2794 630.61 
2795 755.47 
2796 695.17 
2797 1440.40 
2798 517.60 
2799 769.41 
2800 517.46 
2801 738.58 
2802 505.34 
2803 913.17 
2804 868.00 
2805 656.21 
2806 593.90 
2807 976.22 
2808 381.86 
2809 920.47 
2810 734.79 
2811 555.32 
2812 518.19 
2813 648.90 
2814 1318.10 
2815 680.60 
2816 645.50 
2817 945.12 
2818 1107.85 
2819 671.46 
2820 370.35 
2821 625.51 
2822 709.57 
2823 680.34 
2824 612.71 
2825 1049.15 
2826 616.32 
2827 1415.67 
2828 894.40 
2829 1151.97 
2830 936.82 
2831 840.57 
2832 779.72 
2833 940.63 
2834 781.07 
2835 565.61 
2836 593.86 
2837 821.70 
2838 791.46 
2839 965.45 
2840 477.08 
2841 931.87 
2842 667.99 
2843 1010.57 
2844 911.17 
2845 702.89 
2846 693.24 
2847 830.32 
2848 747.78 
2849 408.50 
2850 890.68 
2851 797.71 
2852 828.67 
2853 764.30 
2854 733.42 
2855 889.72 
2856 701.35 
2857 794.85 
2858 1032.72 
2859 940.80 
2860 1011.09 
2861 650.42 
2862 633.97 
2863 642.90 
2864 896.31 
2865 874.60 
2866 681.88 
2867 947.10 
2868 690.56 
2869 910.98 
2870 535.21 
2871 839.39 
2872 784.75 
2873 751.88 
2874 746.78 
2875 798.92 
2876 805.72 
2877 990.06 
2878 1142.11 
2879 531.11 
2880 929.60 
2881 584.70 
2882 1002.76 
2883 702.93 
2884 1001.26 
2885 953.97 
2886 925.93 
2887 1090.86 
2888 973.33 
2889 1004.79 
2890 649.83 
2891 549.29 
2892 541.98 
2893 1066.13 
2894 544.13 
2895 943.57 
2896 632.66 
2897 965.57 
2898 952.38 
2899 918.17 
2900 634.68 
2901 827.00 
2902 826.28 
2903 948.71 
2904 788.17 
2905 439.21 
2906 1036.76 
2907 568.17 
2908 1051.84 
2909 928.92 
2910 701.78 
2911 1023.35 
2912 898.76 
2913 712.77 
2914 935.02 
2915 830.83 
2916 972.89 
2917 753.63 
2918 944.62 
2919 977.36 
2920 765.46 
2921 947.64 
2922 885.25 
2923 894.26 
2924 1092.81 
2925 1154.06 
2926 1289.37 
2927 677.28 
2928 964.16 
2929 898.79 
2930 731.69 
2931 713.26 
2932 821.30 
2933 925.14 
2934 659.91 
2935 941.97 
2936 1008.50 
2937 701.31 
2938 908.78 
2939 552.39 
2940 861.54 
2941 1090.90 
2942 786.99 
2943 909.75 
2944 684.18 
2945 1183.11 
2946 544.14 
2947 994.97 
2948 1121.79 
2949 749.05 
2950 995.96 
2951 713.37 
2952 694.21 
2953 1217.95 
2954 730.54 
2955 837.61 
2956 1102.05 
2957 809.87 
2958 1559.06 
2959 680.53 
2960 796.53 
2961 1034.58 
2962 794.00 
2963 1080.25 
2964 1257.37 
2965 998.33 
2966 800.65 
2967 862.92 
2968 652.36 
2969 845.56 
2970 846.55 
2971 1141.90 
2972 1247.37 
2973 956.77 
2974 771.82 
2975 788.90 
2976 1243.06 
2977 1145.65 
2978 705.46 
2979 713.91 
2980 755.63 
2981 631.40 
2982 930.52 
2983 999.66 
2984 763.92 
2985 367.35 
2986 925.86 
2987 363.11 
2988 650.30 
2989 699.67 
2990 1465.35 
2991 975.82 
2992 910.34 
2993 799.48 
2994 651.85 
2995 616.33 
2996 858.14 
2997 708.03 
2998 946.13 
2999 772.57 
3000 883.57 
3001 827.00 
3002 1247.62 
3003 700.42 
3004 888.16 
3005 672.91 
3006 841.36 
3007 595.87 
3008 943.57 
3009 921.87 
3010 546.83 
3011 1050.89 
3012 935.93 
3013 516.80 
3014 905.46 
3015 1038.87 
3016 677.20 
3017 1506.81 
3018 683.70 
3019 988.41 
3020 786.53 
3021 894.17 
3022 702.75 
3023 1067.36 
3024 715.31 
3025 784.31 
3026 684.50 
3027 972.49 
3028 1225.34 
3029 819.21 
3030 957.58 
3031 983.07 
3032 1249.88 
3033 1019.66 
3034 852.09 
3035 802.89 
3036 907.09 
3037 1326.48 
3038 824.83 
3039 589.86 
3040 844.50 
3041 1212.83 
3042 922.59 
3043 936.00 
3044 660.97 
3045 976.59 
3046 1050.43 
3047 794.64 
3048 1057.76 
3049 1288.31 
3050 984.65 
3051 1362.27 
3052 1192.96 
3053 1535.40 
3054 925.79 
3055 876.33 
3056 737.25 
3057 665.16 
3058 1356.23 
3059 931.56 
3060 2168.44 
3061 1092.99 
3062 1538.86 
3063 1036.04 
3064 780.89 
3065 937.38 
3066 1171.16 
3067 1106.12 
3068 1216.35 
3069 861.57 
3070 940.14 
3071 674.12 
3072 1214.12 
3073 921.69 
3074 926.74 
3075 644.63 
3076 1018.66 
3077 1137.61 
3078 1201.96 
3079 961.71 
3080 797.07 
3081 981.60 
3082 814.91 
3083 1287.68 
3084 936.14 
3085 675.36 
3086 719.78 
3087 750.99 
3088 1022.63 
3089 1094.02 
3090 891.09 
3091 664.94 
3092 632.59 
3093 959.73 
3094 1084.42 
3095 942.21 
3096 1014.19 
3097 1064.69 
3098 725.19 
3099 1352.77 
3100 699.52 
3101 1120.24 
3102 1033.26 
3103 952.41 
3104 763.29 
3105 696.25 
3106 926.56 
3107 1381.20 
3108 968.65 
3109 1299.31 
3110 941.04 
3111 791.50 
3112 1215.73 
3113 1460.65 
3114 958.68 
3115 1078.36 
3116 816.94 
3117 1039.37 
3118 850.40 
3119 1003.92 
3120 824.75 
3121 931.68 
3122 736.32 
3123 755.11 
3124 980.81 
3125 1212.36 
3126 938.01 
3127 998.22 
3128 948.35 
3129 1005.71 
3130 736.47 
3131 934.44 
3132 633.52 
3133 767.15 
3134 826.49 
3135 1001.00 
3136 1206.00 
3137 691.45 
3138 1030.48 
3139 1280.96 
3140 989.17 
3141 818.29 
3142 838.30 
3143 1035.05 
3144 1346.28 
3145 954.52 
3146 758.24 
3147 651.87 
3148 782.98 
3149 988.64 
3150 727.72 
3151 1199.93 
3152 954.38 
3153 1074.62 
3154 1038.61 
3155 667.91 
3156 1287.80 
3157 586.81 
3158 720.72 
3159 967.32 
3160 967.54 
3161 938.40 
3162 832.03 
3163 979.86 
3164 1010.06 
3165 688.72 
3166 1116.52 
3167 1137.62 
3168 858.54 
3169 1038.44 
3170 852.48 
3171 974.11 
3172 1018.88 
3173 784.32 
3174 980.21 
3175 992.38 
3176 1124.13 
3177 1047.21 
3178 754.83 
3179 1089.16 
3180 701.05 
3181 958.06 
3182 956.69 
3183 1078.38 
3184 1024.08 
3185 1102.32 
3186 933.86 
3187 590.86 
3188 1003.35 
3189 1149.05 
3190 1022.74 
3191 1015.71 
3192 1311.26 
3193 934.46 
3194 992.77 
3195 1006.77 
3196 745.29 
3197 1057.40 
3198 917.72 
3199 965.06 
3200 968.12 
3201 1001.20 
3202 785.65 
3203 1084.64 
3204 780.47 
3205 1000.27 
3206 745.87 
3207 676.13 
3208 2033.00 
3209 963.98 
3210 887.36 
3211 1377.30 
3212 699.69 
3213 681.33 
3214 790.61 
3215 979.52 
3216 965.08 
3217 1232.72 
3218 1116.19 
3219 686.91 
3220 1008.13 
3221 966.25 
3222 1163.25 
3223 699.75 
3224 1892.83 
3225 662.65 
3226 789.24 
3227 1866.17 
3228 843.88 
3229 1340.08 
3230 956.76 
3231 669.66 
3232 980.34 
3233 1159.44 
3234 2499.46 
3235 860.24 
3236 954.48 
3237 1026.18 
3238 1341.01 
3239 1033.99 
3240 683.42 
3241 1055.67 
3242 734.88 
3243 950.83 
3244 695.67 
3245 1155.63 
3246 551.29 
3247 897.99 
3248 1132.06 
3249 989.41 
3250 984.58 
3251 945.47 
3252 994.90 
3253 1030.39 
3254 744.25 
3255 1015.32 
3256 969.97 
3257 742.34 
3258 1303.88 
3259 898.73 
3260 1515.91 
3261 1438.43 
3262 783.00 
3263 814.08 
3264 1187.31 
3265 731.51 
3266 903.59 
3267 1297.00 
3268 677.84 
3269 869.98 
3270 1490.63 
3271 1095.40 
3272 937.49 
3273 754.69 
3274 1083.63 
3275 690.47 
3276 659.75 
3277 864.06 
3278 1033.49 
3279 1083.71 
3280 665.08 
3281 559.99 
3282 949.50 
3283 1263.93 
3284 1021.82 
3285 1215.51 
3286 1017.41 
3287 1455.38 
3288 1004.57 
3289 1086.75 
3290 945.20 
3291 1172.01 
3292 782.89 
3293 1111.42 
3294 1098.24 
3295 848.32 
3296 763.15 
3297 979.04 
3298 706.70 
3299 765.23 
3300 1102.56 
3301 943.17 
3302 615.32 
3303 988.09 
3304 794.12 
3305 666.51 
3306 698.63 
3307 1447.32 
3308 692.87 
3309 1044.26 
3310 1361.06 
3311 1035.97 
3312 1168.37 
3313 709.96 
3314 1004.17 
3315 1029.19 
3316 1008.75 
3317 1133.97 
3318 916.26 
3319 670.73 
3320 1118.49 
3321 672.88 
3322 977.31 
3323 976.97 
3324 821.61 
3325 562.08 
3326 883.52 
3327 1085.21 
3328 771.61 
3329 964.56 
3330 770.50 
3331 1245.24 
3332 768.69 
3333 987.24 
3334 548.26 
3335 1099.57 
3336 749.40 
3337 1607.34 
3338 1304.10 
3339 1584.13 
3340 839.26 
3341 917.11 
3342 660.00 
3343 863.58 
3344 859.71 
3345 835.20 
3346 984.38 
3347 967.26 
3348 1004.88 
3349 1525.42 
3350 862.25 
3351 1311.09 
3352 729.58 
3353 675.18 
3354 1038.92 
3355 1315.75 
3356 1137.49 
3357 806.73 
3358 522.12 
3359 534.32 
3360 1253.61 
3361 772.34 
3362 716.16 
3363 1008.49 
3364 1129.15 
3365 888.22 
3366 1539.23 
3367 1229.47 
3368 1264.22 
3369 794.98 
3370 1057.75 
3371 532.69 
3372 1173.91 
3373 852.60 
3374 864.83 
3375 830.73 
3376 1013.95 
3377 856.54 
3378 966.50 
3379 805.74 
3380 1358.96 
3381 1580.87 
3382 1033.34 
3383 1114.39 
3384 978.00 
3385 966.56 
3386 1003.70 
3387 834.18 
3388 1758.40 
3389 801.67 
3390 830.95 
3391 804.40 
3392 695.71 
3393 940.78 
3394 824.52 
3395 868.38 
3396 1025.87 
3397 962.76 
3398 1119.73 
3399 991.46 
3400 1269.04 
3401 539.12 
3402 606.76 
3403 998.35 
3404 862.13 
3405 1084.64 
3406 1326.02 
3407 1125.13 
3408 774.00 
3409 961.12 
3410 1700.23 
3411 1002.99 
3412 1312.68 
3413 1069.28 
3414 1077.81 
3415 1335.59 
3416 1165.44 
3417 1300.12 
3418 1053.27 
3419 1072.64 
3420 1478.13 
3421 663.39 
3422 1035.60 
3423 897.73 
3424 842.42 
3425 1308.08 
3426 1157.41 
3427 1025.15 
3428 783.29 
3429 1150.54 
3430 1311.48 
3431 690.79 
3432 787.11 
3433 992.65 
3434 1006.36 
3435 625.21 
3436 879.76 
3437 1106.93 
3438 1056.69 
3439 692.97 
3440 935.87 
3441 1148.77 
3442 949.93 
3443 1041.88 
3444 1361.48 
3445 737.74 
3446 670.09 
3447 726.48 
3448 662.57 
3449 698.78 
3450 912.88 
3451 777.10 
3452 564.41 
3453 659.32 
3454 902.76 
3455 1012.48 
3456 733.28 
3457 947.14 
3458 683.26 
3459 981.99 
3460 939.56 
3461 659.69 
3462 1187.20 
3463 885.49 
3464 1148.86 
3465 1124.18 
3466 983.02 
3467 917.56 
3468 1298.23 
3469 830.11 
3470 827.06 
3471 827.59 
3472 1320.54 
3473 1079.14 
3474 697.16 
3475 774.73 
3476 940.68 
3477 815.93 
3478 1546.44 
3479 858.98 
3480 912.51 
3481 985.29 
3482 831.36 
3483 927.60 
3484 1492.81 
3485 699.17 
3486 2042.01 
3487 1323.33 
3488 1103.48 
3489 963.95 
3490 846.72 
3491 846.18 
3492 912.82 
3493 755.23 
3494 965.83 
3495 921.41 
3496 1232.22 
3497 526.75 
3498 966.14 
3499 1103.21 
3500 772.47 
3501 991.35 
3502 624.87 
3503 829.56 
3504 802.93 
3505 1131.08 
3506 961.89 
3507 1078.70 
3508 938.82 
3509 1012.39 
3510 924.91 
3511 1091.15 
3512 1344.68 
3513 856.50 
3514 1092.32 
3515 1111.23 
3516 988.45 
3517 803.28 
3518 910.16 
3519 789.35 
3520 1155.40 
3521 1264.81 
3522 1110.35 
3523 977.39 
3524 1282.35 
3525 1002.92 
3526 951.22 
3527 900.38 
3528 779.15 
3529 835.45 
3530 698.60 
3531 789.86 
3532 962.05 
3533 880.22 
3534 1232.25 
3535 1889.53 
3536 824.71 
3537 840.81 
3538 1151.83 
3539 1272.88 
3540 546.74 
3541 795.65 
3542 1179.41 
3543 828.87 
3544 813.05 
3545 694.17 
3546 804.06 
3547 1142.75 
3548 1292.15 
3549 1063.74 
3550 687.69 
3551 1195.49 
3552 757.94 
3553 1239.38 
3554 1061.10 
3555 960.16 
3556 668.84 
3557 914.30 
3558 1009.04 
3559 918.01 
3560 748.23 
3561 896.24 
3562 1152.54 
3563 906.73 
3564 948.75 
3565 998.67 
3566 1058.21 
3567 763.75 
3568 844.68 
3569 1033.61 
3570 1328.02 
3571 1028.71 
3572 979.45 
3573 1322.23 
3574 1447.80 
3575 823.35 
3576 679.66 
3577 1199.72 
3578 858.13 
3579 880.70 
3580 835.72 
3581 1380.23 
3582 880.73 
3583 591.42 
3584 671.20 
3585 952.92 
3586 1354.95 
3587 1475.96 
3588 1004.99 
3589 986.12 
3590 1098.95 
3591 830.40 
3592 1185.42 
3593 1331.71 
3594 1086.71 
3595 543.22 
3596 682.13 
3597 550.01 
3598 1180.76 
3599 543.71 
3600 840.39 
3601 644.06 
3602 828.38 
3603 768.08 
3604 697.71 
3605 1707.51 
3606 668.35 
3607 778.45 
3608 721.80 
3609 1192.95 
3610 861.85 
3611 1500.50 
3612 731.21 
3613 426.71 
3614 859.87 
3615 1138.71 
3616 747.12 
3617 892.27 
3618 1088.63 
3619 1304.64 
3620 898.80 
3621 1099.36 
3622 1163.74 
3623 1017.31 
3624 1146.10 
3625 1178.39 
3626 998.54 
3627 810.36 
3628 946.61 
3629 1059.80 
3630 1161.14 
3631 1457.48 
3632 911.70 
3633 1649.04 
3634 1070.52 
3635 1088.65 
3636 1025.32 
3637 756.42 
3638 940.35 
3639 1065.93 
3640 912.21 
3641 1103.19 
3642 533.44 
3643 1157.20 
3644 976.31 
3645 1045.73 
3646 758.66 
3647 887.54 
3648 848.67 
3649 747.77 
3650 850.26 
3651 939.02 
3652 1046.41 
3653 1923.62 
3654 1338.63 
3655 1257.11 
3656 1196.75 
3657 696.42 
3658 1012.09 
3659 810.41 
3660 1260.74 
3661 837.71 
3662 915.21 
3663 859.53 
3664 1399.93 
3665 940.69 
3666 817.01 
3667 1370.29 
3668 1388.51 
3669 830.43 
3670 1124.34 
3671 1079.50 
3672 698.44 
3673 628.68 
3674 1195.06 
3675 992.98 
3676 1212.01 
3677 871.14 
3678 688.14 
3679 1136.79 
3680 782.10 
3681 785.56 
3682 878.24 
3683 821.90 
3684 905.76 
3685 922.57 
3686 701.93 
3687 651.82 
3688 868.38 
3689 865.57 
3690 1282.87 
3691 516.88 
3692 653.90 
3693 809.97 
3694 1220.98 
3695 1166.93 
3696 1364.95 
3697 1276.68 
3698 1032.97 
3699 756.55 
3700 1371.47 
3701 799.88 
3702 758.13 
3703 745.00 
3704 1313.81 
3705 366.09 
3706 705.95 
3707 834.20 
3708 1083.78 
3709 944.66 
3710 1092.37 
3711 1067.33 
3712 1157.64 
3713 781.68 
3714 545.80 
3715 1153.80 
3716 1190.74 
3717 645.37 
3718 1055.15 
3719 1001.15 
3720 780.62 
3721 768.31 
3722 852.04 
3723 871.14 
3724 1267.77 
3725 899.20 
3726 721.19 
3727 1381.61 
3728 1233.54 
3729 1125.54 
3730 1100.76 
3731 831.68 
3732 937.20 
3733 511.40 
3734 706.77 
3735 901.30 
3736 1100.80 
3737 708.83 
3738 1172.84 
3739 755.67 
3740 737.58 
3741 1344.64 
3742 1020.13 
3743 985.09 
3744 803.96 
3745 1045.77 
3746 1030.58 
3747 747.01 
3748 803.83 
3749 1182.95 
3750 1004.40 
3751 828.14 
3752 966.28 
3753 1071.65 
3754 806.95 
3755 1198.17 
3756 1582.12 
3757 1019.72 
3758 664.84 
3759 776.12 
3760 672.82 
3761 937.40 
3762 804.73 
3763 1114.24 
3764 914.24 
3765 1118.76 
3766 839.89 
3767 805.50 
3768 1017.45 
3769 859.67 
3770 701.90 
3771 937.56 
3772 2108.30 
3773 944.26 
3774 882.04 
3775 745.29 
3776 1190.16 
3777 1161.16 
3778 750.57 
3779 1174.92 
3780 1234.35 
3781 1180.61 
3782 772.93 
3783 807.04 
3784 1291.63 
3785 1448.94 
3786 945.76 
3787 642.21 
3788 1059.07 
3789 1032.59 
3790 654.04 
3791 864.35 
3792 1026.05 
3793 864.37 
3794 1040.83 
3795 1311.39 
3796 943.98 
3797 970.80 
3798 836.27 
3799 948.26 
3800 778.65 
3801 897.42 
3802 1257.79 
3803 1043.80 
3804 649.28 
3805 814.51 
3806 982.62 
3807 1117.19 
3808 925.97 
3809 1183.61 
3810 960.59 
3811 956.12 
3812 1516.71 
3813 983.64 
3814 1649.14 
3815 1195.62 
3816 826.20 
3817 942.84 
3818 904.54 
3819 1027.17 
3820 1127.53 
3821 791.55 
3822 1055.43 
3823 1118.30 
3824 1414.05 
3825 810.39 
3826 1548.03 
3827 1307.81 
3828 482.97 
3829 860.68 
3830 1129.64 
3831 812.15 
3832 973.60 
3833 1158.35 
3834 878.21 
3835 732.29 
3836 754.44 
3837 1049.52 
3838 988.88 
3839 1533.67 
3840 1054.54 
3841 1225.81 
3842 983.95 
3843 1045.75 
3844 1067.98 
3845 1663.03 
3846 775.00 
3847 820.66 
3848 896.99 
3849 873.99 
3850 544.50 
3851 1010.84 
3852 1207.30 
3853 883.88 
3854 882.43 
3855 722.72 
3856 660.52 
3857 901.94 
3858 1099.71 
3859 796.24 
3860 750.25 
3861 1094.73 
3862 1040.92 
3863 1101.83 
3864 1152.07 
3865 1056.58 
3866 989.84 
3867 700.81 
3868 963.70 
3869 610.32 
3870 1033.00 
3871 1161.05 
3872 812.67 
3873 1030.80 
3874 841.43 
3875 1052.18 
3876 821.89 
3877 871.71 
3878 945.50 
3879 959.64 
3880 638.81 
3881 1066.44 
3882 776.18 
3883 578.97 
3884 1077.87 
3885 1148.46 
3886 857.29 
3887 717.87 
3888 1148.62 
3889 620.15 
3890 1372.46 
3891 841.29 
3892 789.60 
3893 1200.58 
3894 1161.78 
3895 676.10 
3896 782.23 
3897 759.28 
3898 1046.69 
3899 972.57 
3900 633.92 
3901 1036.52 
3902 1096.14 
3903 691.47 
3904 1450.59 
3905 755.35 
3906 875.42 
3907 1524.61 
3908 919.54 
3909 510.60 
3910 1203.48 
3911 1807.34 
3912 657.93 
3913 1016.85 
3914 810.80 
3915 852.25 
3916 894.68 
3917 1346.42 
3918 885.52 
3919 884.96 
3920 865.07 
3921 696.83 
3922 746.99 
3923 874.29 
3924 1142.75 
3925 1061.63 
3926 1823.07 
3927 1265.74 
3928 816.63 
3929 1246.20 
3930 656.07 
3931 1123.34 
3932 1213.27 
3933 1109.82 
3934 819.79 
3935 1402.01 
3936 712.61 
3937 883.05 
3938 969.67 
3939 802.31 
3940 1036.67 
3941 651.64 
3942 998.24 
3943 905.56 
3944 946.98 
3945 1027.74 
3946 836.59 
3947 1063.79 
3948 1066.51 
3949 875.15 
3950 862.85 
3951 1790.29 
3952 1128.13 
3953 1161.90 
3954 977.08 
3955 837.56 
3956 1068.28 
3957 1091.12 
3958 939.26 
3959 660.85 
3960 985.90 
3961 542.16 
3962 1250.00 
3963 1057.19 
3964 1026.01 
3965 1136.96 
3966 1433.54 
3967 1249.18 
3968 882.22 
3969 1264.75 
3970 1042.42 
3971 1213.79 
3972 1149.69 
3973 853.01 
3974 1382.84 
3975 1368.61 
3976 975.85 
3977 846.30 
3978 1610.45 
3979 690.74 
3980 725.59 
3981 735.33 
3982 912.21 
3983 1043.72 
3984 1369.83 
3985 849.56 
3986 952.27 
3987 852.38 
3988 764.55 
3989 870.23 
3990 1108.53 
3991 1012.32 
3992 750.66 
3993 1102.63 
3994 451.95 
3995 1247.02 
3996 739.08 
3997 1018.72 
3998 978.10 
3999 955.20 
4000 1519.83 
4001 899.53 
4002 1822.39 
4003 888.66 
4004 793.29 
4005 1134.19 
4006 1506.02 
4007 949.43 
4008 1139.52 
4009 1041.07 
4010 1088.19 
4011 1295.20 
4012 919.13 
4013 1024.66 
4014 1170.69 
4015 774.29 
4016 691.54 
4017 428.07 
4018 994.27 
4019 1023.90 
4020 813.41 
4021 1915.03 
4022 963.21 
4023 1176.08 
4024 537.90 
4025 1049.41 
4026 935.52 
4027 751.89 
4028 1256.23 
4029 653.51 
4030 1246.65 
4031 867.10 
4032 804.01 
4033 1440.22 
4034 637.45 
4035 1025.60 
4036 1076.78 
4037 907.26 
4038 1072.43 
4039 1018.83 
4040 898.20 
4041 432.28 
4042 985.72 
4043 789.57 
4044 947.83 
4045 320.78 
4046 776.40 
4047 1053.65 
4048 1101.38 
4049 1055.44 
4050 833.64 
4051 1274.85 
4052 732.95 
4053 749.51 
4054 835.45 
4055 1075.87 
4056 1035.43 
4057 1240.95 
4058 722.82 
4059 1057.42 
4060 933.84 
4061 872.19 
4062 841.02 
4063 1092.72 
4064 1063.88 
4065 727.10 
4066 1355.48 
4067 1037.41 
4068 1029.52 
4069 507.96 
4070 1065.04 
4071 1030.47 
4072 893.85 
4073 732.50 
4074 1126.06 
4075 987.91 
4076 1282.26 
4077 1052.88 
4078 871.99 
4079 1145.05 
4080 1423.49 
4081 1026.62 
4082 1000.48 
4083 1023.71 
4084 706.61 
4085 1135.96 
4086 1027.69 
4087 920.05 
4088 728.46 
4089 1080.73 
4090 788.67 
4091 1216.87 
4092 1237.60 
4093 1011.48 
4094 744.87 
4095 1423.49 
4096 1047.09 
4097 804.29 
4098 1070.40 
4099 953.59 
4100 1046.51 
4101 1185.69 
4102 784.98 
4103 933.90 
4104 833.41 
4105 710.10 
4106 991.97 
4107 970.59 
4108 742.01 
4109 904.98 
4110 1096.63 
4111 996.70 
4112 984.95 
4113 916.15 
4114 724.97 
4115 891.35 
4116 1069.17 
4117 1164.56 
4118 1911.28 
4119 855.57 
4120 817.17 
4121 1069.15 
4122 470.65 
4123 1214.65 
4124 726.42 
4125 594.88 
4126 1044.94 
4127 1743.23 
4128 764.86 
4129 1278.99 
4130 1006.86 
4131 663.94 
4132 908.56 
4133 1155.15 
4134 872.32 
4135 950.86 
4136 1071.96 
4137 1079.86 
4138 1050.97 
4139 824.93 
4140 678.04 
4141 1216.19 
4142 936.02 
4143 1205.00 
4144 896.02 
4145 812.07 
4146 768.91 
4147 1077.26 
4148 534.31 
4149 641.04 
4150 479.61 
4151 1002.58 
4152 1140.14 
4153 940.85 
4154 825.09 
4155 1022.92 
4156 1037.54 
4157 1333.13 
4158 1157.09 
4159 966.80 
4160 827.01 
4161 791.15 
4162 538.92 
4163 1094.06 
4164 987.39 
4165 926.08 
4166 922.29 
4167 815.39 
4168 1516.05 
4169 921.99 
4170 747.59 
4171 894.75 
4172 746.02 
4173 1066.42 
4174 1081.88 
4175 1226.35 
4176 805.94 
4177 819.27 
4178 770.61 
4179 851.75 
4180 708.30 
4181 1039.82 
4182 962.92 
4183 831.88 
4184 1125.92 
4185 1144.15 
4186 1219.72 
4187 973.75 
4188 901.11 
4189 1207.07 
4190 1160.74 
4191 1009.48 
4192 1062.02 
4193 1226.01 
4194 1145.05 
4195 950.33 
4196 877.85 
4197 1037.96 
4198 892.72 
4199 1144.41 
4200 877.64 
4201 1433.67 
4202 872.01 
4203 1469.39 
4204 1545.27 
4205 836.04 
4206 767.47 
4207 860.71 
4208 1432.41 
4209 833.65 
4210 1140.60 
4211 1479.15 
4212 987.32 
4213 959.91 
4214 869.40 
4215 1234.57 
4216 666.72 
4217 800.39 
4218 881.79 
4219 1018.25 
4220 896.00 
4221 1224.84 
4222 2872.02 
4223 552.25 
4224 1022.10 
4225 1360.40 
4226 738.92 
4227 1049.87 
4228 964.43 
4229 1087.67 
4230 1207.89 
4231 768.66 
4232 1021.14 
4233 643.96 
4234 697.33 
4235 1111.98 
4236 1044.30 
4237 1179.15 
4238 858.36 
4239 659.55 
4240 1291.43 
4241 1146.87 
4242 1017.36 
4243 1047.06 
4244 721.89 
4245 645.93 
4246 524.55 
4247 938.54 
4248 672.31 
4249 554.14 
4250 1111.63 
4251 987.07 
4252 751.24 
4253 1267.97 
4254 1189.94 
4255 837.93 
4256 1076.25 
4257 543.71 
4258 794.80 
4259 498.89 
4260 522.59 
4261 860.02 
4262 1026.16 
4263 1629.27 
4264 805.54 
4265 1109.73 
4266 890.53 
4267 844.41 
4268 813.02 
4269 994.91 
4270 1501.18 
4271 1156.85 
4272 680.87 
4273 1047.96 
4274 1037.57 
4275 1288.10 
4276 1392.44 
4277 788.83 
4278 1065.87 
4279 1153.29 
4280 973.06 
4281 850.63 
4282 711.52 
4283 990.87 
4284 933.73 
4285 748.18 
4286 1135.18 
4287 917.93 
4288 881.64 
4289 510.78 
4290 1621.30 
4291 521.38 
4292 671.43 
4293 1044.64 
4294 914.16 
4295 942.97 
4296 1057.58 
4297 916.68 
4298 847.94 
4299 939.78 
4300 929.32 
4301 960.40 
4302 764.12 
4303 1247.65 
4304 828.14 
4305 1322.94 
4306 905.50 
4307 950.57 
4308 746.80 
4309 869.13 
4310 728.15 
4311 1128.76 
4312 788.20 
4313 1127.97 
4314 940.24 
4315 819.45 
4316 822.36 
4317 948.09 
4318 1123.64 
4319 1195.72 
4320 892.16 
4321 756.61 
4322 1359.62 
4323 1047.46 
4324 755.85 
4325 902.56 
4326 1000.54 
4327 1376.74 
4328 879.68 
4329 1442.54 
4330 970.04 
4331 1265.88 
4332 687.52 
4333 1029.80 
4334 979.63 
4335 779.29 
4336 777.98 
4337 650.27 
4338 521.80 
4339 782.00 
4340 997.31 
4341 798.16 
4342 823.11 
4343 1541.11 
4344 679.78 
4345 850.25 
4346 810.76 
4347 951.70 
4348 1558.66 
4349 1734.41 
4350 876.44 
4351 937.77 
4352 469.40 
4353 977.18 
4354 757.01 
4355 1025.43 
4356 968.15 
4357 714.94 
4358 1184.77 
4359 933.60 
4360 964.38 
4361 997.21 
4362 949.24 
4363 831.96 
4364 796.20 
4365 1071.08 
4366 1003.69 
4367 708.03 
4368 1307.55 
4369 1027.46 
4370 966.42 
4371 1289.98 
4372 738.34 
4373 1352.29 
4374 1071.17 
4375 787.98 
4376 915.52 
4377 957.60 
4378 764.51 
4379 1659.62 
4380 1099.82 
4381 707.43 
4382 1040.71 
4383 1271.44 
4384 1210.77 
4385 938.90 
4386 805.16 
4387 1088.47 
4388 1030.12 
4389 911.91 
4390 1093.92 
4391 988.32 
4392 1070.15 
4393 842.04 
4394 1043.61 
4395 1296.77 
4396 786.78 
4397 987.24 
4398 928.42 
4399 1081.36 
4400 1295.36 
4401 1030.58 
4402 1135.34 
4403 1201.37 
4404 1274.66 
4405 1223.49 
4406 1342.78 
4407 792.78 
4408 857.09 
4409 939.04 
4410 511.85 
4411 927.60 
4412 990.21 
4413 1302.75 
4414 1157.94 
4415 1078.26 
4416 1744.30 
4417 1630.05 
4418 780.52 
4419 1120.57 
4420 911.72 
4421 1157.96 
4422 863.72 
4423 1015.65 
4424 868.23 
4425 1028.15 
4426 994.90 
4427 1259.86 
4428 968.13 
4429 1180.32 
4430 965.27 
4431 544.64 
4432 916.76 
4433 637.85 
4434 1063.93 
4435 1200.34 
4436 835.91 
4437 889.19 
4438 1238.18 
4439 1021.07 
4440 790.82 
4441 1153.92 
4442 1277.07 
4443 979.15 
