Seed 0:
0 -105.07 
1 -103.28 
2 -103.38 
3 -103.37 
4 -101.72 
5 -101.97 
6 -100.67 
7 -100.66 
8 -100.89 
9 -132.50 
10 -104.49 
11 -104.19 
12 -104.82 
13 -104.81 
14 -104.10 
15 -104.65 
16 -104.66 
17 -104.84 
18 -104.78 
19 -104.72 
20 -104.75 
21 -102.69 
22 -102.44 
23 -102.42 
24 -103.53 
25 -101.84 
26 -103.66 
27 -102.56 
28 -102.45 
29 -102.46 
30 -102.46 
31 -102.46 
32 -102.46 
33 -102.46 
34 -102.46 
35 -102.46 
36 -102.47 
37 -102.45 
38 -102.46 
39 -102.47 
40 -101.81 
41 -102.46 
42 -102.46 
43 -102.47 
44 -102.47 
45 -102.47 
46 -102.46 
47 -102.47 
48 -102.45 
49 -102.46 
50 -102.47 
51 -102.48 
52 -102.48 
53 -102.49 
54 -102.47 
55 -102.49 
56 -102.47 
57 -102.48 
58 -102.47 
59 -102.49 
60 -102.48 
61 -102.48 
62 -102.48 
63 -102.48 
64 -102.48 
65 -102.49 
66 -102.49 
67 -102.49 
68 -102.48 
69 -102.49 
70 -102.48 
71 -102.49 
72 -102.48 
73 -102.48 
74 -102.47 
75 -111.01 
76 -105.89 
77 -100.54 
78 -100.93 
79 -100.61 
80 -101.63 
81 -102.32 
82 -101.06 
83 -101.28 
84 -103.24 
85 -102.60 
86 -101.33 
87 -101.24 
88 -101.28 
89 -101.24 
90 -101.35 
91 -101.27 
92 -101.27 
93 -101.24 
94 -101.25 
95 -101.24 
96 -101.25 
97 -101.30 
98 -101.16 
99 -101.07 
100 -101.12 
101 -101.11 
102 -101.15 
103 -101.12 
104 -101.17 
105 -101.15 
106 -101.17 
107 -101.15 
108 -101.16 
109 -101.18 
110 -101.16 
111 -101.17 
112 -101.17 
113 -101.19 
114 -101.20 
115 -101.16 
116 -101.21 
117 -101.19 
118 -101.18 
119 -101.17 
120 -100.54 
121 -100.60 
122 -100.59 
123 -100.79 
124 -100.45 
125 -100.51 
126 -100.43 
127 -100.45 
128 -100.44 
129 -100.61 
130 -100.61 
131 -100.49 
132 -100.61 
133 -100.48 
134 -100.49 
135 -100.38 
136 -100.48 
137 -100.48 
138 -100.42 
139 -100.41 
140 -100.48 
141 -100.47 
142 -100.40 
143 -100.37 
144 -100.36 
145 -100.56 
146 -100.42 
147 -100.51 
148 -100.42 
149 -100.58 
150 -100.42 
151 -100.65 
152 -100.43 
153 -100.41 
154 -100.54 
155 -100.44 
156 -100.66 
157 -100.46 
158 -100.43 
159 -100.55 
160 -100.43 
161 -100.56 
162 -100.53 
163 -100.54 
164 -100.51 
165 -100.51 
166 -100.48 
167 -100.70 
168 -100.54 
169 -100.85 
170 -100.80 
171 -100.52 
172 -100.72 
173 -100.71 
174 -100.75 
175 -100.94 
176 -100.79 
177 -100.73 
178 -100.74 
179 -100.95 
180 -100.81 
181 -100.79 
182 -100.83 
183 -100.94 
184 -100.82 
185 -100.90 
186 -100.78 
187 -100.76 
188 -100.80 
189 -100.84 
190 -100.84 
191 -100.87 
192 -100.82 
193 -100.83 
194 -100.88 
195 -100.84 
196 -100.82 
197 -100.89 
198 -100.83 
199 -100.89 
200 -100.91 
201 -100.90 
202 -100.88 
203 -100.82 
204 -100.89 
205 -100.93 
206 -100.90 
207 -100.90 
208 -100.91 
209 -100.83 
210 -100.83 
211 -100.83 
212 -100.85 
213 -100.92 
214 -100.84 
215 -100.84 
216 -100.86 
217 -100.92 
218 -100.76 
219 -100.86 
220 -100.85 
221 -100.85 
222 -100.52 
223 -100.43 
224 -100.41 
225 -100.44 
226 -100.46 
227 -100.46 
228 -100.56 
229 -100.45 
230 -100.43 
231 -100.42 
232 -100.54 
233 -100.49 
234 -100.42 
235 -100.57 
236 -100.41 
237 -100.44 
238 -100.40 
239 -100.53 
240 -100.56 
241 -100.50 
242 -100.49 
243 -100.52 
244 -100.51 
245 -100.54 
246 -100.52 
247 -100.52 
248 -100.57 
249 -100.50 
250 -100.57 
251 -100.53 
252 -100.40 
253 -100.53 
254 -100.55 
255 -100.41 
256 -100.40 
257 -100.42 
258 -100.42 
259 -100.37 
260 -100.38 
261 -100.46 
262 -100.42 
263 -100.43 
264 -100.42 
265 -100.40 
266 -100.45 
267 -100.43 
268 -100.49 
269 -100.45 
270 -100.44 
271 -100.41 
272 -100.45 
273 -100.34 
274 -100.39 
275 -100.48 
276 -100.60 
277 -100.43 
278 -100.36 
279 -100.39 
280 -100.39 
281 -100.46 
282 -100.49 
283 -100.50 
284 -100.52 
285 -100.49 
286 -100.51 
287 -100.36 
288 -100.39 
289 -100.38 
290 -100.51 
291 -100.60 
292 -100.38 
293 -100.38 
294 -100.53 
295 -100.45 
296 -100.55 
297 -100.40 
298 -100.53 
299 -100.52 
300 -100.44 
301 -100.52 
302 -100.55 
303 -100.45 
304 -100.49 
305 -100.50 
306 -100.30 
307 -100.40 
308 -100.45 
309 -100.43 
310 -100.54 
311 -100.52 
312 -100.53 
313 -100.51 
314 -100.46 
315 -100.54 
316 -100.48 
317 -100.45 
318 -100.46 
319 -100.46 
320 -100.52 
321 -100.44 
322 -100.52 
323 -100.53 
324 -100.54 
325 -100.52 
326 -100.52 
327 -100.53 
328 -100.41 
329 -100.52 
330 -100.52 
331 -100.54 
332 -100.50 
333 -100.48 
334 -100.46 
335 -100.52 
336 -100.51 
337 -100.44 
338 -100.53 
339 -100.52 
340 -100.46 
341 -100.53 
342 -100.52 
343 -100.52 
344 -100.44 
345 -100.57 
346 -100.65 
347 -100.55 
348 -100.53 
349 -100.54 
350 -100.56 
351 -100.52 
352 -100.47 
353 -100.51 
354 -100.51 
355 -100.47 
356 -100.53 
357 -100.51 
358 -100.49 
359 -100.56 
360 -100.52 
361 -100.53 
362 -100.50 
363 -100.45 
364 -100.44 
365 -100.52 
366 -100.49 
367 -100.39 
368 -100.42 
369 -100.39 
370 -100.48 
371 -100.61 
372 -100.44 
373 -100.40 
374 -100.42 
375 -100.37 
376 -100.47 
377 -100.62 
378 -100.49 
379 -100.34 
380 -100.49 
381 -100.42 
382 -100.38 
383 -100.35 
384 -100.48 
385 -100.60 
386 -100.33 
387 -100.36 
388 -100.47 
389 -100.38 
390 -100.34 
391 -100.63 
392 -100.39 
393 -100.38 
394 -100.53 
395 -100.53 
396 -100.41 
397 -100.46 
398 -100.55 
399 -100.44 
400 -100.35 
401 -100.45 
402 -100.52 
403 -100.46 
404 -100.55 
405 -100.52 
406 -100.35 
407 -100.48 
408 -100.49 
409 -100.49 
410 -100.51 
411 -100.35 
412 -100.45 
413 -100.50 
414 -100.52 
415 -100.48 
416 -100.44 
417 -100.51 
418 -100.52 
419 -100.52 
420 -100.46 
421 -100.49 
422 -100.46 
423 -100.54 
424 -100.46 
425 -100.51 
426 -100.45 
427 -100.46 
428 -100.47 
429 -100.46 
430 -100.49 
431 -100.50 
432 -100.48 
433 -100.51 
434 -100.42 
435 -100.51 
436 -100.60 
437 -100.44 
438 -100.42 
439 -100.44 
440 -100.46 
441 -101.94 
442 -100.64 
443 -100.40 
444 -100.44 
445 -100.59 
446 -100.62 
447 -100.61 
448 -100.53 
449 -100.61 
450 -100.54 
451 -100.57 
452 -100.61 
453 -100.53 
454 -100.49 
455 -100.59 
456 -100.57 
457 -100.51 
458 -100.53 
459 -100.52 
460 -100.39 
461 -100.47 
462 -100.72 
463 -100.70 
464 -100.50 
465 -100.72 
466 -100.70 
467 -100.47 
468 -100.49 
469 -100.45 
470 -100.33 
471 -100.34 
472 -100.36 
473 -100.46 
474 -100.49 
475 -100.55 
476 -100.52 
477 -100.59 
478 -100.48 
479 -100.37 
480 -100.43 
481 -100.66 
482 -100.48 
483 -100.59 
484 -100.40 
485 -100.39 
486 -100.39 
487 -100.41 
488 -100.40 
489 -100.71 
490 -100.61 
491 -100.34 
492 -100.41 
493 -100.56 
494 -100.32 
495 -100.33 
496 -100.40 
497 -100.27 
498 -100.33 
499 -100.29 
500 -100.28 
501 -100.61 
502 -100.27 
503 -100.61 
504 -100.29 
505 -100.30 
506 -100.42 
507 -100.29 
508 -100.30 
509 -100.30 
510 -100.31 
511 -100.43 
512 -100.31 
513 -100.30 
514 -100.30 
515 -100.31 
516 -100.29 
517 -100.44 
518 -100.31 
519 -100.32 
520 -100.63 
521 -100.32 
522 -100.36 
523 -100.32 
524 -100.44 
525 -100.31 
526 -100.31 
527 -100.33 
528 -100.43 
529 -100.64 
530 -100.32 
531 -100.32 
532 -100.32 
533 -100.33 
534 -100.33 
535 -100.32 
536 -100.33 
537 -100.33 
538 -100.36 
539 -100.32 
540 -100.37 
541 -100.37 
542 -100.33 
543 -100.33 
544 -100.33 
545 -100.31 
546 -100.33 
547 -100.33 
548 -100.35 
549 -100.33 
550 -100.34 
551 -100.33 
552 -100.43 
553 -100.33 
554 -100.34 
555 -100.33 
556 -100.63 
557 -100.43 
558 -100.33 
559 -100.43 
560 -100.44 
561 -100.33 
562 -100.36 
563 -100.33 
564 -100.33 
565 -100.33 
566 -100.44 
567 -100.33 
568 -100.32 
569 -100.63 
570 -100.44 
571 -100.62 
572 -100.33 
573 -100.33 
574 -100.33 
575 -100.32 
576 -100.41 
577 -100.33 
578 -100.40 
579 -100.40 
580 -100.32 
581 -100.32 
582 -100.32 
583 -100.37 
584 -100.31 
585 -100.32 
586 -100.31 
587 -100.32 
588 -100.32 
589 -100.30 
590 -100.30 
591 -100.30 
592 -100.29 
593 -100.29 
594 -100.30 
595 -100.30 
596 -100.19 
597 -100.23 
598 -100.26 
599 -100.30 
600 -100.26 
601 -100.29 
602 -100.18 
603 -100.11 
604 -100.28 
605 -100.28 
606 -100.27 
607 -100.29 
608 -100.13 
609 -100.23 
610 -99.98 
611 -100.12 
612 -99.94 
613 -100.05 
614 -100.23 
615 -100.00 
616 -100.25 
617 -99.98 
618 -100.02 
619 -99.98 
620 -100.00 
621 -99.99 
622 -99.98 
623 -100.25 
624 -100.01 
625 -100.00 
626 -100.02 
627 -100.01 
628 -100.01 
629 -100.02 
630 -100.01 
631 -100.02 
632 -100.03 
633 -100.03 
634 -100.01 
635 -100.03 
636 -100.27 
637 -100.05 
638 -100.01 
639 -99.97 
640 -100.20 
641 -100.03 
642 -100.00 
643 -100.01 
644 -100.06 
645 -100.02 
646 -100.04 
647 -100.04 
648 -100.04 
649 -100.05 
650 -100.20 
651 -100.19 
652 -99.99 
653 -100.05 
654 -100.05 
655 -99.98 
656 -100.03 
657 -100.04 
658 -100.18 
659 -100.19 
660 -100.04 
661 -100.24 
662 -100.21 
663 -100.25 
664 -100.04 
665 -100.23 
666 -100.24 
667 -100.02 
668 -100.05 
669 -100.04 
670 -100.05 
671 -100.23 
672 -100.24 
673 -100.05 
674 -100.04 
675 -100.25 
676 -100.04 
677 -100.02 
678 -100.03 
679 -100.24 
680 -100.02 
681 -100.05 
682 -100.06 
683 -100.04 
684 -100.03 
685 -100.01 
686 -100.24 
687 -100.04 
688 -100.03 
689 -99.98 
690 -100.00 
691 -100.23 
692 -100.04 
693 -100.00 
694 -100.02 
695 -99.97 
696 -100.24 
697 -100.00 
698 -100.24 
699 -100.23 
700 -100.24 
701 -100.00 
702 -100.02 
703 -100.01 
704 -100.01 
705 -100.00 
706 -100.01 
707 -100.02 
708 -100.03 
709 -100.01 
710 -100.01 
711 -100.01 
712 -100.22 
713 -100.01 
714 -100.02 
715 -100.00 
716 -100.01 
717 -100.01 
718 -99.99 
719 -100.01 
720 -100.19 
721 -100.01 
722 -100.03 
723 -99.99 
724 -100.00 
725 -100.05 
726 -100.01 
727 -100.02 
728 -99.94 
729 -99.98 
730 -99.97 
731 -100.00 
732 -100.00 
733 -99.98 
734 -99.97 
735 -99.98 
736 -99.96 
737 -99.97 
738 -99.97 
739 -99.94 
740 -100.00 
741 -99.97 
742 -99.97 
743 -99.83 
744 -99.94 
745 -99.97 
746 -99.98 
747 -99.94 
748 -99.94 
749 -99.96 
750 -99.92 
751 -99.95 
752 -99.94 
753 -99.92 
754 -99.93 
755 -99.78 
756 -99.74 
757 -99.95 
758 -99.90 
759 -99.76 
760 -99.94 
761 -99.96 
762 -99.95 
763 -99.86 
764 -99.92 
765 -99.90 
766 -99.76 
767 -99.95 
768 -99.73 
769 -99.74 
770 -99.84 
771 -99.93 
772 -99.90 
773 -99.93 
774 -99.75 
775 -99.73 
776 -99.74 
777 -99.77 
778 -99.74 
779 -99.73 
780 -99.76 
781 -99.69 
782 -99.73 
783 -99.74 
784 -99.74 
785 -99.76 
786 -99.75 
787 -99.74 
788 -99.74 
789 -99.72 
790 -99.92 
791 -99.76 
792 -99.74 
793 -99.72 
794 -99.92 
795 -99.75 
796 -99.76 
797 -99.91 
798 -99.75 
799 -99.94 
800 -99.73 
801 -99.73 
802 -99.75 
803 -99.76 
804 -99.72 
805 -99.72 
806 -99.72 
807 -99.94 
808 -99.93 
809 -99.75 
810 -99.69 
811 -99.70 
812 -99.71 
813 -99.71 
814 -99.94 
815 -99.72 
816 -99.95 
817 -99.74 
818 -99.73 
819 -99.71 
820 -99.72 
821 -99.78 
822 -99.75 
823 -99.95 
824 -99.75 
825 -99.78 
826 -99.71 
827 -99.75 
828 -99.95 
829 -99.73 
830 -99.94 
831 -99.75 
832 -99.94 
833 -99.76 
834 -99.73 
835 -99.74 
836 -99.74 
837 -99.76 
838 -99.74 
839 -99.75 
840 -99.76 
841 -99.96 
842 -99.76 
843 -99.95 
844 -99.78 
845 -99.77 
846 -99.77 
847 -99.95 
848 -99.74 
849 -99.95 
850 -99.76 
851 -99.75 
852 -99.76 
853 -99.95 
854 -99.75 
855 -99.74 
856 -99.76 
857 -99.94 
858 -99.94 
859 -99.95 
860 -99.76 
861 -99.73 
862 -99.93 
863 -99.76 
864 -99.76 
865 -99.76 
866 -99.76 
867 -99.75 
868 -99.75 
869 -99.92 
870 -99.77 
871 -99.75 
872 -99.93 
873 -99.74 
874 -99.93 
875 -99.76 
876 -99.80 
877 -99.75 
878 -99.91 
879 -99.74 
880 -99.75 
881 -99.71 
882 -99.75 
883 -99.73 
884 -99.74 
885 -99.80 
886 -99.73 
887 -99.73 
888 -99.93 
889 -99.96 
890 -99.75 
891 -99.80 
892 -99.94 
893 -99.72 
894 -99.76 
895 -99.79 
896 -99.79 
897 -99.94 
898 -99.74 
899 -99.71 
900 -99.94 
901 -99.78 
902 -99.73 
903 -99.75 
904 -99.71 
905 -99.80 
906 -99.76 
907 -99.80 
908 -99.78 
909 -99.79 
910 -99.80 
911 -99.70 
912 -99.78 
913 -99.78 
914 -99.72 
915 -99.74 
916 -99.75 
917 -99.96 
918 -99.77 
919 -99.77 
920 -99.76 
921 -99.75 
922 -99.80 
923 -99.95 
924 -99.76 
925 -99.78 
926 -99.77 
927 -99.96 
928 -99.94 
929 -99.79 
930 -99.78 
931 -99.79 
932 -99.78 
933 -99.79 
934 -99.78 
935 -99.78 
936 -99.80 
937 -99.77 
938 -99.95 
939 -99.95 
940 -99.77 
941 -99.79 
942 -99.76 
943 -99.79 
944 -99.73 
945 -99.93 
946 -99.77 
947 -99.76 
948 -99.80 
949 -99.78 
950 -99.95 
951 -99.78 
952 -99.79 
953 -99.79 
954 -99.79 
955 -99.79 
956 -99.70 
957 -99.77 
958 -99.75 
959 -99.79 
960 -99.78 
961 -99.78 
962 -99.79 
963 -99.92 
964 -99.79 
965 -99.76 
966 -99.73 
967 -99.92 
968 -99.79 
969 -99.75 
970 -99.73 
971 -99.75 
972 -99.77 
973 -99.73 
974 -99.77 
975 -99.73 
976 -99.77 
977 -99.77 
978 -99.77 
979 -99.77 
980 -99.92 
981 -99.89 
982 -99.77 
983 -99.78 
984 -99.76 
985 -99.76 
986 -99.75 
987 -99.77 
988 -99.75 
989 -99.75 
990 -99.75 
991 -99.76 
992 -99.76 
993 -99.74 
994 -99.78 
995 -99.74 
996 -99.79 
997 -99.77 
998 -99.76 
999 -99.75 
1000 -99.76 
1001 -99.75 
1002 -99.88 
1003 -99.76 
1004 -99.76 
1005 -99.74 
1006 -99.72 
1007 -99.77 
1008 -99.76 
1009 -99.82 
1010 -99.73 
1011 -99.74 
1012 -99.72 
1013 -99.77 
1014 -99.77 
1015 -99.71 
1016 -99.78 
1017 -99.78 
1018 -99.77 
1019 -99.77 
1020 -99.76 
1021 -99.73 
1022 -99.75 
1023 -99.78 
1024 -99.74 
1025 -99.73 
1026 -99.75 
1027 -99.77 
1028 -99.72 
1029 -99.78 
1030 -99.77 
1031 -99.74 
1032 -99.75 
1033 -99.79 
1034 -99.71 
1035 -99.70 
1036 -99.76 
1037 -99.73 
1038 -99.72 
1039 -99.76 
1040 -99.79 
1041 -99.75 
1042 -99.78 
1043 -99.73 
1044 -99.69 
1045 -99.78 
1046 -99.66 
1047 -99.77 
1048 -99.75 
1049 -99.75 
1050 -99.75 
1051 -99.75 
1052 -99.75 
1053 -99.72 
1054 -99.75 
1055 -99.68 
1056 -99.71 
1057 -99.69 
1058 -99.71 
1059 -99.68 
1060 -99.74 
1061 -99.59 
1062 -99.72 
1063 -99.73 
1064 -99.70 
1065 -99.72 
1066 -99.69 
1067 -99.78 
1068 -99.69 
1069 -99.68 
1070 -99.78 
1071 -99.70 
1072 -99.74 
1073 -99.75 
1074 -99.78 
1075 -99.78 
1076 -99.79 
1077 -99.70 
1078 -99.76 
1079 -99.60 
1080 -99.64 
1081 -99.66 
1082 -99.76 
1083 -99.79 
1084 -99.63 
1085 -99.77 
1086 -99.78 
1087 -99.74 
1088 -99.77 
1089 -99.76 
1090 -99.61 
1091 -99.65 
1092 -99.61 
1093 -99.77 
1094 -99.61 
1095 -99.74 
1096 -99.65 
1097 -99.62 
1098 -99.79 
1099 -99.78 
1100 -99.77 
1101 -99.56 
1102 -99.63 
1103 -99.62 
1104 -99.77 
1105 -99.77 
1106 -99.63 
1107 -99.62 
1108 -99.61 
1109 -99.74 
1110 -99.72 
1111 -99.66 
1112 -99.61 
1113 -99.63 
1114 -99.61 
1115 -99.64 
1116 -99.63 
1117 -99.76 
1118 -99.63 
1119 -99.62 
1120 -99.77 
1121 -99.61 
1122 -99.61 
1123 -99.59 
1124 -99.77 
1125 -99.76 
1126 -99.62 
1127 -99.76 
1128 -99.79 
1129 -99.79 
1130 -99.60 
1131 -99.61 
1132 -99.64 
1133 -99.64 
1134 -99.63 
1135 -99.58 
1136 -99.75 
1137 -99.62 
1138 -99.59 
1139 -99.60 
1140 -99.78 
1141 -99.61 
1142 -99.65 
1143 -99.63 
1144 -99.60 
1145 -99.60 
1146 -99.63 
1147 -99.63 
1148 -99.61 
1149 -99.61 
1150 -99.76 
1151 -99.56 
1152 -99.62 
1153 -99.61 
1154 -99.62 
1155 -99.61 
1156 -99.64 
1157 -99.77 
1158 -99.62 
1159 -99.61 
1160 -99.62 
1161 -99.62 
1162 -99.77 
1163 -99.66 
1164 -99.65 
1165 -99.63 
1166 -99.62 
1167 -99.76 
1168 -99.75 
1169 -99.80 
1170 -99.66 
1171 -99.64 
1172 -99.67 
1173 -99.62 
1174 -99.62 
1175 -99.56 
1176 -99.63 
1177 -99.61 
1178 -99.78 
1179 -99.67 
1180 -99.63 
1181 -99.75 
1182 -99.63 
1183 -99.63 
1184 -99.63 
1185 -99.64 
1186 -99.75 
1187 -99.62 
1188 -99.60 
1189 -99.67 
1190 -99.67 
1191 -99.62 
1192 -99.63 
1193 -99.63 
1194 -99.61 
1195 -99.67 
1196 -99.66 
1197 -99.77 
1198 -99.74 
1199 -99.62 
1200 -99.59 
1201 -99.67 
1202 -99.77 
1203 -99.76 
1204 -99.68 
1205 -99.67 
1206 -99.68 
1207 -99.76 
1208 -99.64 
1209 -99.63 
1210 -99.64 
1211 -99.62 
1212 -99.60 
1213 -99.61 
1214 -99.61 
1215 -99.75 
1216 -99.61 
1217 -99.61 
1218 -99.77 
1219 -99.67 
1220 -99.77 
1221 -99.77 
1222 -99.77 
1223 -99.62 
1224 -99.64 
1225 -99.63 
1226 -99.60 
1227 -99.62 
1228 -99.63 
1229 -99.67 
1230 -99.67 
1231 -99.66 
1232 -99.63 
1233 -99.63 
1234 -99.63 
1235 -99.62 
1236 -99.68 
1237 -99.77 
1238 -99.61 
1239 -99.62 
1240 -99.63 
1241 -99.59 
1242 -99.77 
1243 -99.68 
1244 -99.62 
1245 -99.62 
1246 -99.67 
1247 -99.77 
1248 -99.76 
1249 -99.64 
1250 -99.68 
1251 -99.77 
1252 -99.68 
1253 -99.64 
1254 -99.68 
1255 -99.77 
1256 -99.75 
1257 -99.64 
1258 -99.67 
1259 -99.67 
1260 -99.76 
1261 -99.68 
1262 -99.61 
1263 -99.58 
1264 -99.67 
1265 -99.63 
1266 -99.60 
1267 -99.74 
1268 -99.77 
1269 -99.63 
1270 -99.64 
1271 -99.57 
1272 -99.63 
1273 -99.68 
1274 -99.68 
1275 -99.62 
1276 -99.68 
1277 -99.62 
1278 -99.67 
1279 -99.62 
1280 -99.77 
1281 -99.62 
1282 -99.62 
1283 -99.67 
1284 -99.68 
1285 -99.61 
1286 -99.61 
1287 -99.76 
1288 -99.64 
1289 -99.62 
1290 -99.80 
1291 -99.67 
1292 -99.67 
1293 -99.67 
1294 -99.64 
1295 -99.59 
1296 -99.68 
1297 -99.62 
1298 -99.65 
1299 -99.71 
1300 -99.69 
1301 -99.58 
1302 -99.77 
1303 -99.63 
1304 -99.76 
1305 -99.68 
1306 -99.68 
1307 -99.68 
1308 -99.74 
1309 -99.68 
1310 -99.57 
1311 -99.68 
1312 -99.63 
1313 -99.68 
1314 -99.62 
1315 -99.75 
1316 -99.67 
1317 -99.64 
1318 -99.62 
1319 -99.68 
1320 -99.68 
1321 -99.75 
1322 -99.58 
1323 -99.76 
1324 -99.76 
1325 -99.68 
1326 -99.62 
1327 -99.74 
1328 -99.62 
1329 -99.64 
1330 -99.67 
1331 -99.68 
1332 -99.62 
1333 -99.64 
1334 -99.69 
1335 -99.64 
1336 -99.61 
1337 -99.64 
1338 -99.68 
1339 -99.67 
1340 -99.62 
1341 -99.64 
1342 -99.68 
1343 -99.64 
1344 -99.62 
1345 -99.69 
1346 -99.68 
1347 -99.69 
1348 -99.75 
1349 -99.78 
1350 -99.78 
1351 -99.63 
1352 -99.68 
1353 -99.69 
1354 -99.62 
1355 -99.67 
1356 -99.68 
1357 -99.63 
1358 -99.67 
1359 -99.62 
1360 -99.68 
1361 -99.63 
1362 -99.78 
1363 -99.62 
1364 -99.64 
1365 -99.67 
1366 -99.60 
1367 -99.78 
1368 -99.63 
1369 -99.62 
1370 -99.69 
1371 -99.68 
1372 -99.68 
1373 -99.68 
1374 -99.64 
1375 -99.67 
1376 -99.62 
1377 -99.77 
1378 -99.64 
1379 -99.77 
1380 -99.64 
1381 -99.78 
1382 -99.64 
1383 -99.64 
1384 -99.64 
1385 -99.78 
1386 -99.67 
1387 -99.77 
1388 -99.78 
1389 -99.64 
1390 -99.64 
1391 -99.64 
1392 -99.64 
1393 -99.64 
1394 -99.64 
1395 -99.64 
1396 -99.64 
1397 -99.69 
1398 -99.63 
1399 -99.78 
1400 -99.62 
1401 -99.64 
1402 -99.68 
1403 -99.77 
1404 -99.63 
1405 -99.63 
1406 -99.65 
1407 -99.59 
1408 -99.68 
1409 -99.69 
1410 -99.63 
1411 -99.62 
1412 -99.63 
1413 -99.69 
1414 -99.78 
1415 -99.63 
1416 -99.78 
1417 -99.77 
1418 -99.63 
1419 -99.68 
1420 -99.68 
1421 -99.64 
1422 -99.77 
1423 -99.78 
1424 -99.63 
1425 -99.62 
1426 -99.77 
1427 -99.77 
1428 -99.64 
1429 -99.62 
1430 -99.78 
1431 -99.64 
1432 -99.64 
1433 -99.77 
1434 -99.68 
1435 -99.68 
1436 -99.77 
1437 -99.63 
1438 -99.62 
1439 -99.68 
1440 -99.62 
1441 -99.67 
1442 -99.64 
1443 -99.67 
1444 -99.63 
1445 -99.63 
1446 -99.64 
1447 -99.62 
1448 -99.78 
1449 -99.62 
1450 -99.67 
1451 -99.63 
1452 -99.68 
1453 -99.69 
1454 -99.64 
1455 -99.67 
1456 -99.63 
1457 -99.64 
1458 -99.64 
1459 -99.63 
1460 -99.68 
1461 -99.58 
1462 -99.78 
1463 -99.60 
1464 -99.64 
1465 -99.69 
1466 -99.64 
1467 -99.64 
1468 -99.65 
1469 -99.67 
1470 -99.63 
1471 -99.63 
1472 -99.69 
1473 -99.67 
1474 -99.68 
1475 -99.64 
1476 -99.64 
1477 -99.64 
1478 -99.68 
1479 -99.64 
1480 -99.63 
1481 -99.68 
1482 -99.63 
1483 -99.69 
1484 -99.77 
1485 -99.68 
1486 -99.68 
1487 -99.64 
1488 -99.64 
1489 -99.62 
1490 -99.69 
1491 -99.65 
1492 -99.64 
1493 -99.78 
1494 -99.68 
1495 -99.64 
1496 -99.78 
1497 -99.78 
1498 -99.69 
1499 -99.63 
1500 -99.68 
1501 -99.64 
1502 -99.64 
1503 -99.62 
1504 -99.68 
1505 -99.64 
1506 -99.64 
1507 -99.65 
1508 -99.78 
1509 -99.59 
1510 -99.68 
1511 -99.63 
1512 -99.62 
1513 -99.62 
1514 -99.76 
1515 -99.63 
1516 -99.68 
1517 -99.62 
1518 -99.77 
1519 -99.67 
1520 -99.63 
1521 -99.67 
1522 -99.78 
1523 -99.77 
1524 -99.69 
1525 -99.63 
1526 -99.63 
1527 -99.64 
1528 -99.63 
1529 -99.68 
1530 -99.67 
1531 -99.67 
1532 -99.63 
1533 -99.67 
1534 -99.65 
1535 -99.64 
1536 -99.78 
1537 -99.64 
1538 -99.78 
1539 -99.68 
1540 -99.68 
1541 -99.69 
1542 -99.64 
1543 -99.78 
1544 -99.69 
1545 -99.64 
1546 -99.63 
1547 -99.63 
1548 -99.63 
1549 -99.64 
1550 -99.78 
1551 -99.63 
1552 -99.64 
1553 -99.68 
1554 -99.78 
1555 -99.78 
1556 -99.69 
1557 -99.78 
1558 -99.63 
1559 -99.62 
1560 -99.65 
1561 -99.63 
1562 -99.63 
1563 -99.62 
1564 -99.68 
1565 -99.68 
1566 -99.64 
1567 -99.64 
1568 -99.63 
1569 -99.65 
1570 -99.63 
1571 -99.64 
1572 -99.63 
1573 -99.69 
1574 -99.64 
1575 -99.64 
1576 -99.62 
1577 -99.68 
1578 -99.67 
1579 -99.67 
1580 -99.62 
1581 -99.62 
1582 -99.68 
1583 -99.64 
1584 -99.63 
1585 -99.64 
1586 -99.77 
1587 -99.65 
1588 -99.64 
1589 -99.68 
1590 -99.63 
1591 -99.63 
1592 -99.64 
1593 -99.68 
1594 -99.62 
1595 -99.61 
1596 -99.59 
1597 -99.63 
1598 -99.67 
1599 -99.62 
1600 -99.63 
1601 -99.69 
1602 -99.61 
1603 -99.63 
1604 -99.64 
1605 -99.69 
1606 -99.64 
1607 -99.65 
1608 -99.64 
1609 -99.77 
1610 -99.63 
1611 -99.63 
1612 -99.63 
1613 -99.68 
1614 -99.64 
1615 -99.76 
1616 -99.64 
1617 -99.76 
1618 -99.65 
1619 -99.63 
1620 -99.64 
1621 -99.61 
1622 -99.78 
1623 -99.64 
1624 -99.77 
1625 -99.69 
1626 -99.68 
1627 -99.62 
1628 -99.65 
1629 -99.62 
1630 -99.64 
1631 -99.67 
1632 -99.62 
1633 -99.63 
1634 -99.63 
1635 -99.64 
1636 -99.69 
1637 -99.65 
1638 -99.63 
1639 -99.64 
1640 -99.77 
1641 -99.68 
1642 -99.63 
1643 -99.63 
1644 -99.63 
1645 -99.69 
1646 -99.68 
1647 -99.63 
1648 -99.67 
1649 -99.69 
1650 -99.68 
1651 -99.64 
1652 -99.62 
1653 -99.62 
1654 -99.69 
1655 -99.62 
1656 -99.62 
1657 -99.69 
1658 -99.64 
1659 -99.67 
1660 -99.69 
1661 -99.62 
1662 -99.68 
1663 -99.65 
1664 -99.64 
1665 -99.62 
1666 -99.77 
1667 -99.62 
1668 -99.62 
1669 -99.61 
1670 -99.65 
1671 -99.64 
1672 -99.77 
1673 -99.67 
1674 -99.69 
1675 -99.62 
1676 -99.67 
1677 -99.69 
1678 -99.76 
1679 -99.63 
1680 -99.77 
1681 -99.69 
1682 -99.69 
1683 -99.63 
1684 -99.65 
1685 -99.64 
1686 -99.77 
1687 -99.69 
1688 -99.77 
1689 -99.68 
1690 -99.68 
1691 -99.63 
1692 -99.67 
1693 -99.63 
1694 -99.64 
1695 -99.68 
1696 -99.65 
1697 -99.63 
1698 -99.68 
1699 -99.63 
1700 -99.68 
1701 -99.64 
1702 -99.65 
1703 -99.75 
1704 -99.68 
1705 -99.68 
1706 -99.67 
1707 -99.62 
1708 -99.77 
1709 -99.63 
1710 -99.77 
1711 -99.68 
1712 -99.69 
1713 -99.63 
1714 -99.63 
1715 -99.63 
1716 -99.77 
1717 -99.61 
1718 -99.64 
1719 -99.69 
1720 -99.69 
1721 -99.68 
1722 -99.62 
1723 -99.64 
1724 -99.77 
1725 -99.68 
1726 -99.68 
1727 -99.64 
1728 -99.69 
1729 -99.77 
1730 -99.63 
1731 -99.65 
1732 -99.63 
1733 -99.77 
1734 -99.77 
1735 -99.64 
1736 -99.67 
1737 -99.67 
1738 -99.64 
1739 -99.63 
1740 -99.62 
1741 -99.78 
1742 -99.68 
1743 -99.64 
1744 -99.76 
1745 -99.62 
1746 -99.64 
1747 -99.64 
1748 -99.62 
1749 -99.64 
1750 -99.63 
1751 -99.64 
1752 -99.63 
1753 -99.68 
1754 -99.67 
1755 -99.64 
1756 -99.76 
1757 -99.62 
1758 -99.67 
1759 -99.78 
1760 -99.77 
1761 -99.63 
1762 -99.65 
1763 -99.63 
1764 -99.69 
1765 -99.68 
1766 -99.62 
1767 -99.64 
1768 -99.77 
1769 -99.63 
1770 -99.77 
1771 -99.63 
1772 -99.68 
1773 -99.64 
1774 -99.69 
1775 -99.63 
1776 -99.65 
1777 -99.68 
1778 -99.64 
1779 -99.62 
1780 -99.68 
1781 -99.60 
1782 -99.69 
1783 -99.77 
1784 -99.67 
1785 -99.68 
1786 -99.68 
1787 -99.62 
1788 -99.76 
1789 -99.68 
1790 -99.64 
1791 -99.68 
1792 -99.64 
1793 -99.68 
1794 -99.78 
1795 -99.62 
1796 -99.65 
1797 -99.61 
1798 -99.64 
1799 -99.64 
1800 -99.69 
1801 -99.68 
1802 -99.76 
1803 -99.76 
1804 -99.76 
1805 -99.76 
1806 -99.69 
1807 -99.65 
1808 -99.69 
1809 -99.68 
1810 -99.68 
1811 -99.64 
1812 -99.63 
1813 -99.78 
1814 -99.77 
1815 -99.62 
1816 -99.68 
1817 -99.63 
1818 -99.67 
1819 -99.63 
1820 -99.68 
1821 -99.78 
1822 -99.63 
1823 -99.69 
1824 -99.68 
1825 -99.63 
1826 -99.63 
1827 -99.65 
1828 -99.69 
1829 -99.78 
1830 -99.61 
1831 -99.77 
1832 -99.63 
1833 -99.76 
1834 -99.63 
1835 -99.64 
1836 -99.77 
1837 -99.77 
1838 -99.63 
1839 -99.62 
1840 -99.69 
1841 -99.77 
1842 -99.77 
1843 -99.69 
1844 -99.65 
1845 -99.63 
1846 -99.64 
1847 -99.61 
1848 -99.69 
1849 -99.67 
1850 -99.63 
1851 -99.68 
1852 -99.64 
1853 -99.68 
1854 -99.64 
1855 -99.67 
1856 -99.78 
1857 -99.64 
1858 -99.69 
1859 -99.67 
1860 -99.61 
1861 -99.65 
1862 -99.64 
1863 -99.68 
1864 -99.68 
1865 -99.68 
1866 -99.68 
1867 -99.76 
1868 -99.64 
1869 -99.64 
1870 -99.69 
1871 -99.68 
1872 -99.63 
1873 -99.68 
1874 -99.65 
1875 -99.63 
1876 -99.78 
1877 -99.64 
1878 -99.64 
1879 -99.68 
1880 -99.66 
1881 -99.75 
1882 -99.62 
1883 -99.67 
1884 -99.65 
1885 -99.63 
1886 -99.63 
1887 -99.62 
1888 -99.63 
1889 -99.62 
1890 -99.64 
1891 -99.69 
1892 -99.76 
1893 -99.64 
1894 -99.68 
1895 -99.77 
1896 -99.63 
1897 -99.67 
1898 -99.64 
1899 -99.68 
1900 -99.63 
1901 -99.77 
1902 -99.68 
1903 -99.63 
1904 -99.76 
1905 -99.77 
1906 -99.69 
1907 -99.66 
1908 -99.68 
1909 -99.65 
1910 -99.77 
1911 -99.68 
1912 -99.68 
1913 -99.68 
1914 -99.67 
1915 -99.76 
1916 -99.64 
1917 -99.65 
1918 -99.68 
1919 -99.77 
1920 -99.66 
1921 -99.77 
1922 -99.78 
1923 -99.69 
1924 -99.63 
1925 -99.76 
1926 -99.65 
1927 -99.64 
1928 -99.67 
1929 -99.64 
1930 -99.64 
1931 -99.75 
1932 -99.76 
1933 -99.64 
1934 -99.65 
1935 -99.68 
1936 -99.68 
1937 -99.64 
1938 -99.65 
1939 -99.67 
1940 -99.65 
1941 -99.65 
1942 -99.69 
1943 -99.68 
1944 -99.76 
1945 -99.63 
1946 -99.68 
1947 -99.63 
1948 -99.62 
1949 -99.76 
1950 -99.65 
1951 -99.67 
1952 -99.62 
1953 -99.69 
1954 -99.77 
1955 -99.77 
1956 -99.63 
1957 -99.69 
1958 -99.69 
1959 -99.64 
1960 -99.65 
1961 -99.63 
1962 -99.64 
1963 -99.63 
1964 -99.77 
1965 -99.68 
1966 -99.75 
1967 -99.62 
1968 -99.76 
1969 -99.65 
1970 -99.64 
1971 -99.63 
1972 -99.68 
1973 -99.65 
1974 -99.65 
1975 -99.68 
1976 -99.67 
1977 -99.67 
1978 -99.64 
1979 -99.64 
1980 -99.64 
1981 -99.76 
1982 -99.64 
1983 -99.65 
1984 -99.64 
1985 -99.63 
1986 -99.64 
1987 -99.69 
1988 -99.65 
1989 -99.65 
1990 -99.65 
1991 -99.63 
1992 -99.76 
1993 -99.68 
1994 -99.68 
1995 -99.65 
1996 -99.64 
1997 -99.69 
1998 -99.69 
1999 -99.77 
2000 -99.77 
2001 -99.60 
2002 -99.76 
2003 -99.65 
2004 -99.65 
2005 -99.69 
2006 -99.69 
2007 -99.64 
2008 -99.67 
2009 -99.64 
2010 -99.69 
2011 -99.67 
2012 -99.63 
2013 -99.67 
2014 -99.77 
2015 -99.63 
2016 -99.77 
2017 -99.63 
2018 -99.69 
2019 -99.64 
2020 -99.76 
2021 -99.63 
2022 -99.77 
2023 -99.67 
2024 -99.68 
2025 -99.63 
2026 -99.64 
2027 -99.75 
2028 -99.61 
2029 -99.68 
2030 -99.69 
2031 -99.64 
2032 -99.77 
2033 -99.63 
2034 -99.64 
2035 -99.65 
2036 -99.76 
2037 -99.65 
2038 -99.65 
2039 -99.76 
2040 -99.65 
2041 -99.69 
2042 -99.77 
2043 -99.75 
2044 -99.63 
2045 -99.67 
2046 -99.63 
2047 -99.65 
2048 -99.64 
2049 -99.69 
2050 -99.67 
2051 -99.62 
2052 -99.63 
2053 -99.77 
2054 -99.68 
2055 -99.68 
2056 -99.68 
2057 -99.63 
2058 -99.75 
2059 -99.69 
2060 -99.76 
2061 -99.63 
2062 -99.68 
2063 -99.69 
2064 -99.67 
2065 -99.61 
2066 -99.63 
2067 -99.61 
2068 -99.77 
2069 -99.64 
2070 -99.77 
2071 -99.67 
2072 -99.75 
2073 -99.64 
2074 -99.67 
2075 -99.65 
2076 -99.64 
2077 -99.65 
2078 -99.63 
2079 -99.77 
2080 -99.77 
2081 -99.65 
2082 -99.76 
2083 -99.77 
2084 -99.76 
2085 -99.62 
2086 -99.76 
2087 -99.61 
2088 -99.68 
2089 -99.65 
2090 -99.68 
2091 -99.68 
2092 -99.68 
2093 -99.67 
2094 -99.78 
2095 -99.64 
2096 -99.78 
2097 -99.68 
2098 -99.65 
2099 -99.64 
2100 -99.76 
2101 -99.62 
2102 -99.68 
2103 -99.64 
2104 -99.68 
2105 -99.69 
2106 -99.65 
2107 -99.68 
2108 -99.77 
2109 -99.64 
2110 -99.65 
2111 -99.67 
2112 -99.69 
2113 -99.68 
2114 -99.66 
2115 -99.66 
2116 -99.69 
2117 -99.77 
2118 -99.69 
2119 -99.68 
2120 -99.66 
2121 -99.65 
2122 -99.66 
2123 -99.62 
2124 -99.63 
2125 -99.60 
2126 -99.65 
2127 -99.63 
2128 -99.63 
2129 -99.69 
2130 -99.76 
2131 -99.63 
2132 -99.61 
2133 -99.65 
2134 -99.68 
2135 -99.76 
2136 -99.75 
2137 -99.64 
2138 -99.59 
2139 -99.69 
2140 -99.65 
2141 -99.69 
2142 -99.68 
2143 -99.69 
2144 -99.63 
2145 -99.66 
2146 -99.59 
2147 -99.63 
2148 -99.63 
2149 -99.63 
2150 -99.67 
2151 -99.67 
2152 -99.76 
2153 -99.61 
2154 -99.68 
2155 -99.63 
2156 -99.68 
2157 -99.65 
2158 -99.60 
2159 -99.65 
2160 -99.63 
2161 -99.65 
2162 -99.77 
2163 -99.62 
2164 -99.62 
2165 -99.69 
2166 -99.59 
2167 -99.69 
2168 -99.62 
2169 -99.66 
2170 -99.64 
2171 -99.76 
2172 -99.77 
2173 -99.65 
2174 -99.66 
2175 -99.60 
2176 -99.69 
2177 -99.61 
2178 -99.63 
2179 -99.60 
2180 -99.66 
2181 -99.66 
2182 -99.67 
2183 -99.60 
2184 -99.65 
2185 -99.76 
2186 -99.69 
2187 -99.68 
2188 -99.77 
2189 -99.68 
2190 -99.64 
2191 -99.67 
2192 -99.77 
2193 -99.68 
2194 -99.65 
2195 -99.63 
2196 -99.63 
2197 -99.78 
2198 -99.61 
2199 -99.68 
2200 -99.64 
2201 -99.61 
2202 -99.78 
2203 -99.64 
2204 -99.62 
2205 -99.64 
2206 -99.79 
2207 -99.65 
2208 -99.78 
2209 -99.69 
2210 -99.63 
2211 -99.66 
2212 -99.61 
2213 -99.66 
2214 -99.65 
2215 -99.59 
2216 -99.76 
2217 -99.62 
2218 -99.61 
2219 -99.67 
2220 -99.60 
2221 -99.69 
2222 -99.62 
2223 -99.66 
2224 -99.61 
2225 -99.63 
2226 -99.62 
2227 -99.63 
2228 -99.63 
2229 -99.66 
2230 -99.77 
2231 -99.68 
2232 -99.62 
2233 -99.61 
2234 -99.61 
2235 -99.76 
2236 -99.62 
2237 -99.69 
2238 -99.65 
2239 -99.63 
2240 -99.69 
2241 -99.63 
2242 -99.78 
2243 -99.74 
2244 -99.66 
2245 -99.65 
2246 -99.76 
2247 -99.63 
2248 -99.64 
2249 -99.66 
2250 -99.68 
2251 -99.69 
2252 -99.76 
2253 -99.75 
2254 -99.68 
2255 -99.65 
2256 -99.64 
2257 -99.76 
2258 -99.62 
2259 -99.76 
2260 -99.66 
2261 -99.63 
2262 -99.68 
2263 -99.65 
2264 -99.67 
2265 -99.61 
2266 -99.69 
2267 -99.67 
2268 -99.63 
2269 -99.60 
2270 -99.64 
2271 -99.68 
2272 -99.69 
2273 -99.59 
2274 -99.62 
2275 -99.69 
2276 -99.66 
2277 -99.63 
2278 -99.68 
2279 -99.65 
2280 -99.78 
2281 -99.68 
2282 -99.78 
2283 -99.64 
2284 -99.77 
2285 -99.65 
2286 -99.78 
2287 -99.66 
2288 -99.63 
2289 -99.66 
2290 -99.62 
2291 -99.66 
2292 -99.63 
2293 -99.67 
2294 -99.76 
2295 -99.67 
2296 -99.68 
2297 -99.76 
2298 -99.76 
2299 -99.68 
2300 -99.68 
2301 -99.78 
2302 -99.63 
2303 -99.60 
2304 -99.76 
2305 -99.77 
2306 -99.61 
2307 -99.62 
2308 -99.74 
2309 -99.67 
2310 -99.76 
2311 -99.76 
2312 -99.69 
2313 -99.62 
2314 -99.67 
2315 -99.63 
2316 -99.67 
2317 -99.61 
2318 -99.67 
2319 -99.62 
2320 -99.64 
2321 -99.75 
2322 -99.62 
2323 -99.65 
2324 -99.63 
2325 -99.68 
2326 -99.61 
2327 -99.65 
2328 -99.62 
2329 -99.62 
2330 -99.61 
2331 -99.66 
2332 -99.67 
2333 -99.77 
2334 -99.63 
2335 -99.62 
2336 -99.63 
2337 -99.61 
2338 -99.78 
2339 -99.62 
2340 -99.69 
2341 -99.62 
2342 -99.68 
2343 -99.76 
2344 -99.68 
2345 -99.62 
2346 -99.58 
2347 -99.68 
2348 -99.65 
2349 -99.76 
2350 -99.63 
2351 -99.62 
2352 -99.63 
2353 -99.67 
2354 -99.68 
2355 -99.63 
2356 -99.77 
2357 -99.62 
2358 -99.76 
2359 -99.62 
2360 -99.64 
2361 -99.69 
2362 -99.69 
2363 -99.62 
2364 -99.63 
2365 -99.75 
2366 -99.61 
2367 -99.77 
2368 -99.69 
2369 -99.77 
2370 -99.63 
2371 -99.61 
2372 -99.69 
2373 -99.67 
2374 -99.62 
2375 -99.68 
2376 -99.60 
2377 -99.62 
2378 -99.67 
2379 -99.68 
2380 -99.76 
2381 -99.61 
2382 -99.61 
2383 -99.63 
2384 -99.68 
2385 -99.63 
2386 -99.67 
2387 -99.61 
2388 -99.63 
2389 -99.68 
2390 -99.76 
2391 -99.62 
2392 -99.68 
2393 -99.68 
2394 -99.67 
2395 -99.63 
2396 -99.62 
2397 -99.78 
2398 -99.68 
2399 -99.69 
2400 -99.66 
2401 -99.77 
2402 -99.78 
2403 -99.68 
2404 -99.61 
2405 -99.60 
2406 -99.68 
2407 -99.77 
2408 -99.69 
2409 -99.62 
2410 -99.63 
2411 -99.63 
2412 -99.68 
2413 -99.77 
2414 -99.64 
2415 -99.63 
2416 -99.63 
2417 -99.60 
2418 -99.63 
2419 -99.57 
2420 -99.63 
2421 -99.58 
2422 -99.67 
2423 -99.68 
2424 -99.75 
2425 -99.63 
2426 -99.63 
2427 -99.62 
2428 -99.63 
2429 -99.67 
2430 -99.63 
2431 -99.69 
2432 -99.76 
2433 -99.77 
2434 -99.77 
2435 -99.63 
2436 -99.63 
2437 -99.58 
2438 -99.62 
2439 -99.62 
2440 -99.63 
2441 -99.61 
2442 -99.77 
2443 -99.67 
2444 -99.68 
2445 -99.61 
2446 -99.63 
2447 -99.68 
2448 -99.62 
2449 -99.78 
2450 -99.64 
2451 -99.68 
2452 -99.61 
2453 -99.61 
2454 -99.77 
2455 -99.63 
2456 -99.63 
2457 -99.75 
2458 -99.66 
2459 -99.75 
2460 -99.62 
2461 -99.61 
2462 -99.62 
2463 -99.62 
2464 -99.67 
2465 -99.63 
2466 -99.60 
2467 -99.62 
2468 -99.67 
2469 -99.68 
2470 -99.77 
2471 -99.67 
2472 -99.61 
2473 -99.67 
2474 -99.62 
2475 -99.78 
2476 -99.62 
2477 -99.66 
2478 -99.68 
2479 -99.63 
2480 -99.64 
2481 -99.64 
2482 -99.63 
2483 -99.68 
2484 -99.63 
2485 -99.68 
2486 -99.62 
2487 -99.63 
2488 -99.62 
2489 -99.65 
2490 -99.68 
2491 -99.60 
2492 -99.67 
2493 -99.61 
2494 -99.78 
2495 -99.69 
2496 -99.78 
2497 -99.69 
2498 -99.63 
2499 -99.66 
2500 -99.69 
2501 -99.68 
2502 -99.75 
2503 -99.68 
2504 -99.68 
2505 -99.57 
2506 -99.59 
2507 -99.76 
2508 -99.77 
2509 -99.67 
2510 -99.63 
2511 -99.67 
2512 -99.77 
2513 -99.67 
2514 -99.66 
2515 -99.61 
2516 -99.63 
2517 -99.76 
2518 -99.62 
2519 -99.68 
2520 -99.63 
2521 -99.62 
2522 -99.63 
2523 -99.68 
2524 -99.61 
2525 -99.68 
2526 -99.78 
2527 -99.66 
2528 -99.78 
2529 -99.61 
2530 -99.78 
2531 -99.63 
2532 -99.67 
2533 -99.62 
2534 -99.77 
2535 -99.68 
2536 -99.65 
2537 -99.61 
2538 -99.63 
2539 -99.62 
2540 -99.77 
2541 -99.78 
2542 -99.60 
2543 -99.65 
2544 -99.67 
2545 -99.78 
2546 -99.67 
2547 -99.66 
2548 -99.75 
2549 -99.62 
2550 -99.62 
2551 -99.61 
2552 -99.68 
2553 -99.60 
2554 -99.67 
2555 -99.69 
2556 -99.62 
2557 -99.60 
2558 -99.67 
2559 -99.77 
2560 -99.62 
2561 -99.63 
2562 -99.78 
2563 -99.61 
2564 -99.61 
2565 -99.60 
2566 -99.68 
2567 -99.68 
2568 -99.67 
2569 -99.61 
2570 -99.62 
2571 -99.66 
2572 -99.67 
2573 -99.63 
2574 -99.63 
2575 -99.68 
2576 -99.63 
2577 -99.65 
2578 -99.61 
2579 -99.78 
2580 -99.60 
2581 -99.62 
2582 -99.67 
2583 -99.61 
2584 -99.61 
2585 -99.61 
2586 -99.62 
2587 -99.67 
2588 -99.62 
2589 -99.68 
2590 -99.77 
2591 -99.62 
2592 -99.63 
2593 -99.76 
2594 -99.78 
2595 -99.63 
2596 -99.60 
2597 -99.62 
2598 -99.68 
2599 -99.67 
2600 -99.77 
2601 -99.61 
2602 -99.77 
2603 -99.76 
2604 -99.78 
2605 -99.68 
2606 -99.62 
2607 -99.68 
2608 -99.63 
2609 -99.63 
2610 -99.63 
2611 -99.62 
2612 -99.67 
2613 -99.59 
2614 -99.62 
2615 -99.76 
2616 -99.78 
2617 -99.68 
2618 -99.62 
2619 -99.61 
2620 -99.76 
2621 -99.63 
2622 -99.63 
2623 -99.77 
2624 -99.68 
2625 -99.63 
2626 -99.75 
2627 -99.62 
2628 -99.67 
2629 -99.67 
2630 -99.67 
2631 -99.75 
2632 -99.67 
2633 -99.59 
2634 -99.57 
2635 -99.62 
2636 -99.67 
2637 -99.63 
2638 -99.56 
2639 -99.78 
2640 -99.60 
2641 -99.61 
2642 -99.66 
2643 -99.69 
2644 -99.68 
2645 -99.68 
2646 -99.67 
2647 -99.69 
2648 -99.67 
2649 -99.61 
2650 -99.67 
2651 -99.61 
2652 -99.62 
2653 -99.66 
2654 -99.63 
2655 -99.62 
2656 -99.66 
2657 -99.66 
2658 -99.66 
2659 -99.65 
2660 -99.62 
2661 -99.66 
2662 -99.77 
2663 -99.66 
2664 -99.76 
2665 -99.67 
2666 -99.60 
2667 -99.67 
2668 -99.66 
2669 -99.67 
2670 -99.69 
2671 -99.62 
2672 -99.61 
2673 -99.75 
2674 -99.68 
2675 -99.68 
2676 -99.67 
2677 -99.67 
2678 -99.68 
2679 -99.67 
2680 -99.66 
2681 -99.61 
2682 -99.63 
2683 -99.67 
2684 -99.77 
2685 -99.67 
2686 -99.66 
2687 -99.68 
2688 -99.65 
2689 -99.69 
2690 -99.61 
2691 -99.67 
2692 -99.75 
2693 -99.76 
2694 -99.60 
2695 -99.67 
2696 -99.62 
2697 -99.62 
2698 -99.69 
2699 -99.67 
2700 -99.77 
2701 -99.62 
2702 -99.61 
2703 -99.64 
2704 -99.57 
2705 -99.65 
2706 -99.67 
2707 -99.68 
2708 -99.62 
2709 -99.75 
2710 -99.67 
2711 -99.67 
2712 -99.61 
2713 -99.60 
2714 -99.58 
2715 -99.69 
2716 -99.75 
2717 -99.61 
2718 -99.60 
2719 -99.66 
2720 -99.68 
2721 -99.61 
2722 -99.62 
2723 -99.67 
2724 -99.67 
2725 -99.68 
2726 -99.67 
2727 -99.62 
2728 -99.67 
2729 -99.62 
2730 -99.62 
2731 -99.78 
2732 -99.58 
2733 -99.77 
2734 -99.61 
2735 -99.63 
2736 -99.76 
2737 -99.63 
2738 -99.62 
2739 -99.59 
2740 -99.62 
2741 -99.63 
2742 -99.58 
2743 -99.63 
2744 -99.61 
2745 -99.68 
2746 -99.67 
2747 -99.76 
2748 -99.77 
2749 -99.68 
2750 -99.63 
2751 -99.67 
2752 -99.62 
2753 -99.61 
2754 -99.78 
2755 -99.62 
2756 -99.75 
2757 -99.68 
2758 -99.66 
2759 -99.76 
2760 -99.68 
2761 -99.59 
2762 -99.66 
2763 -99.61 
2764 -99.62 
2765 -99.67 
2766 -99.63 
2767 -99.64 
2768 -99.68 
2769 -99.62 
2770 -99.77 
2771 -99.68 
2772 -99.68 
2773 -99.61 
2774 -99.62 
2775 -99.62 
2776 -99.65 
2777 -99.68 
2778 -99.66 
2779 -99.68 
2780 -99.77 
2781 -99.64 
2782 -99.68 
2783 -99.60 
2784 -99.61 
2785 -99.77 
2786 -99.66 
2787 -99.76 
2788 -99.62 
2789 -99.75 
2790 -99.68 
2791 -99.75 
2792 -99.67 
2793 -99.68 
2794 -99.68 
2795 -99.78 
2796 -99.75 
2797 -99.64 
2798 -99.60 
2799 -99.61 
2800 -99.61 
2801 -99.77 
2802 -99.78 
2803 -99.61 
2804 -99.75 
2805 -99.67 
2806 -99.57 
2807 -99.78 
2808 -99.75 
2809 -99.66 
2810 -99.62 
2811 -99.68 
2812 -99.61 
2813 -99.65 
2814 -99.66 
2815 -99.65 
2816 -99.64 
2817 -99.62 
2818 -99.66 
2819 -99.75 
2820 -99.76 
2821 -99.77 
2822 -99.67 
2823 -99.61 
2824 -99.67 
2825 -99.63 
2826 -99.68 
2827 -99.65 
2828 -99.66 
2829 -99.61 
2830 -99.77 
2831 -99.62 
2832 -99.68 
2833 -99.66 
2834 -99.68 
2835 -99.62 
2836 -99.75 
2837 -99.67 
2838 -99.60 
2839 -99.68 
2840 -99.60 
2841 -99.61 
2842 -99.62 
2843 -99.61 
2844 -99.68 
2845 -99.66 
2846 -99.68 
2847 -99.77 
2848 -99.68 
2849 -99.67 
2850 -99.76 
2851 -99.67 
2852 -99.61 
2853 -99.66 
2854 -99.65 
2855 -99.60 
2856 -99.67 
2857 -99.61 
2858 -99.77 
2859 -99.68 
2860 -99.61 
2861 -99.77 
2862 -99.60 
2863 -99.62 
2864 -99.66 
2865 -99.76 
2866 -99.77 
2867 -99.72 
2868 -99.62 
2869 -99.75 
2870 -99.60 
2871 -99.61 
2872 -99.67 
2873 -99.61 
2874 -99.68 
2875 -99.65 
2876 -99.67 
2877 -99.68 
2878 -99.61 
2879 -99.67 
2880 -99.67 
2881 -99.77 
2882 -99.67 
2883 -99.66 
2884 -99.61 
2885 -99.60 
2886 -99.61 
2887 -99.61 
2888 -99.61 
2889 -99.67 
2890 -99.67 
2891 -99.64 
2892 -99.67 
2893 -99.65 
2894 -99.63 
2895 -99.58 
2896 -99.76 
2897 -99.77 
2898 -99.67 
2899 -99.60 
2900 -99.59 
2901 -99.67 
2902 -99.67 
2903 -99.77 
2904 -99.61 
2905 -99.60 
2906 -99.67 
2907 -99.59 
2908 -99.65 
2909 -99.61 
2910 -99.58 
2911 -99.74 
2912 -99.58 
2913 -99.75 
2914 -99.58 
2915 -99.61 
2916 -99.67 
2917 -99.61 
2918 -99.56 
2919 -99.60 
2920 -99.65 
2921 -99.66 
2922 -99.75 
2923 -99.74 
2924 -99.67 
2925 -99.66 
2926 -99.60 
2927 -99.60 
2928 -99.76 
2929 -99.61 
2930 -99.76 
2931 -99.66 
2932 -99.61 
2933 -99.67 
2934 -99.75 
2935 -99.67 
2936 -99.64 
2937 -99.66 
2938 -99.66 
2939 -99.74 
2940 -99.56 
2941 -99.62 
2942 -99.63 
2943 -99.66 
2944 -99.64 
2945 -99.66 
2946 -99.66 
2947 -99.66 
2948 -99.67 
2949 -99.59 
2950 -99.64 
2951 -99.59 
2952 -99.67 
2953 -99.66 
2954 -99.65 
2955 -99.58 
2956 -99.67 
2957 -99.58 
2958 -99.65 
2959 -99.63 
2960 -99.76 
2961 -99.63 
2962 -99.65 
2963 -99.63 
2964 -99.63 
2965 -99.61 
2966 -99.74 
2967 -99.59 
2968 -99.62 
2969 -99.56 
2970 -99.62 
2971 -99.63 
2972 -99.65 
2973 -99.58 
2974 -99.56 
2975 -99.56 
2976 -99.74 
2977 -99.66 
2978 -99.61 
2979 -99.62 
2980 -99.59 
2981 -99.66 
2982 -99.62 
2983 -99.59 
2984 -99.57 
2985 -99.59 
2986 -99.65 
2987 -99.75 
2988 -99.63 
2989 -99.63 
2990 -99.75 
2991 -99.58 
2992 -99.63 
2993 -99.66 
2994 -99.62 
2995 -99.59 
2996 -99.59 
2997 -99.75 
2998 -99.59 
2999 -99.65 
3000 -99.63 
3001 -99.59 
3002 -99.64 
3003 -99.59 
3004 -99.66 
3005 -99.65 
3006 -99.74 
3007 -99.59 
3008 -99.75 
3009 -99.75 
3010 -99.58 
3011 -99.66 
3012 -99.59 
3013 -99.74 
3014 -99.59 
3015 -99.60 
3016 -99.76 
3017 -99.66 
3018 -99.76 
3019 -99.66 
3020 -99.64 
3021 -99.59 
3022 -99.75 
3023 -99.63 
3024 -99.63 
3025 -99.66 
3026 -99.59 
3027 -99.59 
3028 -99.63 
3029 -99.59 
3030 -99.66 
3031 -99.65 
3032 -99.62 
3033 -99.64 
3034 -99.62 
3035 -99.75 
3036 -99.59 
3037 -99.63 
3038 -99.59 
3039 -99.63 
3040 -99.58 
3041 -99.77 
3042 -99.59 
3043 -99.73 
3044 -99.65 
3045 -99.65 
3046 -99.73 
3047 -99.63 
3048 -99.66 
3049 -99.79 
3050 -99.65 
3051 -99.64 
3052 -99.58 
3053 -99.76 
3054 -99.64 
3055 -99.78 
3056 -99.76 
3057 -99.65 
3058 -99.73 
3059 -99.66 
3060 -99.66 
3061 -99.64 
3062 -99.58 
3063 -99.58 
3064 -99.66 
3065 -99.59 
3066 -99.63 
3067 -99.65 
3068 -99.61 
3069 -99.62 
3070 -99.78 
3071 -99.65 
3072 -99.79 
3073 -99.62 
3074 -99.67 
3075 -99.64 
3076 -99.58 
3077 -99.57 
3078 -99.66 
3079 -99.65 
3080 -99.62 
3081 -99.65 
3082 -99.59 
3083 -99.59 
3084 -99.63 
3085 -99.61 
3086 -99.78 
3087 -99.78 
3088 -99.63 
3089 -99.59 
3090 -99.67 
3091 -99.64 
3092 -99.64 
3093 -99.60 
3094 -99.79 
3095 -99.64 
3096 -99.65 
3097 -99.64 
3098 -99.62 
3099 -99.66 
3100 -99.59 
3101 -99.64 
3102 -99.63 
3103 -99.64 
3104 -99.79 
3105 -99.65 
3106 -99.64 
3107 -99.65 
3108 -99.64 
3109 -99.75 
3110 -99.61 
3111 -99.74 
3112 -99.63 
3113 -99.64 
3114 -99.60 
3115 -99.65 
3116 -99.73 
3117 -99.63 
3118 -99.61 
3119 -99.62 
3120 -99.65 
3121 -99.64 
3122 -99.62 
3123 -99.63 
3124 -99.62 
3125 -99.61 
3126 -99.77 
3127 -99.62 
3128 -99.64 
3129 -99.64 
3130 -99.64 
3131 -99.63 
3132 -99.62 
3133 -99.64 
3134 -99.64 
3135 -99.65 
3136 -99.64 
3137 -99.62 
3138 -99.62 
3139 -99.62 
3140 -99.65 
3141 -99.63 
3142 -99.59 
3143 -99.64 
3144 -99.76 
3145 -99.63 
3146 -99.63 
3147 -99.62 
3148 -99.64 
3149 -99.63 
3150 -99.63 
3151 -99.64 
3152 -99.63 
3153 -99.65 
3154 -99.59 
3155 -99.63 
3156 -99.62 
3157 -99.73 
3158 -99.66 
3159 -99.61 
3160 -99.63 
3161 -99.61 
3162 -99.64 
3163 -99.62 
3164 -99.64 
3165 -99.76 
3166 -99.65 
3167 -99.65 
3168 -99.64 
3169 -99.62 
3170 -99.61 
3171 -99.61 
3172 -99.63 
3173 -99.76 
3174 -99.61 
3175 -99.62 
3176 -99.66 
3177 -99.62 
3178 -99.65 
3179 -99.63 
3180 -99.64 
3181 -99.64 
3182 -99.64 
3183 -99.63 
3184 -99.65 
3185 -99.61 
3186 -99.63 
3187 -99.62 
3188 -99.64 
3189 -99.63 
3190 -99.64 
3191 -99.63 
3192 -99.63 
3193 -99.65 
3194 -99.64 
3195 -99.63 
3196 -99.62 
3197 -99.66 
3198 -99.63 
3199 -99.67 
3200 -99.66 
3201 -99.61 
3202 -99.64 
3203 -99.64 
3204 -99.64 
3205 -99.63 
3206 -99.64 
3207 -99.64 
3208 -99.65 
3209 -99.65 
3210 -99.66 
3211 -99.63 
3212 -99.64 
3213 -99.66 
3214 -99.65 
3215 -99.65 
3216 -99.64 
3217 -99.63 
3218 -99.64 
3219 -99.63 
3220 -99.62 
3221 -99.64 
3222 -99.64 
3223 -99.65 
3224 -99.65 
3225 -99.64 
3226 -99.64 
3227 -99.64 
3228 -99.64 
3229 -99.66 
3230 -99.64 
3231 -99.64 
3232 -99.64 
3233 -99.65 
3234 -99.64 
3235 -99.64 
3236 -99.63 
3237 -99.65 
3238 -99.65 
3239 -99.63 
3240 -99.64 
3241 -99.66 
3242 -99.64 
3243 -99.62 
3244 -99.65 
3245 -99.65 
3246 -99.65 
3247 -99.64 
3248 -99.66 
3249 -99.64 
3250 -99.63 
3251 -99.64 
3252 -99.62 
3253 -99.63 
3254 -99.64 
3255 -99.62 
3256 -99.64 
3257 -99.62 
3258 -99.66 
3259 -99.65 
3260 -99.65 
3261 -99.66 
3262 -99.65 
3263 -99.65 
3264 -99.65 
3265 -99.64 
3266 -99.62 
3267 -99.65 
3268 -99.66 
3269 -99.63 
3270 -99.64 
3271 -99.65 
3272 -99.66 
3273 -99.64 
3274 -99.66 
3275 -99.63 
3276 -99.66 
3277 -99.64 
3278 -99.65 
3279 -99.65 
3280 -99.67 
3281 -99.65 
3282 -99.65 
3283 -99.64 
3284 -99.65 
3285 -99.66 
3286 -99.64 
3287 -99.63 
3288 -99.63 
3289 -99.65 
3290 -99.63 
3291 -99.64 
3292 -99.62 
3293 -99.65 
3294 -99.65 
3295 -99.63 
3296 -99.64 
3297 -99.64 
3298 -99.63 
3299 -99.64 
3300 -99.64 
3301 -99.63 
3302 -99.64 
3303 -99.67 
3304 -99.64 
3305 -99.66 
3306 -99.65 
3307 -99.64 
3308 -99.66 
3309 -99.63 
3310 -99.65 
3311 -99.61 
3312 -99.66 
3313 -99.64 
3314 -99.64 
3315 -99.65 
3316 -99.64 
3317 -99.65 
3318 -99.63 
3319 -99.63 
3320 -99.65 
3321 -99.65 
3322 -99.64 
3323 -99.64 
3324 -99.65 
3325 -99.63 
3326 -99.65 
3327 -99.66 
3328 -99.65 
3329 -99.65 
3330 -99.64 
3331 -99.65 
3332 -99.64 
3333 -99.64 
3334 -99.64 
3335 -99.63 
3336 -99.66 
3337 -99.65 
3338 -99.65 
3339 -99.64 
3340 -99.64 
3341 -99.64 
3342 -99.66 
3343 -99.64 
3344 -99.65 
3345 -99.64 
3346 -99.64 
3347 -99.65 
3348 -99.65 
3349 -99.64 
3350 -99.66 
3351 -99.63 
3352 -99.65 
3353 -99.64 
3354 -99.64 
3355 -99.65 
3356 -99.65 
3357 -99.65 
3358 -99.67 
3359 -99.65 
3360 -99.65 
3361 -99.63 
3362 -99.65 
3363 -99.65 
3364 -99.64 
3365 -99.65 
3366 -99.65 
3367 -99.64 
3368 -99.63 
3369 -99.65 
3370 -99.63 
3371 -99.65 
3372 -99.64 
3373 -99.65 
3374 -99.65 
3375 -99.66 
3376 -99.65 
3377 -99.65 
3378 -99.66 
3379 -99.65 
3380 -99.63 
3381 -99.64 
3382 -99.65 
3383 -99.64 
3384 -99.64 
3385 -99.65 
3386 -99.65 
3387 -99.65 
3388 -99.64 
3389 -99.64 
3390 -99.65 
3391 -99.66 
3392 -99.64 
3393 -99.64 
3394 -99.65 
3395 -99.65 
3396 -99.65 
3397 -99.65 
3398 -99.64 
3399 -99.67 
3400 -99.65 
3401 -99.64 
3402 -99.65 
3403 -99.64 
3404 -99.65 
3405 -99.64 
3406 -99.66 
3407 -99.65 
3408 -99.63 
3409 -99.65 
3410 -99.64 
3411 -99.64 
3412 -99.65 
3413 -99.65 
3414 -99.66 
3415 -99.64 
3416 -99.65 
3417 -99.64 
3418 -99.64 
3419 -99.63 
3420 -99.66 
3421 -99.65 
3422 -99.67 
3423 -99.65 
3424 -99.64 
3425 -99.64 
3426 -99.64 
3427 -99.64 
3428 -99.65 
3429 -99.65 
3430 -99.65 
3431 -99.64 
3432 -99.65 
3433 -99.64 
3434 -99.64 
3435 -99.64 
3436 -99.66 
3437 -99.62 
3438 -99.65 
3439 -99.65 
3440 -99.65 
3441 -99.66 
3442 -99.66 
3443 -99.63 
3444 -99.67 
3445 -99.65 
3446 -99.64 
3447 -99.65 
3448 -99.65 
3449 -99.65 
3450 -99.66 
3451 -99.66 
3452 -99.64 
3453 -99.65 
3454 -99.65 
3455 -99.65 
3456 -99.65 
3457 -99.66 
3458 -99.64 
3459 -99.65 
3460 -99.64 
3461 -99.65 
3462 -99.64 
3463 -99.65 
3464 -99.65 
3465 -99.65 
3466 -99.63 
3467 -99.65 
3468 -99.65 
3469 -99.66 
3470 -99.66 
3471 -99.66 
3472 -99.66 
3473 -99.64 
3474 -99.64 
3475 -99.65 
3476 -99.63 
3477 -99.64 
3478 -99.64 
3479 -99.65 
3480 -99.64 
3481 -99.67 
3482 -99.65 
3483 -99.64 
3484 -99.66 
3485 -99.64 
3486 -99.65 
3487 -99.65 
3488 -99.64 
3489 -99.65 
3490 -99.67 
3491 -99.64 
3492 -99.64 
3493 -99.64 
3494 -99.65 
3495 -99.67 
3496 -99.65 
3497 -99.66 
3498 -99.64 
3499 -99.65 
3500 -99.64 
3501 -99.65 
3502 -99.66 
3503 -99.65 
3504 -99.66 
3505 -99.64 
3506 -99.65 
3507 -99.64 
3508 -99.63 
3509 -99.65 
3510 -99.64 
3511 -99.65 
3512 -99.66 
3513 -99.64 
3514 -99.65 
3515 -99.65 
3516 -99.66 
3517 -99.63 
3518 -99.64 
3519 -99.64 
3520 -99.65 
3521 -99.63 
3522 -99.66 
3523 -99.64 
3524 -99.64 
3525 -99.65 
3526 -99.63 
3527 -99.65 
3528 -99.64 
3529 -99.67 
3530 -99.64 
3531 -99.66 
3532 -99.64 
3533 -99.65 
3534 -99.66 
3535 -99.66 
3536 -99.65 
3537 -99.64 
3538 -99.64 
3539 -99.64 
3540 -99.65 
3541 -99.66 
3542 -99.64 
3543 -99.66 
3544 -99.64 
3545 -99.64 
3546 -99.63 
3547 -99.66 
3548 -99.66 
3549 -99.63 
3550 -99.66 
3551 -99.64 
3552 -99.65 
3553 -99.63 
3554 -99.65 
3555 -99.67 
3556 -99.64 
3557 -99.65 
3558 -99.65 
3559 -99.66 
3560 -99.66 
3561 -99.65 
3562 -99.65 
3563 -99.65 
3564 -99.66 
3565 -99.64 
3566 -99.66 
3567 -99.64 
3568 -99.64 
3569 -99.64 
3570 -99.64 
3571 -99.64 
3572 -99.64 
3573 -99.65 
3574 -99.64 
3575 -99.65 
3576 -99.65 
3577 -99.64 
3578 -99.65 
3579 -99.64 
3580 -99.65 
3581 -99.64 
3582 -99.64 
3583 -99.64 
3584 -99.64 
3585 -99.63 
3586 -99.65 
3587 -99.64 
3588 -99.66 
3589 -99.65 
3590 -99.66 
3591 -99.65 
3592 -99.66 
3593 -99.67 
3594 -99.65 
3595 -99.66 
3596 -99.64 
3597 -99.65 
3598 -99.64 
3599 -99.65 
3600 -99.65 
3601 -99.65 
3602 -99.65 
3603 -99.65 
3604 -99.65 
3605 -99.65 
3606 -99.63 
3607 -99.64 
3608 -99.66 
3609 -99.66 
3610 -99.65 
3611 -99.64 
3612 -99.65 
