Seed 0:
0 -326.63 
1 -353.45 
2 -147.96 
3 -254.73 
4 -208.07 
5 -186.81 
6 -52.32 
7 -216.94 
8 -278.19 
9 -164.75 
10 152.94 
11 -138.01 
12 22.14 
13 -47.91 
14 -102.23 
15 -179.25 
16 100.36 
17 233.03 
18 460.20 
19 478.08 
20 572.16 
21 1083.27 
22 996.56 
23 1191.80 
24 1226.48 
25 1327.35 
26 1398.08 
27 1337.35 
28 1468.37 
29 1449.27 
30 1537.44 
31 1610.65 
32 1493.51 
33 1509.22 
34 1568.08 
35 1191.08 
36 1689.62 
37 1690.34 
38 1694.73 
39 1700.72 
40 1763.50 
41 1865.79 
42 1727.28 
43 1768.25 
44 1910.97 
45 1912.75 
46 1997.68 
47 1890.79 
48 1934.17 
49 1974.90 
50 2007.69 
51 2052.25 
52 2013.41 
53 2007.77 
54 2008.28 
55 2072.38 
56 2172.46 
57 2101.68 
58 2213.39 
59 2112.98 
60 2202.18 
61 2280.31 
62 2137.70 
63 2000.69 
64 2043.83 
65 2220.66 
66 2207.88 
67 2196.18 
68 2246.15 
69 2162.45 
70 2240.04 
71 2205.29 
72 2178.81 
73 2166.42 
74 2169.54 
75 2240.69 
76 2220.64 
77 2209.70 
78 2230.37 
79 2301.23 
80 2321.86 
81 2219.15 
82 2364.88 
83 2262.87 
84 2266.24 
85 2276.08 
86 2242.58 
87 2348.44 
88 2277.77 
89 2250.87 
90 2313.27 
91 2339.18 
92 2220.99 
93 2279.08 
94 2242.02 
95 2333.98 
96 2235.10 
97 2282.01 
98 2343.06 
99 2343.15 
100 2436.22 
101 2221.57 
102 2312.74 
103 1181.11 
104 2375.45 
105 2311.29 
106 2318.99 
107 2407.50 
108 2233.79 
109 2140.31 
110 2232.64 
111 2321.29 
112 2504.16 
113 2379.78 
114 2421.99 
115 2295.12 
116 2345.72 
117 2235.79 
118 2378.22 
119 2279.38 
120 2435.81 
121 2300.24 
122 2371.95 
123 2415.35 
124 2351.33 
125 2417.97 
126 2386.18 
127 2268.05 
128 2362.87 
129 2308.86 
130 2460.98 
131 2337.62 
132 2223.89 
133 2409.30 
134 2380.52 
135 2463.48 
136 2361.97 
137 2331.94 
138 664.42 
139 2232.07 
140 2317.71 
141 2294.19 
142 2428.51 
143 2304.74 
144 805.30 
145 2457.35 
146 2390.72 
147 2392.68 
148 2408.75 
149 2449.22 
150 2465.94 
151 2440.03 
152 2249.57 
153 2376.30 
154 2385.59 
155 2469.18 
156 2409.27 
157 2425.12 
158 2375.44 
159 2374.75 
160 2416.93 
161 2406.29 
162 2476.89 
163 2357.96 
164 2548.48 
165 2423.05 
166 2330.02 
167 2437.76 
168 2372.77 
169 2381.16 
170 2449.61 
171 2497.57 
172 2391.11 
173 2308.82 
174 2432.67 
175 2259.17 
176 2460.19 
177 2353.85 
178 2541.45 
179 2345.50 
180 2367.30 
181 2295.36 
182 2417.28 
183 2396.92 
184 2470.44 
185 2356.93 
186 2342.04 
187 2368.45 
188 2465.46 
189 2437.17 
190 2421.36 
191 2370.38 
192 2344.59 
193 2362.05 
194 2394.12 
195 2366.12 
196 2420.05 
197 2305.68 
198 2475.42 
199 2466.29 
200 2363.88 
201 2564.94 
202 2478.05 
203 2390.84 
204 2205.39 
205 2533.16 
206 2382.83 
207 2527.04 
208 2473.58 
209 2431.85 
210 2481.79 
211 2464.65 
212 1412.88 
213 2457.37 
214 2368.21 
215 2426.51 
216 2490.93 
217 2551.65 
218 2547.60 
219 2394.45 
220 2445.25 
221 2439.62 
222 2424.35 
223 2493.01 
224 2371.16 
225 2354.82 
226 2475.81 
227 2442.69 
228 2509.20 
229 2370.06 
230 2435.48 
231 2355.78 
232 2483.88 
233 2405.74 
234 2515.84 
235 2370.19 
236 2459.49 
237 2369.73 
238 2373.96 
239 2457.20 
240 2427.67 
241 2360.20 
242 2466.31 
243 2527.44 
244 2534.17 
245 2420.36 
246 2384.28 
247 2497.25 
248 2316.09 
249 2490.77 
250 2367.47 
251 2498.29 
252 2410.54 
253 2434.96 
254 2477.42 
255 2424.02 
256 2457.27 
257 2404.95 
258 2431.57 
259 2464.77 
260 2435.06 
261 2378.64 
262 2503.39 
263 2529.77 
264 2392.48 
265 2432.85 
266 2364.52 
267 2512.96 
268 2369.31 
269 2526.28 
270 2445.86 
271 2464.33 
272 2511.82 
273 2437.61 
274 2415.64 
275 2409.79 
276 2536.73 
277 2420.73 
278 2336.29 
279 2405.13 
280 2524.16 
281 2399.07 
282 2395.76 
283 2413.98 
284 2417.98 
285 2360.30 
286 2396.51 
287 2482.55 
288 2428.83 
289 2500.67 
290 2540.70 
291 2514.17 
292 2437.16 
293 2420.38 
294 2503.10 
295 2403.89 
296 2484.76 
297 2433.84 
298 2522.91 
299 2475.23 
300 2407.69 
301 2573.93 
302 2619.52 
303 2450.26 
304 2468.86 
305 2491.69 
306 2435.14 
307 2544.39 
308 2598.62 
309 2401.82 
310 2394.27 
311 2649.97 
312 2515.56 
313 2536.64 
314 2451.74 
315 2545.15 
316 2550.93 
317 2526.37 
318 2512.96 
319 2394.06 
320 2492.63 
321 2404.67 
322 2525.76 
323 2380.36 
324 2611.45 
325 2530.99 
326 2560.52 
327 2442.79 
328 2461.67 
329 2523.33 
330 2521.99 
331 2434.29 
332 2398.21 
333 2448.32 
334 2484.05 
335 2488.81 
336 2514.59 
337 2506.70 
338 2470.23 
339 2493.62 
340 2364.13 
341 2498.63 
342 2422.39 
343 2479.64 
344 2512.67 
345 2481.84 
346 2443.16 
347 2450.04 
348 2529.83 
349 2320.64 
350 2467.48 
351 2496.80 
352 2417.19 
353 2556.12 
354 2473.26 
355 2559.23 
356 2482.92 
357 1310.74 
358 2543.27 
359 2565.30 
360 2362.87 
361 2501.26 
362 2510.50 
363 2613.69 
364 2475.64 
365 2521.12 
366 2449.88 
367 2537.79 
368 2407.06 
369 2415.26 
370 2460.16 
371 2657.86 
372 2474.13 
373 2471.93 
374 2467.60 
375 2550.29 
376 2537.15 
377 2448.06 
378 2428.20 
379 2552.45 
380 2527.20 
381 2538.08 
382 2525.66 
383 2534.77 
384 2496.50 
385 2380.66 
386 2515.44 
387 2496.62 
388 2472.76 
389 1652.37 
390 2448.50 
391 2469.76 
392 2125.16 
393 2604.09 
394 2535.61 
395 2492.09 
396 2553.75 
397 2444.65 
398 2519.08 
399 2552.77 
400 2538.03 
401 2514.49 
402 2487.22 
403 2469.11 
404 2404.75 
405 2418.08 
406 2603.51 
407 2371.46 
408 2438.67 
409 2484.12 
410 2549.16 
411 2482.97 
412 2593.34 
413 2534.11 
414 2561.23 
415 1054.92 
416 2585.64 
417 2543.96 
418 2484.57 
419 2500.19 
420 2548.54 
421 2497.65 
422 2475.82 
423 2568.63 
424 2433.86 
425 2383.16 
426 2472.11 
427 2382.27 
428 2572.74 
429 2529.38 
430 2490.11 
431 2529.01 
432 413.80 
433 2450.39 
434 2487.20 
435 2514.46 
436 2483.68 
437 2453.40 
438 2346.64 
439 2581.88 
440 253.15 
441 2545.57 
442 2471.19 
443 2431.46 
444 2633.18 
445 2406.78 
446 2543.52 
447 2459.49 
448 2571.93 
449 2424.92 
450 2521.55 
451 2691.17 
452 2613.56 
453 2611.62 
454 523.39 
455 2355.87 
456 2548.58 
457 2560.96 
458 2529.56 
459 2448.52 
460 2483.59 
461 2548.93 
462 2397.04 
463 2517.85 
464 2473.34 
465 2600.88 
466 2440.30 
467 2545.25 
468 2388.29 
469 2543.95 
470 2369.22 
471 2453.39 
472 2408.43 
473 2594.94 
474 2467.63 
475 2553.20 
476 2504.35 
477 2346.64 
478 2575.19 
479 2555.10 
480 2459.90 
481 2666.81 
482 2541.10 
483 2606.61 
484 2469.73 
485 2593.63 
486 2626.69 
487 2596.29 
488 2533.74 
489 2435.43 
490 2544.06 
491 74.90 
492 2438.17 
493 2651.98 
494 2627.65 
495 2456.32 
496 2600.58 
497 2516.24 
498 2697.15 
499 -105.82 
500 2644.36 
501 2586.07 
502 2676.92 
503 2577.46 
504 2490.35 
505 2577.56 
506 2561.09 
507 2589.53 
508 2645.18 
509 2662.32 
510 2599.94 
511 2628.99 
512 2582.32 
513 2558.19 
514 2669.13 
515 2576.72 
516 2639.92 
517 2654.85 
518 2623.63 
519 2634.44 
520 2606.78 
521 2591.63 
522 2538.64 
523 2624.28 
524 2626.40 
525 2604.73 
526 2646.32 
527 2535.80 
528 2740.79 
529 2530.68 
530 2607.61 
531 2584.31 
532 2586.64 
533 2462.07 
534 2561.16 
535 2713.35 
536 2587.84 
537 2563.63 
538 2473.65 
539 2618.40 
540 2627.33 
541 2586.17 
542 2631.60 
543 2626.40 
544 2501.90 
545 2550.60 
546 2603.48 
547 2552.96 
548 2583.82 
549 2623.49 
550 2549.80 
551 2713.25 
552 2690.19 
553 2543.74 
554 2588.89 
555 2560.74 
556 2636.42 
557 2632.30 
558 2494.18 
559 2621.66 
560 2568.74 
561 2543.24 
562 2676.04 
563 2600.36 
564 2600.70 
565 2634.32 
566 2506.40 
567 2537.53 
568 2458.92 
569 2627.69 
570 2629.99 
571 2654.02 
572 2590.45 
573 2607.47 
574 2590.71 
575 2623.19 
576 2525.06 
577 2654.64 
578 2604.80 
579 553.78 
580 2545.83 
581 2626.28 
582 2705.48 
583 2567.59 
584 2643.87 
585 2411.86 
586 2594.14 
587 2676.84 
588 2590.86 
589 2647.83 
590 2608.72 
591 2603.54 
592 2682.20 
593 2572.73 
594 2668.60 
595 2675.87 
596 2625.74 
597 2710.94 
598 2642.63 
599 2661.72 
600 2599.26 
601 2669.86 
602 2384.68 
603 2635.42 
604 2671.91 
605 2441.43 
606 2531.69 
607 2659.87 
608 2614.24 
609 2655.95 
610 2676.11 
611 2611.42 
612 2677.36 
613 2628.83 
614 2588.60 
615 2619.21 
616 2622.20 
617 2655.76 
618 2730.23 
619 2581.69 
620 2626.10 
621 2569.96 
622 2594.75 
623 2665.67 
624 2599.11 
625 2583.78 
626 2487.54 
627 2640.85 
628 2705.48 
629 2615.12 
630 2665.37 
631 2636.58 
632 2612.30 
633 2694.86 
634 2625.20 
635 2622.48 
636 2623.26 
637 2676.60 
638 2452.93 
639 2662.70 
640 2658.15 
641 2602.04 
642 2678.92 
643 2565.13 
644 2675.50 
645 2569.34 
646 2697.94 
647 2676.14 
648 2656.75 
649 2652.91 
650 2618.06 
651 2548.00 
652 2700.31 
653 2544.07 
654 2475.13 
655 2698.72 
656 2584.83 
657 2706.47 
658 2619.37 
659 2758.61 
660 2651.50 
661 2663.02 
662 2581.76 
663 2575.05 
664 2738.79 
665 2524.70 
666 2618.30 
667 2661.98 
668 2525.46 
669 2561.16 
670 2667.23 
671 2631.62 
672 2630.70 
673 2703.52 
674 2540.17 
675 2587.50 
676 2558.14 
677 2664.10 
678 2685.65 
679 2684.26 
680 2675.34 
681 2631.34 
682 2599.55 
683 2647.39 
684 2584.20 
685 2565.84 
686 2622.71 
687 2369.67 
688 2580.55 
689 2617.60 
690 2657.20 
691 2544.43 
692 2684.04 
693 2580.11 
694 2629.57 
695 2583.73 
696 2670.14 
697 2665.37 
698 2475.32 
699 2686.89 
700 2637.26 
701 2721.98 
702 2680.69 
703 2672.13 
704 2678.48 
705 2652.23 
706 2683.40 
707 2615.04 
708 2527.08 
709 2423.36 
710 2674.43 
711 2697.51 
712 2665.74 
713 2596.99 
714 2629.62 
715 2574.39 
716 2762.65 
717 2653.60 
718 2574.32 
719 2617.64 
720 2671.70 
721 2629.85 
722 2700.46 
723 2628.88 
724 2653.11 
725 2703.89 
726 2702.22 
727 2652.90 
728 2695.21 
729 2562.38 
730 2562.50 
731 2640.69 
732 2602.63 
733 2615.11 
734 2037.60 
735 2590.46 
736 2601.20 
737 2696.85 
738 2774.45 
739 2634.67 
740 2672.88 
741 2672.24 
742 2598.03 
743 2629.87 
744 2708.62 
745 2681.97 
746 2657.04 
747 2585.58 
748 2648.01 
749 2599.28 
750 2769.66 
751 2673.97 
752 2645.13 
753 2665.21 
754 2709.60 
755 2595.70 
756 2697.74 
757 2650.70 
758 2643.08 
759 2705.02 
760 2702.24 
761 2708.90 
762 2681.83 
763 2654.58 
764 2631.85 
765 2640.27 
766 2622.29 
767 2652.17 
768 2636.95 
769 2666.16 
770 2667.04 
771 2595.46 
772 2718.60 
773 2674.10 
774 2568.77 
775 2637.12 
776 2639.50 
777 2583.14 
778 2637.92 
779 2705.14 
780 2624.15 
781 2628.30 
782 2615.30 
783 2517.58 
784 2577.54 
785 2680.03 
786 2676.31 
787 2678.67 
788 2611.29 
789 2607.16 
790 2656.81 
791 2789.97 
792 2615.83 
793 2678.00 
794 2559.66 
795 2675.40 
796 2716.33 
797 2641.56 
798 2557.43 
799 2660.39 
800 2668.34 
801 2628.93 
802 2652.45 
803 2761.64 
804 2586.27 
805 2700.52 
806 2700.72 
807 1077.62 
808 2662.10 
809 2671.44 
810 2563.44 
811 2648.36 
812 2585.35 
813 2585.42 
814 2630.56 
815 2611.48 
816 2610.86 
817 2591.02 
818 2613.25 
819 2742.38 
820 2688.80 
821 2669.57 
822 2646.82 
823 2717.08 
824 2661.06 
825 2640.30 
826 2678.83 
827 2329.66 
828 2617.65 
829 2596.97 
830 2639.48 
831 2615.42 
832 2680.50 
833 2578.61 
834 2546.83 
835 2611.61 
836 2538.98 
837 2611.25 
838 2644.90 
839 2681.93 
840 2660.63 
841 2675.54 
842 2721.89 
843 2639.71 
844 2691.41 
845 2687.34 
846 2628.43 
847 2723.36 
848 2700.03 
849 2619.13 
850 2721.90 
851 2685.07 
852 2658.50 
853 2644.33 
854 2692.60 
855 2662.61 
856 2624.71 
857 2785.14 
858 2648.30 
859 2368.76 
860 2672.35 
861 2669.23 
862 2692.44 
863 2722.67 
864 2616.37 
865 2616.83 
866 2600.98 
867 2666.26 
868 2583.52 
869 2718.30 
870 2666.85 
871 2574.98 
872 2621.47 
873 2731.18 
874 2547.31 
875 2677.12 
876 2643.22 
877 2565.82 
878 2660.58 
879 2701.17 
880 2751.82 
881 2590.60 
882 2678.60 
883 2685.05 
884 2685.48 
885 2702.56 
886 2694.21 
887 2640.99 
888 2674.38 
889 2686.11 
890 2584.47 
891 2632.49 
892 2651.07 
893 2578.88 
894 2719.73 
895 2745.65 
896 2628.42 
897 2622.77 
898 2652.67 
899 2608.90 
900 2611.58 
901 2800.21 
902 2795.84 
903 2567.73 
904 2570.94 
905 2747.94 
906 2608.89 
907 2641.16 
908 2549.98 
909 2702.65 
910 2707.67 
911 2705.42 
912 2654.74 
913 2667.96 
914 2571.67 
915 2543.69 
916 -105.96 
917 2711.87 
918 2645.26 
919 2628.67 
920 2589.83 
921 2664.67 
922 2735.97 
923 1334.75 
924 2679.94 
925 2575.64 
926 2610.42 
927 2665.09 
928 2557.46 
929 2732.92 
930 2549.18 
931 2689.35 
932 2631.99 
933 2734.15 
934 2661.52 
935 2624.09 
936 2735.75 
937 2622.28 
938 2673.25 
939 2582.96 
940 2588.53 
941 2597.23 
942 2785.31 
943 2686.61 
944 2615.44 
945 2655.32 
946 2622.13 
947 2664.94 
948 2635.42 
949 2655.86 
950 2618.37 
951 2656.13 
952 2609.19 
953 2747.01 
954 2696.88 
955 2648.59 
956 2549.54 
957 2721.17 
958 2668.76 
959 2604.16 
960 2627.28 
961 2639.74 
962 2673.01 
963 2725.14 
964 2577.95 
965 2633.85 
966 2589.09 
967 2556.69 
968 2667.73 
969 2669.53 
970 2679.85 
971 2545.23 
972 2616.60 
973 2669.63 
974 2661.57 
975 2609.96 
976 2653.20 
977 2544.20 
978 2734.60 
979 2492.78 
980 2831.36 
981 2607.66 
982 2562.73 
983 2601.64 
984 2709.54 
985 2642.10 
986 2631.35 
987 2630.93 
988 2662.72 
989 2782.83 
990 2637.32 
991 2687.04 
992 2534.78 
993 2622.25 
994 2537.10 
995 2678.27 
996 2651.14 
997 2579.44 
998 2692.44 
999 2587.36 
1000 2607.10 
1001 2685.06 
1002 2646.44 
1003 2617.81 
1004 2686.07 
1005 2568.95 
1006 2736.63 
1007 2575.75 
1008 2596.30 
1009 2645.25 
1010 2733.30 
1011 2576.26 
0 2554.47 
1 2633.24 
2 2537.16 
3 2560.46 
4 2645.55 
5 2648.37 
6 2816.01 
7 2609.25 
8 2563.11 
9 2506.02 
10 2621.99 
11 2611.26 
12 2720.83 
13 2792.45 
14 2672.62 
15 2774.74 
16 2569.11 
17 2676.31 
18 2570.44 
19 2543.23 
20 2756.22 
21 2618.71 
22 2529.58 
23 2698.12 
24 2661.10 
25 2772.32 
26 2620.62 
27 2611.34 
28 2653.52 
29 2623.92 
30 2639.00 
31 2651.97 
32 2583.03 
33 2597.61 
34 2739.05 
35 2529.25 
36 2609.90 
37 2685.11 
38 2732.66 
39 2708.05 
40 2601.99 
41 2617.38 
42 2707.79 
43 2585.68 
44 2624.17 
45 2528.77 
46 2695.56 
47 2569.11 
48 2575.42 
49 2732.03 
50 2516.19 
51 2665.40 
52 2630.86 
53 2775.41 
54 2692.02 
55 2635.40 
56 2653.70 
57 2654.18 
58 2675.71 
59 2637.30 
60 2555.11 
61 2653.10 
62 2591.41 
63 2716.72 
64 2725.79 
65 2637.61 
66 2661.69 
67 2597.72 
68 2672.87 
69 2796.05 
70 2618.31 
71 2696.47 
72 2733.17 
73 2571.20 
74 2603.11 
75 2695.82 
76 2625.34 
77 2706.60 
78 2772.38 
79 2739.50 
80 2652.35 
81 2664.72 
82 2515.12 
83 2667.16 
84 2581.98 
85 2661.76 
86 2617.27 
87 2686.54 
88 2654.52 
89 2671.50 
90 2713.73 
91 2629.36 
92 2571.19 
93 2698.89 
94 2749.09 
95 2650.69 
96 2589.38 
97 2708.33 
98 2712.87 
99 2519.46 
100 2641.01 
101 2638.23 
102 2699.35 
103 2731.69 
104 2650.69 
105 2574.92 
106 2658.69 
107 2695.80 
108 2632.94 
109 2632.47 
110 2711.26 
111 2726.60 
112 2670.85 
113 2743.41 
114 2611.83 
115 2616.76 
116 2589.06 
117 2666.56 
118 2639.41 
119 2757.70 
120 2692.76 
121 2645.00 
122 2557.12 
123 2580.68 
124 2755.22 
125 2593.46 
126 2569.56 
127 2685.28 
128 2641.00 
129 2539.53 
130 2707.86 
131 2670.43 
132 242.47 
133 2612.17 
134 2658.33 
135 2690.07 
136 2655.66 
137 2611.69 
138 2703.80 
139 2615.20 
140 2720.53 
141 2689.26 
142 2662.82 
143 2688.09 
144 2706.62 
145 2575.07 
146 2571.32 
147 2659.91 
148 2679.39 
149 2645.05 
150 2604.91 
151 2707.70 
152 2699.76 
153 2622.39 
154 2711.06 
155 2668.21 
156 2625.00 
157 2603.63 
158 2597.08 
159 2565.60 
160 2737.23 
161 2699.17 
162 2680.53 
163 2707.59 
164 2728.73 
165 2738.89 
166 2687.62 
167 2650.23 
168 2707.01 
169 2563.83 
170 2714.22 
171 2749.26 
172 2637.30 
173 2564.93 
174 2688.81 
175 2736.41 
176 2783.50 
177 2681.87 
178 2743.69 
179 2696.86 
180 2751.38 
181 2677.38 
182 2707.98 
183 2617.68 
184 2581.82 
185 2738.77 
186 2688.02 
187 2509.38 
188 2559.02 
189 2621.41 
190 2513.14 
191 2622.83 
192 2505.78 
193 2591.54 
194 2492.76 
195 2670.64 
196 2762.78 
197 2685.20 
198 2674.96 
199 2702.61 
200 2571.18 
201 2594.34 
202 2630.30 
203 1875.45 
204 2657.24 
205 2730.52 
206 2602.28 
207 2665.16 
208 2636.81 
209 2661.22 
210 2761.80 
211 2679.59 
212 2656.00 
213 2669.48 
214 2615.46 
215 2741.49 
216 2729.36 
217 2636.53 
218 2684.61 
219 2606.94 
220 2640.43 
221 2637.12 
222 2648.75 
223 2659.12 
224 2723.13 
225 2726.01 
226 2622.80 
227 2669.07 
228 2637.64 
229 2746.87 
230 2665.13 
231 2670.10 
232 2616.47 
233 845.25 
234 2542.72 
235 2658.81 
236 2687.65 
237 2670.26 
238 2708.69 
239 2634.60 
240 2709.14 
241 2678.34 
242 2675.18 
243 2578.69 
244 2661.20 
245 2628.55 
246 2661.74 
247 2561.49 
248 2605.74 
249 2565.28 
250 2684.06 
251 2589.77 
252 2609.50 
253 2731.05 
254 2621.32 
255 2641.09 
256 2654.89 
257 2730.62 
258 2605.23 
259 2555.32 
260 2739.30 
261 2679.50 
262 2608.12 
263 2567.26 
264 2555.86 
265 2670.07 
266 2695.29 
267 2663.79 
268 2579.63 
269 2565.57 
270 2577.53 
271 2521.35 
272 2588.85 
273 2680.10 
274 2751.82 
275 2694.63 
276 2752.98 
277 2576.38 
278 2643.94 
279 2718.22 
280 2656.49 
281 2731.78 
282 2593.71 
283 2613.44 
284 2562.10 
285 2583.50 
286 2640.33 
287 2697.84 
288 2655.67 
289 2658.40 
290 2730.13 
291 2735.35 
292 2664.61 
293 2702.58 
294 2650.03 
295 2615.96 
296 2591.05 
297 2741.78 
298 2661.38 
299 2790.64 
300 2721.44 
301 2584.99 
302 2647.34 
303 2726.95 
304 2670.68 
305 2668.18 
306 2653.48 
307 2763.72 
308 2665.48 
309 2728.08 
310 2650.93 
311 2686.69 
312 2340.91 
313 2768.05 
314 2693.83 
315 2749.14 
316 2710.14 
317 2766.06 
318 2673.95 
319 2715.78 
320 2622.38 
321 2635.27 
322 2627.77 
323 2791.50 
324 2695.56 
325 2672.82 
326 2611.43 
327 2732.77 
328 2650.36 
329 2549.78 
330 2649.95 
331 2724.28 
332 2571.70 
333 2774.46 
334 2676.62 
335 2683.66 
336 2757.47 
337 2579.68 
338 2645.68 
339 2616.42 
340 2723.83 
341 2696.33 
342 2684.73 
343 2616.33 
344 2662.35 
345 2682.82 
346 2580.97 
347 2687.83 
348 2587.14 
349 2648.15 
350 2568.05 
351 2733.61 
352 2697.94 
353 2633.17 
354 2643.61 
355 2594.91 
356 2662.03 
357 2701.32 
358 2843.45 
359 2553.31 
360 2692.49 
361 2731.03 
362 2755.66 
363 2773.78 
364 2725.23 
365 2760.45 
366 2695.59 
367 2680.85 
368 2697.57 
369 2686.59 
370 2758.66 
371 2686.29 
372 2667.01 
373 2725.05 
374 2651.10 
375 2675.70 
376 2699.47 
377 2847.64 
378 2725.97 
379 2688.28 
380 2722.61 
381 2664.03 
382 2729.51 
383 2712.04 
384 2707.24 
385 2606.22 
386 2651.15 
387 1626.06 
388 2723.09 
389 2684.25 
390 2687.09 
391 2720.93 
392 2620.99 
393 2615.56 
394 2773.05 
395 2607.65 
396 2687.61 
397 2638.25 
398 2578.64 
399 2663.15 
400 2723.04 
401 2664.84 
402 2726.37 
403 2614.40 
404 2627.60 
405 2653.64 
406 2732.52 
407 2674.96 
408 2622.98 
409 2618.37 
410 2706.84 
411 2620.77 
412 2591.27 
413 2647.97 
414 2676.12 
415 2695.20 
416 2574.93 
417 2629.48 
418 2659.20 
419 2648.29 
420 2627.85 
421 2585.12 
422 2593.97 
423 2705.55 
424 2673.22 
425 2655.45 
426 2677.18 
427 2756.46 
428 2473.52 
429 2607.33 
430 2709.60 
431 2647.14 
432 2702.21 
433 2646.17 
434 2747.30 
435 2644.48 
436 2527.56 
437 2611.18 
438 2757.51 
439 2641.16 
440 2737.59 
441 2648.14 
442 2714.01 
443 2648.75 
444 2669.83 
445 2682.18 
446 2679.56 
447 2677.56 
448 2653.92 
449 2781.04 
450 2648.34 
451 2673.58 
452 2684.53 
453 2730.50 
454 2742.77 
455 2654.55 
456 2828.11 
457 2728.78 
458 2798.82 
459 2659.51 
460 2608.38 
461 2604.20 
462 2791.17 
463 2702.56 
464 2755.35 
465 2778.67 
466 2722.45 
467 2730.43 
468 2742.37 
469 2678.98 
470 2764.52 
471 2748.00 
472 2703.90 
473 2743.47 
474 2751.56 
475 2733.28 
476 2577.19 
477 2706.45 
478 2736.71 
479 2706.90 
480 2727.25 
481 2747.86 
482 2594.68 
483 2694.14 
484 2600.05 
485 2718.51 
486 2709.06 
487 2739.54 
488 2631.78 
489 2663.46 
490 2662.35 
491 2730.10 
492 2660.30 
493 2748.48 
494 2683.85 
495 2757.33 
496 2709.67 
497 2748.75 
498 2674.05 
499 2548.30 
500 2757.59 
501 2728.35 
502 2600.01 
503 2554.91 
504 2614.88 
505 2712.64 
506 2729.92 
507 2589.10 
508 2709.66 
509 2661.15 
510 2791.98 
511 2711.25 
512 2537.50 
513 2816.59 
514 2741.68 
515 2669.71 
516 2749.59 
517 2568.39 
518 2783.29 
519 2715.74 
520 2579.06 
521 2706.32 
522 2735.81 
523 2691.46 
524 2748.46 
525 2640.60 
526 2694.84 
527 2664.00 
528 2583.23 
529 2664.89 
530 2741.57 
531 2659.90 
532 2714.93 
533 2607.28 
534 2802.17 
535 2690.55 
536 2762.33 
537 2632.35 
538 2579.70 
539 2735.76 
540 2635.78 
541 2741.00 
542 2701.41 
543 2767.17 
544 2658.01 
545 2751.21 
546 648.56 
547 2649.67 
548 2720.95 
549 2647.98 
550 2749.45 
551 2725.63 
552 2682.41 
553 2580.10 
554 2562.35 
555 2699.45 
556 2733.79 
557 2624.58 
558 2646.00 
559 2541.54 
560 2696.03 
561 2765.43 
562 2750.48 
563 2705.91 
564 2734.80 
565 2705.36 
566 2713.24 
567 2678.15 
568 2658.10 
569 2622.99 
570 2809.99 
571 2729.32 
572 2690.45 
573 2665.97 
574 2707.08 
575 2705.30 
576 2685.10 
577 2726.24 
578 2710.40 
579 2607.05 
580 2659.55 
581 2690.59 
582 2715.65 
583 2751.64 
584 2714.79 
585 2777.89 
586 2752.51 
587 2713.40 
588 2643.75 
589 2715.31 
590 2684.32 
591 2715.80 
592 2798.08 
593 2685.12 
594 2723.63 
595 2675.91 
596 2611.50 
597 2764.31 
598 2776.36 
599 2691.08 
600 2740.54 
601 2707.82 
602 2765.21 
603 2629.97 
604 2652.95 
605 2684.32 
606 2684.70 
607 2769.31 
608 2832.59 
609 2746.65 
610 2627.60 
611 2742.13 
612 2678.61 
613 2724.12 
614 2575.40 
615 2703.22 
616 2746.72 
617 2710.50 
618 2767.34 
619 2708.29 
620 2817.08 
621 2640.48 
622 2753.77 
623 2694.71 
624 2744.52 
625 2756.12 
626 2782.70 
627 2696.55 
628 2791.03 
629 2822.49 
630 2790.18 
631 2649.77 
632 2697.66 
633 2740.85 
634 2746.83 
635 2686.00 
636 2615.48 
637 2651.39 
638 2706.12 
639 2725.76 
640 2663.21 
641 2704.12 
642 2693.43 
643 2737.43 
644 2674.31 
645 2676.19 
646 2693.79 
647 2514.69 
648 2661.26 
649 2610.69 
650 2858.80 
651 2793.39 
652 2825.08 
653 2656.29 
654 2744.75 
655 2693.90 
656 2700.30 
657 2689.85 
658 2677.98 
659 2694.42 
660 2756.34 
661 2595.67 
662 2707.13 
663 468.28 
664 2740.46 
665 2752.72 
666 2655.33 
667 2753.40 
668 2692.39 
669 2544.85 
670 2686.35 
671 2627.96 
672 2717.67 
673 2773.73 
674 2687.37 
675 2697.18 
676 2750.01 
677 2790.25 
678 2773.44 
679 2766.31 
680 2727.68 
681 2701.46 
682 2746.74 
683 2810.40 
684 2767.37 
685 2723.52 
686 2784.98 
687 2659.44 
688 2718.03 
689 1913.07 
690 2660.34 
691 2628.55 
692 2671.52 
693 2698.44 
694 2727.93 
695 2623.21 
696 2743.09 
697 2720.98 
698 1877.50 
699 2760.83 
700 2732.39 
701 2684.16 
702 2654.64 
703 2565.69 
704 2806.74 
705 2686.47 
706 2707.19 
707 2661.08 
708 2730.71 
709 2732.81 
710 2774.83 
711 2705.15 
712 2630.08 
713 2589.36 
714 2588.64 
715 2785.53 
716 2705.67 
717 2781.97 
718 2733.65 
719 2743.11 
720 2649.59 
721 2608.96 
722 2802.22 
723 2726.41 
724 2718.26 
725 2785.76 
726 2849.88 
727 2698.88 
728 2766.31 
729 2649.42 
730 2699.75 
731 2840.52 
732 2713.57 
733 2684.81 
734 2664.07 
735 2727.69 
736 2691.62 
737 2695.77 
738 2757.86 
739 2739.17 
740 2745.99 
741 2652.64 
742 2662.76 
743 2633.49 
744 2688.18 
745 2659.23 
746 2742.79 
747 2733.25 
748 2716.08 
749 2719.20 
750 2654.12 
751 2648.69 
752 2587.47 
753 2691.80 
754 2586.56 
755 2720.36 
756 2769.57 
757 2646.44 
758 2482.36 
759 2756.34 
760 2782.08 
761 2730.25 
762 2569.46 
763 2720.85 
764 2561.33 
765 2733.23 
766 2676.64 
767 2715.68 
768 2752.93 
769 2636.63 
770 2638.38 
771 2645.49 
772 2677.32 
773 2783.95 
774 2691.03 
775 2733.42 
776 2628.21 
777 2655.98 
778 2582.04 
779 2606.69 
780 2643.33 
781 2772.79 
782 2636.43 
783 2740.59 
784 2585.19 
785 2820.11 
786 2746.59 
787 2714.56 
788 2695.09 
789 2714.29 
790 2668.39 
791 2810.74 
792 2787.54 
793 2755.49 
794 2535.48 
795 2645.02 
796 2712.46 
797 2646.66 
798 2707.15 
799 2728.99 
800 2681.74 
801 2773.70 
802 2724.25 
803 2800.29 
804 2738.53 
805 2600.99 
806 2778.83 
807 2617.60 
808 2649.55 
809 2653.15 
810 2718.14 
811 2692.87 
812 2568.04 
813 2694.49 
814 2715.18 
815 2789.55 
816 2698.98 
817 2644.25 
818 2607.28 
819 2753.14 
820 2752.24 
821 2671.71 
822 2685.07 
823 2705.13 
824 2702.29 
825 2616.89 
826 2628.06 
827 2561.32 
828 2730.23 
829 2709.90 
830 2693.52 
831 2700.50 
832 2674.93 
833 2694.76 
834 2812.70 
835 2731.38 
836 2737.86 
837 2712.71 
838 2791.83 
839 2706.26 
840 2755.42 
841 2674.79 
842 2725.22 
843 2659.27 
844 2631.48 
845 2753.35 
846 2598.55 
847 2742.76 
848 2787.03 
849 2551.82 
850 2836.74 
851 2690.99 
852 2719.11 
853 2690.09 
854 2751.01 
855 2664.48 
856 2807.60 
857 2899.54 
858 2822.89 
859 2605.47 
860 2657.30 
861 2724.11 
862 2769.79 
863 2701.27 
864 2894.69 
865 2705.96 
866 2647.99 
867 2712.06 
868 2769.31 
869 2651.83 
870 2698.96 
871 2808.24 
872 2660.62 
873 2723.71 
874 2694.69 
875 2708.91 
876 2755.50 
877 2622.29 
878 2730.35 
879 2782.83 
880 2718.45 
881 2855.04 
882 2772.37 
883 2600.12 
884 2737.74 
885 2798.00 
886 2707.96 
887 2745.28 
888 2730.92 
889 2692.28 
890 2697.75 
891 2714.06 
892 2714.49 
893 2657.16 
894 2620.14 
895 2658.90 
896 2739.12 
897 2861.32 
898 2627.46 
899 2759.55 
900 2839.90 
901 2749.32 
902 2747.89 
903 2739.20 
904 975.01 
905 2781.33 
906 2833.24 
907 2686.92 
908 2708.70 
909 2710.05 
910 2726.65 
911 2700.62 
912 2745.20 
913 2648.35 
914 2721.24 
915 2730.28 
916 2570.21 
917 2702.81 
918 2799.86 
919 2716.76 
920 2770.07 
921 2755.24 
922 2687.57 
923 2618.86 
924 2625.50 
925 2742.52 
926 2686.54 
927 2652.09 
928 2682.13 
929 2718.05 
930 2779.34 
931 2727.49 
932 2671.10 
933 2687.63 
934 2671.46 
935 2768.77 
936 2834.57 
937 2792.38 
938 2836.00 
939 2633.51 
940 2656.77 
941 2699.65 
942 2640.55 
943 2597.10 
944 2749.45 
945 2640.49 
946 2712.37 
947 2797.04 
948 2732.13 
949 2655.00 
950 2743.09 
951 2771.07 
952 2694.12 
953 2654.98 
954 2691.21 
955 2639.17 
956 2738.34 
957 2777.08 
958 2735.82 
959 2622.17 
960 2773.72 
961 2771.96 
962 2564.80 
963 2747.80 
964 2703.91 
965 2758.51 
966 2753.40 
967 2829.50 
968 2613.39 
969 2819.18 
970 2801.22 
971 2685.12 
972 2704.94 
973 2761.04 
974 2626.10 
975 2821.51 
976 2765.49 
977 2732.74 
978 2761.63 
979 2667.52 
980 2775.13 
981 2685.49 
982 2833.58 
983 2725.50 
984 2787.39 
985 2781.60 
986 2680.85 
987 2665.25 
988 2661.34 
989 2654.09 
990 2627.44 
991 2776.33 
992 2717.21 
993 2745.21 
994 2729.42 
995 2759.61 
996 2066.08 
997 2663.77 
998 2705.07 
999 2706.02 
1000 2769.62 
1001 2741.56 
1002 2760.05 
1003 2593.12 
1004 2772.52 
1005 2724.92 
1006 2728.42 
1007 2639.47 
1008 2702.31 
1009 2721.37 
1010 2866.77 
0 2705.58 
1 2683.39 
2 2745.64 
3 2602.18 
4 2902.93 
5 2752.27 
6 2645.87 
7 2749.71 
8 2637.16 
9 2819.67 
10 2717.65 
11 2655.25 
12 2648.00 
13 2843.98 
14 2821.49 
15 2704.07 
16 -219.16 
17 2835.99 
18 2777.33 
19 2675.81 
20 2706.19 
21 2803.25 
22 2667.73 
23 2756.70 
24 2690.24 
25 2697.76 
26 2662.26 
27 2773.92 
28 2845.13 
29 2785.17 
30 2696.12 
31 2796.81 
32 2682.48 
33 2766.22 
34 2785.80 
35 2735.46 
36 2730.90 
37 2794.38 
38 2711.85 
39 2784.82 
40 2737.93 
41 2728.76 
42 2580.26 
43 2615.73 
44 2826.46 
45 2733.22 
46 2797.39 
47 2790.69 
48 2755.59 
49 2713.50 
50 2799.53 
51 2688.58 
52 1890.50 
53 2752.64 
54 2712.62 
55 2816.70 
56 2797.28 
57 2878.80 
58 2715.38 
59 2780.13 
60 2812.71 
61 2689.80 
62 2766.42 
63 2775.33 
64 2690.68 
65 2834.28 
66 2681.86 
67 2697.10 
68 2687.73 
69 2644.01 
70 2807.14 
71 2701.56 
72 2731.07 
73 2692.16 
74 2670.51 
75 2668.97 
76 2767.46 
77 2690.15 
78 2760.11 
79 2748.07 
80 2801.07 
81 2712.16 
82 2778.76 
83 2706.68 
84 2792.17 
85 2736.83 
86 2777.30 
87 2760.53 
88 2715.38 
89 2643.11 
90 2775.91 
91 2711.38 
92 2731.39 
93 2773.75 
94 2782.87 
95 2722.34 
96 2722.38 
97 2819.26 
98 2726.96 
99 2799.52 
100 2806.07 
101 2832.00 
102 2793.12 
103 2707.32 
104 2790.31 
105 2665.13 
106 2747.85 
107 2772.90 
108 2714.97 
109 2862.65 
110 2533.51 
111 2703.49 
112 2665.55 
113 2738.14 
114 2841.86 
115 2705.19 
116 2859.94 
117 2760.13 
118 2732.10 
119 2853.36 
120 2727.73 
121 2711.26 
122 2723.94 
123 2815.35 
124 2799.47 
125 2774.07 
126 2758.71 
127 2720.56 
128 2666.65 
129 2780.05 
130 2667.56 
131 2688.90 
132 2767.74 
133 2659.50 
134 2746.84 
135 2722.76 
136 2806.00 
137 2808.43 
138 2623.64 
139 2732.91 
140 2703.60 
141 2680.63 
142 2694.14 
143 2670.56 
144 2579.59 
145 2786.21 
146 2797.78 
147 2645.18 
148 2797.05 
149 2631.61 
150 2721.88 
151 2879.81 
152 2721.40 
153 2731.37 
154 2706.37 
155 2796.81 
156 2792.97 
157 2817.21 
158 2757.25 
159 2888.77 
160 2672.54 
161 2741.50 
162 2665.64 
163 2649.72 
164 2745.20 
165 2712.01 
166 2862.39 
167 2602.86 
168 736.69 
169 2624.61 
170 2843.87 
171 2709.79 
172 2567.56 
173 2758.82 
174 2734.55 
175 2705.22 
176 2807.97 
177 2735.73 
178 2676.99 
179 2820.20 
180 2813.22 
181 2718.83 
182 2753.62 
183 2643.78 
184 2683.09 
185 2772.64 
186 2800.64 
187 2735.79 
188 2695.44 
189 2768.44 
190 2824.42 
191 2675.82 
192 2721.43 
193 2691.16 
194 2743.39 
195 2678.50 
196 2722.26 
197 2775.82 
198 2701.66 
199 2734.28 
200 2766.56 
201 2792.94 
202 2716.64 
203 2618.61 
204 2464.94 
205 2752.97 
206 2636.25 
207 2586.10 
208 2727.01 
209 2859.41 
210 2773.16 
211 2784.58 
212 2711.59 
213 2715.79 
214 2776.20 
215 2808.98 
216 2751.33 
217 2673.03 
218 2708.05 
219 2679.63 
220 2789.46 
221 2734.61 
222 2713.19 
223 2756.54 
224 2689.33 
225 2730.38 
226 2702.00 
227 2621.11 
228 2683.25 
229 2688.64 
230 2623.61 
231 2639.21 
232 2751.46 
233 2782.40 
234 2742.81 
235 2751.79 
236 2254.05 
237 2716.15 
238 2734.57 
239 2702.46 
240 2776.23 
241 2821.56 
242 2711.92 
243 2687.04 
244 2841.38 
245 2759.05 
246 2888.03 
247 2789.79 
248 2781.96 
249 2583.13 
250 2773.58 
251 2747.10 
252 2794.50 
253 2759.16 
254 2766.97 
255 2771.03 
256 2808.23 
257 2737.86 
258 2732.85 
259 2767.45 
260 2632.72 
261 2631.82 
262 2775.82 
263 2791.88 
264 2779.03 
265 2759.16 
266 2886.20 
267 2763.69 
268 2831.40 
269 2807.63 
270 2691.48 
271 2800.16 
272 2733.83 
273 2678.87 
274 2664.55 
275 2815.53 
276 2809.98 
277 2743.12 
278 2772.94 
279 2760.13 
280 2788.70 
281 2666.60 
282 2775.25 
283 2783.11 
284 2715.87 
285 2743.48 
286 2780.06 
287 2766.12 
288 2705.18 
289 2724.02 
290 2749.74 
291 2803.11 
292 2673.35 
293 2712.98 
294 2730.32 
295 2844.58 
296 2657.29 
297 2810.66 
298 2711.28 
299 2772.95 
300 2773.81 
301 2740.56 
302 2688.66 
303 2726.59 
304 2705.71 
305 2709.58 
306 2693.81 
307 2754.63 
308 2683.74 
309 2821.55 
310 2701.57 
311 2798.41 
312 2798.71 
313 2692.56 
314 2666.77 
315 2763.10 
316 2781.64 
317 2609.86 
318 2860.12 
319 2803.56 
320 2697.94 
321 2687.95 
322 2730.11 
323 2798.25 
324 2735.65 
325 2812.88 
326 2590.87 
327 2753.87 
328 2790.42 
329 2711.15 
330 2775.82 
331 2845.69 
332 2875.48 
333 2680.50 
334 2844.91 
335 2768.29 
336 2688.50 
337 2779.41 
338 2740.02 
339 2783.26 
340 2842.39 
341 2764.24 
342 2863.63 
343 2728.22 
344 2785.45 
345 2733.50 
346 2784.76 
347 2693.41 
348 2788.12 
349 2709.42 
350 2679.99 
351 2792.33 
352 2752.23 
353 2715.85 
354 2642.66 
355 2809.21 
356 2790.18 
357 2736.64 
358 2750.81 
359 2766.76 
360 2727.18 
361 2864.26 
362 2825.92 
363 2782.45 
364 2838.02 
365 2811.77 
366 2669.25 
367 2706.40 
368 2748.87 
369 2906.53 
370 2824.53 
371 2752.22 
372 2789.67 
373 2733.54 
374 2761.39 
375 2839.32 
376 2703.11 
377 2759.49 
378 2721.92 
379 2797.09 
380 2704.45 
381 2739.95 
382 2761.92 
383 2691.44 
384 2835.67 
385 2869.50 
386 2717.90 
387 2734.95 
388 2765.15 
389 790.39 
390 2714.33 
391 2797.40 
392 2623.14 
393 2769.90 
394 2769.83 
395 2762.65 
396 2763.45 
397 2672.28 
398 2806.86 
399 2803.09 
400 2854.08 
401 2876.65 
402 2818.99 
403 2743.59 
404 2851.12 
405 2797.37 
406 2711.66 
407 2675.81 
408 2721.10 
409 2658.49 
410 2800.69 
411 2827.11 
412 2825.70 
413 2880.34 
414 2724.53 
415 2835.53 
416 2713.86 
417 2770.97 
418 2880.53 
419 2769.62 
420 2743.80 
421 2765.31 
422 2717.79 
423 2727.61 
424 2727.57 
425 2638.72 
426 2793.47 
427 2851.41 
428 2888.64 
429 2771.79 
430 2684.97 
431 2801.71 
432 2704.29 
433 2819.17 
434 2796.57 
435 2772.42 
436 2810.70 
437 2808.78 
438 2843.75 
439 2845.65 
440 2810.05 
441 2705.55 
442 2775.38 
443 2849.73 
444 2604.66 
445 2732.40 
446 2842.72 
447 2801.24 
448 2839.89 
449 2830.37 
450 2780.56 
451 2782.07 
452 2750.60 
453 2729.17 
454 2710.98 
455 2710.71 
456 2777.20 
457 2718.80 
458 2763.55 
459 2755.76 
460 2858.94 
461 2595.25 
462 2837.45 
463 2795.17 
464 2915.58 
465 2814.27 
466 2776.39 
467 2700.02 
468 2717.98 
469 2820.89 
470 2787.20 
471 2825.91 
472 2659.93 
473 2688.95 
474 2759.96 
475 2747.61 
476 2891.37 
477 2618.73 
478 2769.92 
479 2739.99 
480 2784.88 
481 2897.36 
482 2825.08 
483 2746.58 
484 2836.90 
485 2757.20 
486 2765.37 
487 2782.47 
488 2761.33 
489 2748.23 
490 2813.61 
491 2755.45 
492 2878.95 
493 2803.83 
494 2812.45 
495 2834.87 
496 2798.52 
497 2720.55 
498 2745.61 
499 2818.49 
500 2809.85 
501 2670.81 
502 2702.20 
503 2699.95 
504 2811.37 
505 2746.00 
506 2700.06 
507 2838.49 
508 2674.99 
509 2751.50 
510 2683.87 
511 2679.64 
512 2816.62 
513 2707.48 
514 2820.38 
515 2718.54 
516 2813.44 
517 2720.22 
518 2843.17 
519 2811.38 
520 2755.15 
521 2829.04 
522 2875.05 
523 2665.58 
524 2686.84 
525 2669.51 
526 2871.56 
527 2653.36 
528 2816.28 
529 2763.15 
530 2673.94 
531 2833.19 
532 2827.09 
533 2822.35 
534 2821.23 
535 2745.01 
536 2813.11 
537 2782.80 
538 2889.67 
539 2733.36 
540 2824.79 
541 2803.82 
542 2729.00 
543 2628.91 
544 2664.27 
545 2887.82 
546 2634.87 
547 2807.57 
548 2800.65 
549 2823.71 
550 2707.99 
551 2815.40 
552 2781.84 
553 2746.80 
554 2691.34 
555 2775.38 
556 2758.23 
557 2786.07 
558 2644.08 
559 2848.00 
560 2838.69 
561 2755.70 
562 2720.91 
563 2663.66 
564 2817.01 
565 2765.55 
566 2850.16 
567 2697.38 
568 2820.93 
569 2817.48 
570 2717.82 
571 2771.97 
572 2864.80 
573 2929.46 
574 2818.95 
575 2786.17 
576 2683.63 
577 2710.64 
578 2763.95 
579 2689.49 
580 2691.56 
581 2679.26 
582 2829.21 
583 2784.26 
584 2879.48 
585 2743.13 
586 2814.38 
587 2796.27 
588 2807.36 
589 2755.23 
590 2861.14 
591 2778.59 
592 2842.13 
593 2756.80 
594 2755.95 
595 2703.02 
596 2775.63 
597 2811.48 
598 2783.54 
599 2743.69 
600 2808.13 
601 2805.51 
602 2763.34 
603 2738.64 
604 2738.27 
605 2911.03 
606 2837.23 
607 2810.35 
608 2856.99 
609 2825.66 
610 2642.11 
611 2830.18 
612 2803.25 
613 2795.71 
614 2803.27 
615 2737.88 
616 2838.43 
617 2670.58 
618 2657.12 
619 2685.32 
620 2701.52 
621 2780.84 
622 2685.91 
623 2819.27 
624 2729.98 
625 2813.65 
626 2763.35 
627 2608.31 
628 2847.20 
629 2908.18 
630 2646.67 
631 2849.07 
632 2784.05 
633 2674.03 
634 2740.60 
635 2806.23 
636 2645.76 
637 2860.78 
638 2761.35 
639 2716.87 
640 2832.92 
641 2770.49 
642 2742.30 
643 2787.48 
644 2718.08 
645 2772.98 
646 2802.68 
647 2806.01 
648 2766.88 
649 2780.02 
650 2790.95 
651 505.96 
652 2775.37 
653 2857.84 
654 2864.07 
655 2650.80 
656 2747.60 
657 2788.13 
658 2746.01 
659 2735.55 
660 2792.48 
661 2693.15 
662 2675.49 
663 2793.85 
664 2740.09 
665 2819.80 
666 2745.56 
667 2783.72 
668 2780.97 
669 2881.90 
670 2706.17 
671 2780.12 
672 2788.40 
673 2790.88 
674 2862.05 
675 2798.14 
676 2822.75 
677 2743.15 
678 2749.69 
679 2707.26 
680 2731.23 
681 2826.36 
682 2771.38 
683 2662.98 
684 2793.39 
685 2648.53 
686 2815.18 
687 2807.21 
688 2843.90 
689 2799.65 
690 2736.74 
691 2686.05 
692 2786.32 
693 2782.79 
694 2769.94 
695 2736.34 
696 2808.93 
697 2716.83 
698 2782.96 
699 2771.58 
700 2892.51 
701 2810.05 
702 2724.81 
703 2748.87 
704 2744.34 
705 2804.99 
706 2841.07 
707 2768.88 
708 2765.89 
709 2730.88 
710 1421.33 
711 2788.79 
712 2822.71 
713 2886.13 
714 2693.57 
715 2835.97 
716 2754.92 
717 2776.05 
718 2754.96 
719 2753.76 
720 2811.76 
721 2771.30 
722 2812.83 
723 2734.31 
724 2715.19 
725 2787.23 
726 2839.53 
727 2833.53 
728 2861.52 
729 2725.00 
730 2736.01 
731 2821.23 
732 2879.63 
733 2914.22 
734 2791.51 
735 2716.15 
736 2828.09 
737 2844.70 
738 2809.41 
739 2758.68 
740 2705.07 
741 2924.93 
742 2759.15 
743 2700.69 
744 2836.62 
745 2872.70 
746 2901.07 
747 2753.92 
748 1891.77 
749 2803.95 
750 2815.33 
751 2723.59 
752 2839.05 
753 2718.96 
754 2772.13 
755 2742.85 
756 2798.97 
757 2689.17 
758 2862.85 
759 2759.14 
760 2870.52 
761 2686.71 
762 2701.03 
763 2829.55 
764 2864.61 
765 2691.76 
766 2735.22 
767 2816.54 
768 2787.61 
769 2786.22 
770 2772.94 
771 2714.28 
772 2749.21 
773 2823.28 
774 2868.56 
775 2728.15 
776 2711.62 
777 2772.11 
778 2786.22 
779 2870.24 
780 2829.55 
781 2811.52 
782 2784.45 
783 2855.42 
784 2880.78 
785 2758.38 
786 2831.09 
787 2710.77 
788 2762.84 
789 2770.27 
790 2752.74 
791 2813.46 
792 2765.01 
793 2805.14 
794 2751.70 
795 2792.88 
796 2776.53 
797 2726.52 
798 2769.48 
799 2713.81 
800 2860.47 
801 2854.25 
802 2827.64 
803 2880.24 
804 2883.57 
805 2847.59 
806 2781.49 
807 2808.44 
808 2666.89 
809 2769.05 
810 2819.00 
811 2788.93 
812 2770.82 
813 2675.57 
814 2867.18 
815 2727.18 
816 2833.85 
817 2741.14 
818 2757.62 
819 2699.63 
820 2794.65 
821 2833.52 
822 2666.50 
823 2777.78 
824 2783.33 
825 2852.24 
826 2784.13 
827 2832.12 
828 2704.93 
829 2809.61 
830 2796.59 
831 2810.81 
832 2640.63 
833 2828.82 
834 2679.55 
835 2760.65 
836 2758.55 
837 2766.85 
838 2803.22 
839 2743.55 
840 2775.43 
841 2678.98 
842 2798.57 
843 2819.07 
844 2802.55 
845 2835.81 
846 2838.31 
847 2755.89 
848 2755.11 
849 2773.84 
850 2781.98 
851 2777.95 
852 2812.31 
853 2746.71 
854 2811.82 
855 2841.50 
856 2879.73 
857 2645.25 
858 2786.17 
859 2740.15 
860 2823.96 
861 2666.62 
862 2651.46 
863 2673.52 
864 2725.71 
865 2773.90 
866 2768.71 
867 2726.83 
868 2423.90 
869 2749.14 
870 2828.54 
871 2713.25 
872 2701.57 
873 2740.62 
874 2733.94 
875 2666.87 
876 2747.44 
877 2829.45 
878 2860.27 
879 2668.37 
880 2801.87 
881 2754.29 
882 2728.69 
883 2744.14 
884 2683.99 
885 2735.06 
886 2829.72 
887 2702.21 
888 2789.23 
889 2852.43 
890 2816.13 
891 2756.54 
892 2814.46 
893 2728.13 
894 2700.94 
895 2817.53 
896 2707.03 
897 2728.82 
898 2849.38 
899 2859.26 
900 168.69 
901 2781.56 
902 2780.38 
903 2780.58 
904 2785.07 
905 2815.47 
906 2745.39 
907 2716.96 
908 2806.42 
909 2759.49 
910 2849.38 
911 2689.21 
912 -142.75 
913 1717.34 
914 2874.35 
915 2826.35 
916 2714.78 
917 2800.10 
918 2744.54 
919 2896.12 
920 2759.96 
921 2818.63 
922 2911.97 
923 2782.17 
924 2853.02 
925 2778.62 
926 2679.31 
927 2798.88 
928 2687.50 
929 2831.20 
930 2810.26 
931 2781.09 
932 2880.77 
933 2818.82 
934 2778.96 
935 2812.54 
936 2762.95 
937 2790.06 
938 2851.39 
939 2820.59 
940 2734.53 
941 2876.77 
942 2877.38 
943 2821.51 
944 2742.89 
945 2845.73 
946 2782.89 
947 1315.27 
948 2882.84 
949 2217.80 
950 2856.99 
951 2820.05 
952 2853.24 
953 2843.37 
954 2836.71 
955 2644.84 
956 2805.66 
957 2774.89 
958 2736.36 
959 2719.75 
960 2813.79 
961 2798.88 
962 2894.06 
963 2778.49 
964 2747.85 
965 2795.90 
966 2813.83 
967 2713.51 
968 2747.50 
969 2728.86 
970 2855.71 
971 2850.77 
972 2809.35 
973 2716.42 
974 2720.28 
975 2804.44 
976 2831.21 
977 2773.44 
978 2732.68 
979 2821.52 
980 2719.48 
981 2838.45 
982 2728.73 
983 2851.22 
984 2849.23 
985 2858.93 
986 2744.54 
987 2737.38 
988 2845.93 
989 2814.52 
990 2876.23 
991 2730.24 
992 2791.87 
993 2847.11 
994 2698.61 
995 2795.53 
996 2896.37 
997 2909.27 
998 2785.25 
999 2752.72 
1000 2713.78 
1001 2776.96 
1002 2847.50 
1003 2764.37 
1004 2809.27 
1005 2830.32 
1006 2857.25 
1007 2776.67 
1008 2794.03 
1009 2864.53 
1010 2829.58 
1011 2778.65 
1012 2734.80 
1013 2708.44 
1014 2823.77 
1015 2851.63 
1016 2843.34 
1017 2863.93 
0 2724.08 
1 2811.29 
2 2748.50 
3 2798.01 
4 2801.32 
5 2824.31 
6 2782.29 
7 2751.23 
8 2828.35 
9 2784.43 
10 2742.97 
11 2814.17 
12 2866.57 
13 2764.49 
14 2764.54 
15 2825.64 
16 2884.97 
17 2742.38 
18 2858.65 
19 2642.04 
20 2861.41 
21 2752.26 
22 2846.19 
23 2884.36 
24 2750.97 
25 2871.91 
26 2802.32 
27 2710.68 
28 2768.95 
29 2921.70 
30 2816.47 
31 2659.37 
32 2891.64 
33 2823.82 
34 2749.14 
35 2822.59 
36 2813.57 
37 2876.57 
38 2749.84 
39 2857.11 
40 2771.81 
41 2803.46 
42 2785.06 
43 2751.71 
44 2720.91 
45 2815.23 
46 2771.45 
47 2782.06 
48 2805.92 
49 2831.94 
50 2745.89 
51 2913.77 
52 2794.74 
53 2797.99 
54 2898.80 
55 2838.74 
56 1945.27 
57 2907.33 
58 2848.72 
59 2804.67 
60 2780.56 
61 2784.07 
62 2908.93 
63 2807.70 
64 2875.15 
65 2817.07 
66 2933.63 
67 2890.39 
68 2815.87 
69 2743.49 
70 2779.27 
71 2776.65 
72 2803.39 
73 2741.24 
74 2817.84 
75 2694.37 
76 2801.45 
77 2715.84 
78 2789.74 
79 2883.63 
80 2760.05 
81 2895.98 
82 2779.30 
83 2774.49 
84 2830.06 
85 2756.31 
86 2769.35 
87 2865.64 
88 2767.72 
89 2737.15 
90 2776.63 
91 2798.39 
92 2779.08 
93 2761.51 
94 2760.48 
95 2718.67 
96 2798.61 
97 2877.77 
98 2733.14 
99 2841.23 
100 2738.91 
101 2815.57 
102 2863.86 
103 2737.98 
104 2853.29 
105 2642.89 
106 2719.46 
107 2774.04 
108 2721.47 
109 2882.60 
110 2843.18 
111 2834.28 
112 2886.86 
113 2904.87 
114 2887.22 
115 2744.32 
116 2806.15 
117 2831.43 
118 2876.91 
119 2695.88 
120 2830.46 
121 2820.01 
122 2826.13 
123 2808.86 
124 2774.15 
125 2905.56 
126 2646.59 
127 2782.77 
128 2896.52 
129 2741.73 
130 2857.85 
131 2761.58 
132 2859.51 
133 2868.03 
134 2904.71 
135 2773.47 
136 2891.04 
137 2864.33 
138 2751.54 
139 2729.12 
140 2831.66 
141 2715.41 
142 2861.76 
143 2714.93 
144 2874.96 
145 2815.72 
146 2803.03 
147 2921.02 
148 2853.90 
149 2824.45 
150 2756.64 
151 2850.96 
152 2784.91 
153 2798.59 
154 2934.32 
155 2727.11 
156 2844.87 
157 2826.24 
158 2840.43 
159 2818.77 
160 2742.62 
161 2833.41 
162 2834.21 
163 2881.59 
164 2799.46 
165 2865.41 
166 2879.37 
167 2840.70 
168 2802.33 
169 2850.07 
170 2866.14 
171 2798.26 
172 2895.73 
173 2852.06 
174 2790.39 
175 2809.76 
176 2890.67 
177 2809.31 
178 2850.31 
179 2871.28 
180 2795.18 
181 2856.11 
182 2832.38 
183 2741.25 
184 2901.88 
185 2848.44 
186 2750.89 
187 2780.19 
188 2840.15 
189 2819.12 
190 2780.76 
191 2776.34 
192 2613.92 
193 2881.40 
194 2881.85 
195 2763.70 
196 2809.12 
197 2859.10 
198 2795.95 
199 2805.81 
200 2827.04 
201 2832.27 
202 2856.72 
203 2761.44 
204 2932.64 
205 2817.43 
206 2763.62 
207 2863.45 
208 2799.12 
209 2804.94 
210 2850.80 
211 2787.73 
212 2747.06 
213 2749.16 
214 2789.61 
215 2816.33 
216 2813.62 
217 2780.61 
218 2840.30 
219 2821.04 
220 2882.56 
221 2874.84 
222 2706.80 
223 2778.44 
224 2848.51 
225 2870.23 
226 2820.77 
227 2860.21 
228 2813.54 
229 2808.19 
230 2846.42 
231 2828.50 
232 2914.04 
233 2837.01 
234 2706.09 
235 2692.22 
236 2767.32 
237 2792.86 
238 2854.33 
239 2785.57 
240 2856.29 
241 2760.33 
242 2852.82 
243 2871.13 
244 2786.75 
245 2790.45 
246 2810.69 
247 2664.43 
248 2809.33 
249 2872.68 
250 2881.09 
251 2879.04 
252 2866.38 
253 2697.51 
254 2833.70 
255 2778.38 
256 2779.21 
257 2746.45 
258 2777.87 
259 2847.47 
260 2773.39 
261 2930.26 
262 2727.60 
263 2782.90 
264 2727.59 
265 2902.16 
266 2795.79 
267 2828.95 
268 2815.09 
269 2935.14 
270 2767.52 
271 2764.06 
272 2791.44 
273 2790.09 
274 2743.46 
275 2803.46 
276 2728.59 
277 2743.76 
278 2751.29 
279 2626.57 
280 2828.24 
281 2799.52 
282 2754.32 
283 2764.95 
284 2755.40 
285 2828.04 
286 2747.01 
287 2819.31 
288 2688.86 
289 2683.90 
290 2779.09 
291 2753.66 
292 2818.97 
293 2810.66 
294 2805.95 
295 2813.20 
296 2824.15 
297 2801.73 
298 2854.57 
299 2787.28 
300 2766.57 
301 2698.90 
302 2789.42 
303 2747.99 
304 2774.97 
305 2719.64 
306 2827.28 
307 2809.90 
308 2695.32 
309 2812.89 
310 2861.44 
311 2780.25 
312 2832.91 
313 2827.05 
314 2729.63 
315 2783.10 
316 2742.75 
317 2824.35 
318 2858.55 
319 2813.67 
320 2774.81 
321 2737.12 
322 2834.74 
323 2883.73 
324 2792.77 
325 2839.12 
326 2708.40 
327 2832.88 
328 2835.31 
329 2800.57 
330 2829.32 
331 2797.47 
332 2871.33 
333 2903.75 
334 2948.17 
335 2900.29 
336 2755.51 
337 2815.71 
338 2835.15 
339 2743.62 
340 2770.55 
341 2852.29 
342 2888.28 
343 2769.08 
344 2754.23 
345 2736.71 
346 2776.25 
347 2855.80 
348 2817.74 
349 2840.44 
350 2687.69 
351 2794.16 
352 2772.11 
353 2810.63 
354 2838.35 
355 2811.97 
356 2777.07 
357 2709.99 
358 2888.77 
359 2856.55 
360 2707.33 
361 2742.66 
362 2734.98 
363 2714.75 
364 2781.27 
365 2806.65 
366 2698.56 
367 2864.56 
368 2819.67 
369 2804.22 
370 2799.55 
371 2771.47 
372 2742.15 
373 2752.07 
374 2805.72 
375 2861.82 
376 2836.85 
377 2872.23 
378 2791.07 
379 2753.54 
380 2716.23 
381 2894.40 
382 2886.12 
383 2780.84 
384 2789.29 
385 2875.84 
386 2843.95 
387 2826.91 
388 2895.51 
389 2857.25 
390 2765.55 
391 2807.64 
392 2841.01 
393 2865.04 
394 2842.73 
395 2813.92 
396 2858.16 
397 2861.53 
398 2726.21 
399 2756.16 
400 2856.05 
401 2812.95 
402 2826.77 
403 2786.81 
404 2701.90 
405 2792.42 
406 2906.54 
407 2742.89 
408 2858.04 
409 2806.07 
410 2694.64 
411 2865.68 
412 2847.65 
413 2832.80 
414 2896.83 
415 2882.08 
416 2835.92 
417 2771.08 
418 2783.37 
419 2752.44 
420 2885.29 
421 2758.97 
422 2813.50 
423 2818.72 
424 2733.76 
425 2788.12 
426 2810.08 
427 2894.88 
428 2827.72 
429 2786.03 
430 2871.47 
431 2704.68 
432 2816.04 
433 2788.59 
434 2719.89 
435 2837.79 
436 2877.37 
437 2716.50 
438 2783.69 
439 2679.33 
440 2821.35 
441 2918.95 
442 2776.14 
443 2823.33 
444 2904.42 
445 2905.72 
446 2826.00 
447 2865.14 
448 2865.66 
449 2869.83 
450 2742.06 
451 2772.06 
452 2850.75 
453 2759.60 
454 2760.69 
455 2832.40 
456 2764.86 
457 2874.35 
458 2819.88 
459 2757.50 
460 2857.32 
461 2797.17 
462 2879.11 
463 2889.98 
464 2910.87 
465 2904.57 
466 2819.02 
467 2773.90 
468 2941.53 
469 2750.77 
470 2721.79 
471 2833.84 
472 2725.90 
473 2840.38 
474 2847.88 
475 2767.61 
476 2766.10 
477 2766.39 
478 2769.25 
479 2958.37 
480 2814.70 
481 2777.73 
482 2817.07 
483 2832.41 
484 2767.71 
485 2866.41 
486 2868.07 
487 2877.45 
488 2785.65 
489 2871.37 
490 2892.65 
491 2890.31 
492 2793.55 
493 2846.82 
494 2840.05 
495 2767.59 
496 2746.87 
497 2817.15 
498 2804.12 
499 2810.83 
500 2810.20 
501 2863.67 
502 2775.70 
503 2837.90 
504 2946.70 
505 2850.54 
506 2847.59 
507 2771.28 
508 2880.21 
509 2770.75 
510 2838.25 
511 2901.72 
512 2862.63 
513 2782.11 
514 2825.04 
515 2766.90 
516 2827.55 
517 2778.29 
518 2827.34 
519 2836.50 
520 2886.63 
521 2740.84 
522 2835.64 
523 2890.20 
524 2943.56 
525 2757.40 
526 2786.01 
527 2852.55 
528 2831.66 
529 2865.32 
530 2731.57 
531 2918.08 
532 2809.10 
533 2793.47 
534 2768.43 
535 2835.71 
536 2754.20 
537 2818.42 
538 2895.36 
539 2931.72 
540 2782.55 
541 2816.04 
542 2822.64 
543 2828.58 
544 2868.48 
545 2917.03 
546 2842.92 
547 2779.35 
548 2711.76 
549 2930.29 
550 2900.22 
551 2804.86 
552 2866.41 
553 2739.89 
554 2817.67 
555 2738.24 
556 2807.77 
557 2762.35 
558 2835.76 
559 2925.40 
560 2814.43 
561 2842.28 
562 2821.40 
563 2734.38 
564 2808.13 
565 2810.23 
566 2898.02 
567 2790.55 
568 2812.86 
569 2771.82 
570 2868.55 
571 2739.46 
572 2871.81 
573 2815.24 
574 2720.09 
575 2772.23 
576 2753.17 
577 2893.51 
578 2857.83 
579 2812.54 
580 2775.11 
581 2770.44 
582 2636.72 
583 2764.23 
584 2844.77 
585 2869.18 
586 2748.00 
587 2821.26 
588 2790.57 
589 2904.87 
590 2683.51 
591 2789.19 
592 2734.74 
593 2844.82 
594 2828.43 
595 2822.91 
596 2885.10 
597 2794.36 
598 2804.62 
599 2753.85 
600 2825.25 
601 2797.77 
602 2858.97 
603 2794.82 
604 2732.30 
605 2800.27 
606 2832.17 
607 2813.09 
608 2863.18 
609 2842.04 
610 2830.41 
611 2837.89 
612 2844.50 
613 2709.84 
614 2858.78 
615 2818.02 
616 2722.58 
617 2901.80 
618 2793.25 
619 2766.11 
620 2878.97 
621 2844.42 
622 2837.60 
623 2805.55 
624 2859.09 
625 2830.93 
626 2884.83 
627 2904.35 
628 2801.20 
629 2867.12 
630 2789.86 
631 2810.72 
632 2788.05 
633 2744.99 
634 2857.39 
635 2839.67 
636 2767.54 
637 2785.51 
638 2934.12 
639 2688.56 
640 2773.53 
641 2782.92 
642 2942.96 
643 2758.94 
644 2859.22 
645 2792.38 
646 2842.65 
647 2842.54 
648 2818.03 
649 2763.91 
650 2790.47 
651 2880.70 
652 2825.99 
653 2809.90 
654 2825.03 
655 2892.38 
656 2756.32 
657 2803.98 
658 2877.23 
659 2758.84 
660 2936.64 
661 2841.83 
662 2923.25 
663 2830.32 
664 2888.88 
665 2914.13 
666 2957.11 
667 2865.12 
668 819.12 
669 2753.49 
670 2823.88 
671 2887.60 
672 2889.38 
673 2891.29 
674 2819.18 
675 2796.70 
676 2810.96 
677 2798.61 
678 2763.50 
679 2857.47 
680 2777.77 
681 2896.43 
682 2613.12 
683 2814.33 
684 2837.03 
685 2920.75 
686 2858.69 
687 2833.44 
688 2880.76 
689 2776.16 
690 2820.86 
691 2757.19 
692 2789.68 
693 2771.98 
694 3034.82 
695 2807.33 
696 2789.81 
697 269.61 
698 2770.55 
699 2798.82 
700 2765.46 
701 2943.77 
702 2823.42 
703 2795.51 
704 2712.79 
705 2816.51 
706 2767.30 
707 2901.17 
708 2889.73 
709 2755.52 
710 2932.00 
711 2819.84 
712 2743.46 
713 2823.82 
714 2785.72 
715 2750.73 
716 2758.59 
717 2729.46 
718 2830.11 
719 2860.13 
720 2837.27 
721 2787.31 
722 2809.03 
723 2851.66 
724 2837.19 
725 2870.90 
726 2805.79 
727 2809.38 
728 2955.42 
729 2865.74 
730 2833.93 
731 2783.44 
732 2879.43 
733 2695.55 
734 2857.94 
735 2852.75 
736 2742.34 
737 2829.26 
738 2872.38 
739 2912.47 
740 2685.24 
741 2931.31 
742 -281.15 
743 2820.43 
744 2782.44 
745 2831.52 
746 2781.65 
747 2792.73 
748 2762.68 
749 2921.21 
750 2860.31 
751 2867.11 
752 2781.67 
753 2893.86 
754 2867.07 
755 2933.27 
756 2805.24 
757 2859.33 
758 2800.29 
759 2861.14 
760 2852.54 
761 2822.08 
762 2852.42 
763 2813.88 
764 2819.32 
765 2859.18 
766 2789.22 
767 2808.12 
768 2788.34 
769 2826.38 
770 2839.68 
771 2875.34 
772 2796.47 
773 2849.55 
774 2843.04 
775 2892.36 
776 2837.36 
777 2774.98 
778 2806.86 
779 2786.01 
780 2889.13 
781 2715.40 
782 2803.28 
783 2916.89 
784 2643.12 
785 2943.73 
786 2952.14 
787 2848.84 
788 2787.31 
789 2720.42 
790 2846.83 
791 2878.97 
792 2760.81 
793 2880.26 
794 2846.48 
795 2860.68 
796 2820.75 
797 2812.33 
798 2787.86 
799 2813.87 
800 2761.43 
801 2707.87 
802 2926.59 
803 2777.86 
804 2823.10 
805 2652.87 
806 2858.05 
807 2727.65 
808 2790.44 
809 2769.61 
810 462.03 
811 2810.95 
812 2836.39 
813 2894.48 
814 2831.72 
815 2915.45 
816 2741.94 
817 2923.02 
818 2764.20 
819 2741.86 
820 2828.89 
821 2884.47 
822 2816.98 
823 2886.16 
824 2699.77 
825 2897.26 
826 2862.63 
827 2866.00 
828 2810.22 
829 2797.14 
830 2802.56 
831 2800.62 
832 2838.26 
833 2849.57 
834 2823.49 
835 2777.03 
836 2777.53 
837 2765.63 
838 2882.71 
839 2889.70 
840 2745.25 
841 2877.28 
842 2839.25 
843 2833.76 
844 2864.81 
845 2829.82 
846 2862.62 
847 2728.32 
848 2862.89 
849 2829.89 
850 2770.42 
851 2794.32 
852 2700.80 
853 2729.70 
854 2810.59 
855 2864.52 
856 2895.37 
857 2711.08 
858 2853.34 
859 2803.71 
860 2886.08 
861 2863.95 
862 2807.87 
863 2784.05 
864 2784.73 
865 2647.99 
866 2802.03 
867 2885.36 
868 2859.28 
869 2903.84 
870 2820.00 
871 2735.20 
872 2875.67 
873 2860.91 
874 2790.67 
875 2815.79 
876 142.71 
877 2850.01 
878 2721.95 
879 2801.66 
880 2924.46 
881 2846.83 
882 2758.72 
883 2774.11 
884 2885.81 
885 2783.72 
886 2829.79 
887 2913.43 
888 2854.30 
889 2881.62 
890 2911.54 
891 2793.83 
892 2875.89 
893 2873.37 
894 2870.03 
895 2720.65 
896 2908.25 
897 2781.23 
898 2819.64 
899 2816.22 
900 2827.66 
901 2854.73 
902 2804.85 
903 2821.96 
904 2913.35 
905 2856.73 
906 2815.26 
907 2827.05 
908 2796.93 
909 2842.19 
910 2772.71 
911 2856.57 
912 2815.12 
913 2750.44 
914 2922.56 
915 2813.00 
916 2783.31 
917 2893.33 
918 2813.10 
919 2825.29 
920 2834.55 
921 2817.75 
922 2798.78 
923 2782.94 
924 2796.66 
925 2861.02 
926 2937.63 
927 2910.83 
928 2889.06 
929 2752.20 
930 2896.76 
931 2872.80 
932 2877.65 
933 2822.68 
934 2810.31 
935 2749.46 
936 2890.07 
937 2859.83 
938 2804.54 
939 2886.39 
940 2862.20 
941 2901.08 
942 2789.59 
943 2775.25 
944 2873.73 
945 2865.26 
946 2931.44 
947 2878.23 
948 2804.23 
949 2860.65 
950 2775.62 
951 2902.50 
952 2789.03 
953 2882.56 
954 2849.66 
955 2678.51 
956 2802.10 
957 2945.90 
958 2855.25 
959 2876.61 
960 2752.54 
961 664.65 
962 2836.05 
963 2788.27 
964 2899.21 
965 2822.66 
966 2866.31 
967 2775.84 
968 2919.06 
969 2858.45 
970 2780.01 
971 2818.46 
972 2774.87 
973 2824.62 
974 2765.93 
975 2851.78 
976 2804.72 
977 2881.83 
978 2944.98 
979 2854.11 
980 2813.65 
981 2831.57 
982 2814.72 
983 2755.75 
984 2880.45 
985 2873.45 
986 2843.75 
987 2820.79 
988 2896.92 
989 2899.57 
990 2845.43 
991 2781.68 
992 2831.80 
993 2859.82 
994 2797.75 
995 2871.20 
996 2782.60 
997 2799.15 
998 2862.06 
999 2773.77 
1000 2784.92 
1001 2800.90 
1002 2718.21 
1003 2743.46 
1004 2819.34 
1005 2862.19 
1006 2723.72 
1007 2859.88 
1008 2788.43 
1009 2774.21 
1010 2838.40 
1011 2857.12 
1012 2877.31 
1013 2828.75 
1014 2785.99 
1015 2794.24 
