Seed 0:
0 -474.12 
1 -398.49 
2 -407.57 
3 -355.87 
4 -326.48 
5 -319.44 
6 -318.93 
7 -304.13 
8 -317.13 
9 -309.67 
10 -308.99 
11 -312.84 
12 -300.42 
13 -306.19 
14 -297.06 
15 59.08 
16 -24.49 
17 302.94 
18 345.85 
19 313.96 
20 -281.57 
21 306.05 
22 517.59 
23 626.54 
24 810.37 
25 546.74 
26 736.73 
27 665.95 
28 696.77 
29 877.85 
30 861.61 
31 937.12 
32 1007.75 
33 879.18 
34 830.64 
35 1065.63 
36 1194.79 
37 1070.68 
38 1031.38 
39 1122.53 
40 1223.89 
41 1071.74 
42 1247.80 
43 1256.20 
44 1328.44 
45 1233.86 
46 1030.76 
47 1394.77 
48 1343.60 
49 1331.24 
50 1103.16 
51 1320.49 
52 1063.86 
53 1301.58 
54 1303.64 
55 1439.15 
56 1372.04 
57 1093.33 
58 1218.61 
59 1289.74 
60 1355.97 
61 1350.80 
62 1354.39 
63 1454.39 
64 1199.86 
65 1146.20 
66 1459.32 
67 1162.32 
68 1138.08 
69 1501.06 
70 1368.78 
71 1283.14 
72 1428.20 
73 1501.89 
74 1362.11 
75 1236.72 
76 1392.40 
77 1717.56 
78 1588.17 
79 1466.40 
80 1402.24 
81 1418.93 
82 1397.81 
83 1357.16 
84 1377.82 
85 1383.69 
86 1242.06 
87 1373.76 
88 1331.75 
89 1568.04 
90 1364.12 
91 1580.83 
92 1521.37 
93 1501.04 
94 1343.09 
95 1444.17 
96 1564.07 
97 1305.89 
98 1406.25 
99 1677.48 
100 1400.93 
101 1140.41 
102 1365.41 
103 1528.43 
104 1549.66 
105 1585.21 
106 1560.20 
107 1347.31 
108 1522.92 
109 1502.32 
110 1549.98 
111 1626.04 
112 1352.84 
113 1344.26 
114 1592.13 
115 1550.22 
116 1450.77 
117 1489.77 
118 1362.99 
119 1522.46 
120 1700.92 
121 1438.94 
122 1515.86 
123 1574.32 
124 1548.73 
125 1606.53 
126 1525.12 
127 1452.43 
128 1449.60 
129 1501.62 
130 1607.71 
131 1610.06 
132 1455.85 
133 1570.46 
134 1669.26 
135 1371.98 
136 1269.84 
137 1522.72 
138 1479.47 
139 1618.22 
140 1530.46 
141 1653.63 
142 1462.88 
143 1450.74 
144 1697.72 
145 1534.49 
146 1702.50 
147 1595.23 
148 1488.69 
149 1631.05 
150 1679.57 
151 1566.82 
152 1527.92 
153 1781.79 
154 1594.30 
155 1555.55 
156 1437.14 
157 1806.81 
158 1566.59 
159 1506.48 
160 1701.01 
161 1480.48 
162 1531.60 
163 1609.48 
164 1847.02 
165 1641.64 
166 1655.18 
167 1643.22 
168 1497.04 
169 1815.76 
170 1632.99 
171 1658.70 
172 1588.45 
173 1604.68 
174 1618.51 
175 1541.27 
176 1820.06 
177 1500.21 
178 1875.21 
179 1600.52 
180 1585.23 
181 1838.77 
182 1618.81 
183 1634.90 
184 1647.94 
185 1623.77 
186 1540.81 
187 1675.39 
188 1723.65 
189 1364.01 
190 1529.56 
191 1688.50 
192 1732.60 
193 1540.38 
194 1763.83 
195 1606.62 
196 1744.67 
197 1664.03 
198 1705.67 
199 1651.35 
200 1682.10 
201 1502.30 
202 1677.60 
203 1638.98 
204 1651.46 
205 1681.81 
206 1638.70 
207 1736.50 
208 1710.23 
209 1775.59 
210 1607.75 
211 1740.08 
212 1637.97 
213 1580.43 
214 1726.05 
215 1718.51 
216 1699.09 
217 1594.13 
218 1653.23 
219 1649.44 
220 1569.92 
221 1477.29 
222 1485.87 
223 1680.77 
224 1733.79 
225 1751.01 
226 1704.81 
227 1626.47 
228 1727.51 
229 1705.70 
230 1574.32 
231 1814.09 
232 1730.51 
233 1775.91 
234 1708.20 
235 1626.96 
236 1715.10 
237 1658.98 
238 1629.89 
239 1752.05 
240 1740.27 
241 1668.03 
242 1689.55 
243 1632.97 
244 1587.32 
245 1552.95 
246 1533.34 
247 1603.02 
248 1720.68 
249 1705.00 
250 1708.47 
251 1534.77 
252 1594.39 
253 1519.18 
254 1640.89 
255 1469.36 
256 1801.79 
257 1855.23 
258 1603.31 
259 1623.12 
260 1623.81 
261 1743.73 
262 1958.95 
263 1574.49 
264 1655.79 
265 1698.07 
266 1589.67 
267 1903.16 
268 1682.12 
269 1892.54 
270 1693.78 
271 1557.85 
272 1616.59 
273 1692.52 
274 1662.74 
275 1707.19 
276 1812.01 
277 1783.61 
278 1667.92 
279 1626.30 
280 1617.18 
281 1835.65 
282 1669.23 
283 1615.32 
284 1603.19 
285 1685.81 
286 1741.54 
287 1795.73 
288 1826.56 
289 1651.53 
290 1391.98 
291 1702.79 
292 1699.74 
293 1761.93 
294 1642.52 
295 1578.60 
296 1776.69 
297 1565.42 
298 1558.53 
299 1735.76 
300 1603.29 
301 1782.43 
302 1489.47 
303 1866.90 
304 1712.50 
305 1753.66 
306 1720.29 
307 1694.06 
308 1471.29 
309 1773.93 
310 1518.33 
311 1705.24 
312 1549.67 
313 1706.93 
314 1628.07 
315 1652.35 
316 1680.23 
317 1710.20 
318 1793.05 
319 1842.16 
320 1629.73 
321 1618.65 
322 1653.18 
323 1651.62 
324 1763.50 
325 1664.33 
326 1592.12 
327 1577.72 
328 1737.66 
329 1735.47 
330 1771.56 
331 1514.25 
332 1669.28 
333 1786.77 
334 1867.94 
335 1586.76 
336 1636.86 
337 1898.90 
338 1680.00 
339 1793.23 
340 1745.80 
341 1560.99 
342 1604.49 
343 1662.26 
344 1789.10 
345 1739.43 
346 1509.47 
347 1727.98 
348 1591.10 
349 1597.74 
350 1685.65 
351 1826.86 
352 1715.72 
353 1665.26 
354 1634.37 
355 1554.30 
356 1632.19 
357 1707.42 
358 1796.90 
359 1589.11 
360 1685.40 
361 1599.65 
362 1746.59 
363 1650.14 
364 1782.28 
365 1757.23 
366 1794.85 
367 1711.20 
368 1937.53 
369 1736.55 
370 1757.06 
371 1608.96 
372 1789.29 
373 1626.00 
374 1671.16 
375 1674.70 
376 1784.99 
377 1576.12 
378 1711.87 
379 1767.38 
380 1684.36 
381 1564.06 
382 1605.82 
383 1791.40 
384 1613.66 
385 1702.44 
386 1679.93 
387 1709.77 
388 1819.29 
389 1892.98 
390 1951.15 
391 1965.92 
392 2207.75 
393 1957.87 
394 2230.90 
395 2102.26 
396 2299.44 
397 2093.79 
398 2105.93 
399 2124.76 
400 2140.54 
401 2131.83 
402 1941.94 
403 2004.97 
404 2168.14 
405 1918.25 
406 2182.92 
407 2093.72 
408 2096.89 
409 2129.73 
410 2223.89 
411 2025.14 
412 2255.55 
413 2273.45 
414 2055.22 
415 2177.65 
416 2242.71 
417 2184.33 
418 2228.72 
419 2263.18 
420 2067.37 
421 2243.64 
422 2170.44 
423 2140.55 
424 2324.61 
425 2147.06 
426 2355.49 
427 2165.26 
428 2279.40 
429 2157.13 
430 2265.99 
431 2180.91 
432 2161.69 
433 2215.56 
434 2083.25 
435 2229.11 
436 2291.65 
437 2185.18 
438 2364.34 
439 2243.11 
440 2079.56 
441 2120.92 
442 2144.08 
443 2142.37 
444 2019.29 
445 2150.59 
446 2201.12 
447 2037.08 
448 2084.34 
449 2050.30 
450 2120.50 
451 2258.67 
452 2098.71 
453 2186.68 
454 2255.63 
455 2241.41 
456 2017.02 
457 2583.33 
458 2279.19 
459 2202.38 
460 2096.91 
461 2043.11 
462 2058.19 
463 2182.21 
464 2197.29 
465 2126.94 
466 2224.60 
467 2364.51 
468 2110.52 
469 2396.17 
470 2211.01 
471 2073.47 
472 2148.69 
473 2273.94 
474 2126.20 
475 2280.31 
476 2186.24 
477 2190.91 
478 2362.82 
479 2052.38 
480 1914.12 
481 2154.84 
482 2347.75 
483 2201.49 
484 1950.80 
485 2190.51 
486 2468.54 
487 2377.77 
488 2034.79 
489 2209.50 
490 2344.60 
491 1976.98 
492 1893.73 
493 2093.07 
494 2135.06 
495 2214.80 
496 2071.26 
497 2285.72 
498 2019.93 
499 2133.97 
500 2228.19 
501 2273.00 
502 2171.06 
503 2181.04 
504 2110.78 
505 2266.45 
506 2327.52 
507 2292.50 
508 1986.89 
509 2343.01 
510 2093.88 
511 2023.89 
512 2143.44 
513 2143.48 
514 1980.57 
515 2239.28 
516 2303.78 
517 2195.20 
518 2236.97 
519 2363.40 
520 2099.82 
521 2197.09 
522 2217.85 
523 2007.45 
524 2297.51 
525 2148.43 
526 2218.43 
527 2138.15 
528 2261.81 
529 2147.34 
530 2264.92 
531 2092.84 
532 2068.70 
533 2352.49 
534 2352.04 
535 2093.50 
536 2248.31 
537 2262.08 
538 2171.13 
539 2235.29 
540 2386.45 
541 2069.34 
542 2257.05 
543 2053.58 
544 2194.38 
545 2397.89 
546 1959.36 
547 2167.90 
548 2252.15 
549 1975.37 
550 2299.31 
551 2212.96 
552 2261.94 
553 2199.01 
554 1944.03 
555 2075.65 
556 2284.38 
557 2371.81 
558 1952.58 
559 2061.16 
560 2207.51 
561 2087.83 
562 1972.66 
563 2257.33 
564 2238.42 
565 2266.79 
566 2438.66 
567 2171.54 
568 2087.53 
569 2206.04 
570 2335.33 
571 2273.50 
572 2142.13 
573 2073.92 
574 2087.14 
575 2107.47 
576 2185.46 
577 2332.41 
578 1937.81 
579 2071.44 
580 2070.77 
581 2152.92 
582 2168.34 
583 2049.29 
584 2338.07 
585 1898.40 
586 2373.06 
587 2015.55 
588 2235.27 
589 2221.40 
590 2183.74 
591 2568.85 
592 2362.96 
593 2283.72 
594 2309.56 
595 2312.23 
596 2082.16 
597 2540.46 
598 2153.05 
599 2192.31 
600 2457.64 
601 2266.78 
602 2219.46 
603 2189.55 
604 2304.23 
605 2255.72 
606 2048.73 
607 2185.49 
608 2159.69 
609 2331.99 
610 2034.23 
611 2270.15 
612 2263.12 
613 2141.76 
614 2229.92 
615 2133.13 
616 2394.67 
617 2185.68 
618 2229.42 
619 2281.59 
620 2242.66 
621 1932.10 
622 2124.14 
623 2096.72 
624 2279.38 
625 2459.73 
626 2313.96 
627 2230.11 
628 2304.47 
629 2243.98 
630 2205.22 
631 2348.50 
632 2011.91 
633 2301.13 
634 2084.95 
635 2064.52 
636 2117.34 
637 2178.51 
638 2115.47 
639 2286.56 
640 2290.52 
641 2274.95 
642 2043.76 
643 2190.39 
644 2023.86 
645 2342.81 
646 2170.02 
647 2167.66 
648 2020.30 
649 2004.37 
650 2223.29 
651 2194.05 
652 1992.60 
653 2169.22 
654 2245.66 
655 2256.39 
656 2399.74 
657 2289.22 
658 2252.73 
659 2158.73 
660 2111.51 
661 2066.81 
662 1996.63 
663 1933.51 
664 2216.40 
665 2149.01 
666 1938.85 
667 1995.26 
668 2150.62 
669 2213.10 
670 2217.72 
671 2114.40 
672 2388.45 
673 2237.96 
674 2287.21 
675 2124.84 
676 2397.28 
677 2266.02 
678 2215.52 
679 2194.20 
680 2299.86 
681 2381.69 
682 2112.33 
683 2122.43 
684 2248.55 
685 2364.55 
686 2013.83 
687 2323.01 
688 2307.84 
689 2205.54 
690 2335.40 
691 2127.07 
692 2212.83 
693 2162.38 
694 2022.45 
695 2315.59 
696 2266.56 
697 2251.94 
698 2306.51 
699 2144.30 
700 2398.99 
701 2101.33 
702 2151.19 
703 2500.27 
704 2290.99 
705 2206.31 
706 2202.73 
707 2198.71 
708 2138.67 
709 2208.51 
710 2138.28 
711 2392.52 
712 1947.91 
713 2110.49 
714 2064.04 
715 2183.15 
716 2239.86 
717 1987.61 
718 2049.56 
719 2094.37 
720 1988.48 
721 2395.62 
722 2164.95 
723 2159.17 
724 2103.70 
725 2050.14 
726 2298.21 
727 2166.77 
728 2213.87 
729 2031.14 
730 2114.36 
731 2251.20 
732 2516.59 
733 2227.94 
734 2280.05 
735 2100.65 
736 2277.21 
737 2227.48 
738 2258.03 
739 2112.53 
740 2471.74 
741 2213.86 
742 2124.07 
743 2212.93 
744 2295.34 
745 2240.03 
746 2072.38 
747 2102.75 
748 2301.62 
749 2235.62 
750 2236.36 
751 2235.20 
752 2178.90 
753 2166.42 
754 2187.63 
755 2208.01 
756 2094.93 
757 2214.89 
758 2139.71 
759 2323.70 
760 2138.19 
761 1961.38 
762 2228.57 
763 2588.06 
764 2002.93 
765 2256.32 
766 2390.28 
767 2342.29 
768 2001.26 
769 2162.18 
770 2300.59 
771 2252.20 
772 2276.76 
773 2422.84 
774 2011.52 
775 2061.75 
776 2181.18 
777 2319.85 
778 2407.71 
779 2220.64 
780 2130.21 
781 2255.52 
782 2187.56 
783 1975.42 
784 2348.41 
785 2097.03 
786 2151.74 
787 2108.55 
788 2369.27 
789 2182.71 
790 2107.41 
791 2367.94 
792 2397.06 
793 2220.13 
794 2179.48 
795 2373.48 
796 2085.53 
797 2144.17 
798 2335.48 
799 2552.96 
800 2322.48 
801 2133.08 
802 2005.30 
803 2255.02 
804 2156.20 
805 2208.41 
806 2210.54 
807 2330.44 
808 2137.22 
809 2137.06 
810 2186.71 
811 1970.74 
812 1969.89 
813 2157.22 
814 2086.91 
815 2269.71 
816 2245.19 
817 2263.88 
818 2341.05 
819 2226.10 
820 2362.03 
821 2276.88 
822 2292.08 
823 2205.36 
824 2201.01 
825 2109.34 
826 2164.94 
827 2376.54 
828 2197.13 
829 2293.12 
830 2153.94 
831 2203.04 
832 2241.91 
833 2155.46 
834 2220.74 
835 2031.24 
836 2071.02 
837 2355.04 
838 2376.17 
839 2011.36 
840 2238.04 
841 2322.07 
842 2336.55 
843 2370.04 
844 2204.25 
845 2121.68 
846 2160.10 
847 2259.89 
848 2359.71 
849 2270.71 
850 2270.24 
851 2303.52 
852 2153.96 
853 2174.57 
854 2199.75 
855 2052.51 
856 2277.55 
857 2044.67 
858 2245.50 
859 2288.52 
860 2201.28 
861 2172.11 
862 2223.45 
863 2433.11 
864 2382.72 
865 2146.06 
866 2148.54 
867 2323.02 
868 2275.29 
869 2422.80 
870 2228.62 
871 2169.41 
872 2330.79 
873 2192.57 
874 2210.53 
875 2259.29 
876 2251.41 
877 2490.72 
878 2312.61 
879 2179.38 
880 2224.28 
881 2060.93 
882 2213.49 
883 2117.37 
884 2247.46 
885 2265.53 
886 2334.99 
887 2199.84 
888 2106.44 
889 2318.66 
890 2055.02 
891 2144.83 
892 2355.20 
893 2193.14 
894 2207.24 
895 2132.06 
896 2549.94 
897 2183.74 
898 2259.29 
899 2429.36 
900 2318.63 
901 2203.85 
902 2125.03 
903 2373.13 
904 2380.91 
905 2065.79 
906 2095.39 
907 2466.56 
908 2123.53 
909 2149.39 
910 2284.30 
911 2212.20 
912 2279.00 
913 2189.08 
914 2118.77 
915 2536.28 
916 2182.01 
917 2584.20 
918 2106.02 
919 2237.98 
920 2049.54 
921 2123.06 
922 2191.30 
923 2196.82 
924 2343.47 
925 2331.78 
926 2020.78 
927 2195.54 
928 2243.91 
929 2542.71 
930 2325.68 
931 2431.28 
932 2174.45 
933 2451.98 
934 2238.51 
935 2376.62 
936 2191.48 
937 2293.10 
938 2014.57 
939 2261.76 
940 2278.31 
941 2190.92 
942 2245.51 
943 2288.10 
944 2041.79 
945 2159.42 
946 2100.96 
947 2260.39 
948 2454.32 
949 2308.49 
950 2207.39 
951 2332.04 
952 2233.25 
953 2313.07 
954 2380.82 
955 2216.88 
956 2294.45 
957 2239.90 
958 2329.63 
959 2174.70 
960 2029.79 
961 2316.12 
962 2194.16 
963 2105.49 
964 2238.78 
965 1991.68 
966 2233.74 
967 2238.53 
968 2245.31 
969 2231.46 
970 1799.85 
971 2173.09 
972 2252.53 
973 2147.29 
974 2262.20 
975 2152.32 
976 2042.03 
977 2273.12 
978 2228.30 
979 2296.48 
980 2150.78 
981 2286.25 
982 2147.31 
983 2310.32 
984 2149.33 
985 2125.41 
986 2102.54 
987 2369.32 
988 2170.62 
989 2110.92 
990 2282.01 
991 2227.52 
992 2343.82 
993 2125.10 
994 1976.75 
995 2374.85 
996 2348.67 
997 2106.12 
998 2331.27 
999 2115.78 
1000 2143.41 
1001 2277.42 
1002 2089.25 
1003 2196.61 
1004 2184.39 
1005 2218.68 
1006 2185.87 
1007 2201.65 
1008 2290.38 
1009 1907.43 
1010 2204.97 
1011 2264.56 
1012 1999.48 
1013 2170.04 
1014 2255.14 
1015 2326.87 
1016 2163.76 
1017 2302.40 
1018 2122.56 
1019 2339.77 
1020 2299.40 
1021 2232.75 
1022 2257.13 
1023 2330.59 
1024 2282.22 
1025 2101.49 
1026 2148.52 
1027 2310.41 
1028 2359.72 
1029 2268.89 
1030 2511.87 
1031 2175.59 
1032 2150.73 
1033 2078.06 
1034 2365.41 
1035 2256.17 
1036 2238.99 
1037 2262.43 
1038 2107.91 
1039 2343.10 
1040 2319.30 
1041 2459.25 
1042 2197.48 
1043 2148.10 
1044 2314.71 
1045 2280.67 
1046 2363.18 
1047 2168.74 
1048 2080.92 
1049 2240.92 
1050 2280.32 
1051 2120.79 
1052 2261.14 
1053 2181.74 
1054 2478.83 
1055 2510.52 
1056 2268.35 
1057 2335.98 
1058 2152.14 
1059 2192.35 
1060 2254.60 
1061 2358.32 
1062 2541.68 
1063 2157.88 
1064 2124.15 
1065 2128.60 
1066 2144.56 
1067 2124.93 
1068 2287.10 
1069 2185.00 
1070 2287.96 
1071 2222.24 
1072 2126.63 
1073 2341.44 
1074 2263.00 
1075 2157.78 
1076 2196.05 
1077 2282.00 
1078 2284.45 
1079 2179.55 
1080 2242.55 
1081 2043.92 
1082 2289.04 
1083 2416.38 
1084 2324.53 
1085 2120.88 
1086 2133.83 
1087 2368.35 
1088 2295.82 
1089 2272.54 
1090 2321.29 
1091 2354.93 
1092 2301.46 
1093 2243.62 
1094 2409.11 
1095 2308.69 
1096 2212.09 
1097 2531.72 
1098 2105.59 
1099 2185.81 
1100 2221.29 
1101 2247.66 
1102 2366.11 
1103 2271.01 
1104 2401.52 
1105 2227.79 
1106 2310.89 
1107 2207.32 
1108 2388.00 
1109 2460.07 
1110 2345.72 
1111 2090.40 
1112 2329.53 
1113 2369.70 
1114 2245.73 
1115 2008.76 
1116 2405.64 
1117 2394.27 
1118 2191.60 
1119 2339.72 
1120 2236.47 
1121 2128.15 
1122 1997.64 
1123 2012.09 
1124 2362.20 
1125 2202.90 
1126 2286.18 
1127 2149.98 
1128 2362.98 
1129 2143.69 
1130 2024.71 
1131 2292.06 
1132 2356.66 
1133 2278.99 
1134 2308.16 
1135 2141.84 
1136 2324.09 
1137 2331.07 
1138 2082.56 
1139 2392.64 
1140 2357.07 
1141 2164.88 
1142 2386.28 
1143 2260.96 
1144 2233.58 
1145 2235.17 
1146 2221.43 
1147 2159.30 
1148 2318.46 
1149 2169.52 
1150 2151.26 
1151 2244.19 
1152 2236.14 
1153 2249.17 
1154 2517.14 
1155 1964.75 
1156 2162.46 
1157 2171.72 
1158 2181.42 
1159 2284.02 
1160 2397.22 
1161 2239.82 
1162 2207.47 
1163 2140.81 
1164 2099.70 
1165 2126.47 
1166 2293.16 
1167 2250.18 
1168 2318.88 
1169 2217.40 
1170 2270.28 
1171 2174.65 
1172 2286.88 
1173 2295.71 
1174 2295.91 
1175 2340.16 
1176 1993.40 
1177 2147.14 
1178 2245.27 
1179 2354.74 
1180 2287.43 
1181 2060.53 
1182 2191.02 
1183 2147.18 
1184 2175.16 
1185 2175.44 
1186 2101.08 
1187 2170.18 
1188 2252.80 
1189 2031.30 
1190 2155.13 
1191 2143.59 
1192 2256.05 
1193 2255.89 
1194 2388.82 
1195 2420.39 
1196 2265.15 
1197 2217.29 
1198 2215.34 
1199 2128.10 
1200 2122.80 
1201 2356.95 
1202 2439.76 
1203 2258.25 
1204 2302.53 
1205 2412.70 
1206 2322.74 
1207 2107.39 
1208 2468.10 
1209 2312.48 
1210 2211.17 
1211 2578.66 
1212 2390.33 
1213 2359.56 
1214 2259.57 
1215 2274.86 
1216 2177.76 
1217 2155.40 
1218 2279.81 
1219 2444.86 
1220 2055.57 
1221 2349.42 
1222 2248.23 
1223 2146.19 
1224 2376.81 
1225 2267.80 
1226 2164.02 
1227 2227.92 
1228 2310.48 
1229 2181.15 
1230 2123.36 
1231 2151.84 
1232 2258.68 
1233 2194.47 
1234 2231.35 
1235 2372.79 
1236 2435.68 
1237 2232.55 
1238 2270.95 
1239 2326.29 
1240 2282.96 
1241 2326.36 
1242 2147.37 
1243 2350.83 
1244 2186.84 
1245 2080.72 
1246 2108.49 
1247 2093.86 
1248 2138.58 
1249 2200.47 
1250 2198.82 
1251 2267.10 
1252 2295.92 
1253 2089.82 
1254 2421.51 
1255 2189.95 
1256 2236.04 
1257 2089.07 
1258 2465.27 
1259 2415.13 
1260 2201.57 
1261 2228.76 
1262 2164.63 
1263 2418.58 
1264 2473.21 
1265 2377.88 
1266 2202.82 
1267 2040.10 
1268 2455.45 
1269 2265.69 
1270 2177.27 
1271 2192.83 
1272 2479.72 
1273 2268.62 
1274 2340.09 
1275 2344.31 
1276 2334.35 
1277 2299.42 
1278 2283.93 
1279 2231.60 
1280 2126.76 
1281 2108.64 
1282 2258.50 
1283 2275.86 
1284 2292.13 
1285 2329.17 
1286 2313.06 
1287 2212.49 
1288 2222.51 
1289 2136.13 
1290 2112.22 
1291 2000.73 
1292 1954.26 
1293 1932.34 
1294 2134.03 
1295 2363.63 
1296 2468.75 
1297 2323.98 
1298 2236.41 
1299 2416.80 
1300 2207.60 
1301 2288.14 
1302 2363.07 
1303 2303.65 
1304 2209.45 
1305 2246.96 
1306 2332.36 
1307 2285.95 
1308 2459.10 
1309 2149.25 
1310 2329.79 
1311 2173.13 
1312 2041.14 
1313 2194.90 
1314 2144.37 
1315 2229.10 
1316 2140.45 
1317 2196.67 
1318 2132.70 
1319 2064.12 
1320 2194.91 
1321 2095.71 
1322 2328.79 
1323 2432.79 
1324 2245.48 
1325 2127.38 
1326 2216.40 
1327 2232.14 
1328 2393.78 
1329 2180.48 
1330 2294.10 
1331 2240.18 
1332 2250.78 
1333 2192.93 
1334 2308.95 
1335 2198.16 
1336 2091.47 
1337 2227.99 
1338 2246.87 
1339 2299.75 
1340 2053.98 
1341 2093.11 
1342 2093.49 
1343 2268.33 
1344 2293.12 
1345 2193.23 
1346 2273.80 
1347 2371.25 
1348 2257.88 
1349 2083.61 
1350 1999.18 
1351 2168.53 
1352 2309.43 
1353 2134.79 
1354 2165.96 
1355 2060.64 
1356 2070.05 
1357 2466.73 
1358 2160.22 
1359 2317.68 
1360 2262.26 
1361 1935.45 
1362 2272.34 
1363 2377.78 
1364 2184.69 
1365 2130.65 
1366 2364.64 
1367 2293.38 
1368 2123.67 
1369 2047.21 
1370 2458.24 
1371 2135.45 
1372 2095.80 
1373 2144.65 
1374 2410.13 
1375 2179.66 
1376 2280.52 
1377 2000.05 
1378 1976.88 
1379 2333.56 
1380 2177.01 
1381 2276.25 
1382 2136.60 
1383 2252.25 
1384 2394.37 
1385 2145.70 
1386 2373.86 
1387 2287.93 
1388 2196.01 
1389 2205.13 
1390 2216.87 
1391 2162.33 
1392 2215.28 
1393 2365.46 
1394 2350.08 
1395 2494.96 
1396 2276.00 
1397 2309.64 
1398 2377.23 
1399 2011.49 
1400 2217.24 
0 2174.34 
1 2103.72 
2 2226.56 
3 2448.31 
4 2363.56 
5 2389.03 
6 2167.99 
7 2262.37 
8 2078.30 
9 2426.46 
10 2351.12 
11 2304.97 
12 2549.02 
13 2304.88 
14 2380.75 
15 2221.29 
16 2209.22 
17 2215.79 
18 2275.56 
19 2321.57 
20 2190.10 
21 2402.05 
22 2205.87 
23 2131.38 
24 2326.48 
25 2215.87 
26 2233.29 
27 2296.73 
28 2307.12 
29 2189.09 
30 2151.14 
31 2281.54 
32 2472.98 
33 2360.13 
34 2492.51 
35 2152.64 
36 2056.67 
37 2213.80 
38 2306.28 
39 2403.31 
40 2348.38 
41 2324.77 
42 2227.62 
43 2317.82 
44 2434.82 
45 2294.94 
46 1981.95 
47 2146.19 
48 2183.25 
49 2353.91 
50 2189.81 
51 2352.19 
52 2300.74 
53 2299.40 
54 2068.62 
55 2390.25 
56 2393.82 
57 2293.23 
58 2414.56 
59 2228.04 
60 1987.19 
61 2308.32 
62 2293.84 
63 2167.44 
64 2310.09 
65 2143.29 
66 2172.47 
67 2289.49 
68 2422.81 
69 2539.15 
70 2234.25 
71 2132.73 
72 2434.27 
73 2215.38 
74 2012.78 
75 2451.64 
76 2469.48 
77 2209.76 
78 2234.30 
79 2420.92 
80 2357.93 
81 2327.09 
82 2402.03 
83 2089.22 
84 2032.82 
85 2137.73 
86 2297.29 
87 2200.64 
88 2234.95 
89 2080.16 
90 2102.41 
91 2333.84 
92 2322.35 
93 2284.45 
94 2327.09 
95 2346.73 
96 2240.41 
97 2332.86 
98 2221.75 
99 2245.54 
100 2349.96 
101 2196.95 
102 2385.17 
103 2260.27 
104 2372.66 
105 2230.33 
106 2403.80 
107 2205.64 
108 2412.66 
109 2150.03 
110 2155.74 
111 2326.41 
112 2336.46 
113 2358.47 
114 2351.20 
115 2135.95 
116 2291.94 
117 2051.84 
118 2240.05 
119 2180.68 
120 2248.45 
121 2363.24 
122 1944.06 
123 2091.65 
124 2372.12 
125 2269.54 
126 2187.67 
127 2335.17 
128 2314.26 
129 2382.31 
130 2280.05 
131 2097.60 
132 1966.84 
133 2281.78 
134 2332.59 
135 2090.48 
136 2193.69 
137 2146.47 
138 2092.51 
139 2264.47 
140 2214.53 
141 2188.74 
142 2253.61 
143 2152.23 
144 2326.49 
145 2365.90 
146 2143.49 
147 2404.55 
148 2475.18 
149 2194.09 
150 2281.56 
151 2309.34 
152 1989.65 
153 2183.82 
154 2220.45 
155 2410.33 
156 2387.97 
157 2134.89 
158 2267.68 
159 2345.64 
160 2374.37 
161 2259.58 
162 2264.78 
163 2536.06 
164 2144.03 
165 2423.15 
166 2303.71 
167 2338.74 
168 2445.69 
169 2211.65 
170 2187.98 
171 2313.28 
172 2214.59 
173 2286.38 
174 2120.30 
175 2469.01 
176 2255.88 
177 2185.10 
178 2225.92 
179 2257.63 
180 2174.86 
181 2131.77 
182 2140.81 
183 2059.10 
184 2209.36 
185 2209.30 
186 2145.70 
187 2269.26 
188 2106.52 
189 1999.71 
190 2122.24 
191 2216.76 
192 2280.22 
193 2077.96 
194 2261.14 
195 2276.43 
196 2472.58 
197 2319.23 
198 2213.68 
199 2338.96 
200 2211.39 
201 2490.49 
202 2171.41 
203 2416.77 
204 2259.25 
205 2434.44 
206 2050.66 
207 2331.09 
208 2263.01 
209 2260.65 
210 2393.60 
211 2335.32 
212 2343.20 
213 2004.88 
214 2257.64 
215 2213.34 
216 2318.28 
217 2151.76 
218 2272.84 
219 2367.77 
220 2322.50 
221 2090.56 
222 2270.62 
223 2171.77 
224 2353.37 
225 2108.03 
226 2166.27 
227 2345.25 
228 2405.98 
229 2237.08 
230 2169.44 
231 2151.62 
232 2116.35 
233 2283.95 
234 2216.53 
235 2492.20 
236 2411.98 
237 2161.39 
238 2378.82 
239 2280.46 
240 2498.95 
241 2175.93 
242 2380.50 
243 2343.26 
244 2152.13 
245 2138.94 
246 2395.27 
247 2291.95 
248 2236.40 
249 2332.96 
250 2161.07 
251 2107.09 
252 2287.96 
253 2157.72 
254 2278.02 
255 2318.61 
256 2425.20 
257 2149.29 
258 2263.05 
259 2225.94 
260 2333.98 
261 2279.37 
262 2340.64 
263 2332.14 
264 2407.22 
265 2377.78 
266 2145.21 
267 2356.61 
268 2120.69 
269 2321.79 
270 2284.63 
271 2276.69 
272 2486.97 
273 2194.37 
274 2078.34 
275 2318.00 
276 2396.14 
277 2525.85 
278 2281.25 
279 2399.35 
280 2308.75 
281 2288.41 
282 2263.95 
283 2090.75 
284 2160.65 
285 1989.08 
286 2211.48 
287 2169.08 
288 2225.28 
289 2037.40 
290 2067.67 
291 2323.23 
292 2073.31 
293 2193.26 
294 2350.94 
295 2213.12 
296 2401.74 
297 2199.35 
298 2252.81 
299 2199.34 
300 2270.11 
301 2248.04 
302 2310.42 
303 2146.30 
304 2312.06 
305 2171.22 
306 2309.45 
307 2169.49 
308 2290.27 
309 2252.22 
310 1881.97 
311 2001.90 
312 2069.59 
313 2298.85 
314 2226.27 
315 2205.90 
316 2366.46 
317 2387.88 
318 2272.84 
319 2185.49 
320 2252.71 
321 2402.55 
322 2292.45 
323 2289.27 
324 2579.18 
325 2286.03 
326 2171.17 
327 2240.15 
328 2275.11 
329 2197.48 
330 2220.96 
331 2156.54 
332 2259.72 
333 2402.04 
334 2314.03 
335 2225.96 
336 2321.09 
337 2293.00 
338 2187.62 
339 2213.96 
340 2304.02 
341 2255.05 
342 2150.51 
343 2154.25 
344 2316.47 
345 2284.83 
346 2381.43 
347 2327.09 
348 2207.27 
349 2231.72 
350 2278.45 
351 2159.22 
352 2424.34 
353 2226.90 
354 2120.66 
355 2486.99 
356 2187.20 
357 2485.13 
358 2475.96 
359 2285.20 
360 2418.45 
361 2076.83 
362 2266.78 
363 2237.02 
364 2334.38 
365 2349.72 
366 2320.74 
367 2134.70 
368 2296.01 
369 1920.04 
370 2137.60 
371 2064.40 
372 2113.55 
373 2434.64 
374 2352.23 
375 2312.98 
376 2336.92 
377 2391.12 
378 2432.21 
379 2145.68 
380 2131.92 
381 2480.51 
382 1966.72 
383 2406.74 
384 2288.04 
385 2314.95 
386 2238.08 
387 2346.88 
388 2227.98 
389 2252.98 
390 2111.87 
391 2106.25 
392 2182.23 
393 2256.08 
394 2226.67 
395 2412.22 
396 2093.43 
397 2444.95 
398 2316.65 
399 2106.66 
400 2440.32 
401 2170.49 
402 2341.03 
403 2149.13 
404 2331.20 
405 2406.65 
406 2423.19 
407 2345.37 
408 2182.22 
409 2378.82 
410 2171.63 
411 2271.15 
412 2401.63 
413 2262.61 
414 2231.80 
415 2081.56 
416 2320.64 
417 2280.42 
418 2335.33 
419 2334.51 
420 2499.66 
421 2287.46 
422 2269.35 
423 2231.78 
424 2476.02 
425 2138.08 
426 2194.33 
427 2439.42 
428 2094.01 
429 2077.59 
430 2314.76 
431 2218.62 
432 1928.74 
433 2281.50 
434 2098.33 
435 2238.77 
436 2129.11 
437 2200.04 
438 2482.33 
439 2170.22 
440 2193.72 
441 2285.15 
442 2515.88 
443 2189.65 
444 2416.14 
445 2197.42 
446 2165.55 
447 2313.68 
448 2407.33 
449 2253.40 
450 2376.51 
451 2242.00 
452 2346.95 
453 2255.48 
454 2345.74 
455 2283.59 
456 2276.94 
457 2084.50 
458 2340.44 
459 2213.39 
460 2258.56 
461 2220.50 
462 2287.36 
463 2273.95 
464 2343.61 
465 2061.97 
466 2198.15 
467 1948.20 
468 2231.32 
469 2330.72 
470 2260.55 
471 2330.93 
472 2273.79 
473 2327.20 
474 2272.76 
475 2254.02 
476 2326.69 
477 2075.71 
478 2350.36 
479 2289.55 
480 2338.61 
481 2506.11 
482 2500.30 
483 2239.11 
484 2045.09 
485 2058.21 
486 2155.87 
487 2425.27 
488 2267.90 
489 2366.77 
490 2384.98 
491 2225.43 
492 2194.11 
493 2087.49 
494 2094.51 
495 2240.31 
496 2454.10 
497 2474.84 
498 2499.32 
499 2250.71 
500 2356.52 
501 2006.05 
502 2278.92 
503 2233.87 
504 2392.08 
505 2376.73 
506 2433.33 
507 2167.02 
508 2395.75 
509 2181.73 
510 2488.37 
511 2362.63 
512 2328.09 
513 2282.74 
514 2312.99 
515 2258.94 
516 2279.86 
517 2480.11 
518 2132.08 
519 2308.07 
520 2273.52 
521 2197.79 
522 2207.80 
523 2373.33 
524 2444.02 
525 2271.90 
526 2199.17 
527 2420.71 
528 2232.46 
529 2551.00 
530 2479.33 
531 2157.39 
532 2374.53 
533 2217.99 
534 2271.68 
535 2389.26 
536 2374.51 
537 2264.02 
538 2227.89 
539 2329.62 
540 2442.24 
541 2358.64 
542 2427.53 
543 2088.63 
544 2227.07 
545 2357.52 
546 2412.62 
547 2398.63 
548 2249.50 
549 2247.08 
550 2242.01 
551 2312.29 
552 2139.02 
553 2329.09 
554 2403.25 
555 2188.29 
556 2270.90 
557 2177.73 
558 2328.76 
559 2270.08 
560 2190.57 
561 2212.69 
562 2243.26 
563 2064.79 
564 2157.13 
565 2296.23 
566 2439.55 
567 2238.42 
568 2108.20 
569 2170.29 
570 2515.34 
571 2365.63 
572 2074.98 
573 2206.67 
574 1996.14 
575 2191.60 
576 2315.29 
577 2393.26 
578 2194.04 
579 2329.25 
580 2315.39 
581 2280.70 
582 2286.04 
583 2111.02 
584 2275.42 
585 2096.61 
586 2295.40 
587 2112.69 
588 2314.39 
589 2178.96 
590 2395.11 
591 2282.03 
592 2417.44 
593 2296.51 
594 2331.53 
595 2140.99 
596 2248.83 
597 2301.75 
598 2356.52 
599 2013.78 
600 2145.21 
601 2513.22 
602 2332.85 
603 2427.64 
604 2374.94 
605 2418.03 
606 2417.10 
607 2162.01 
608 2278.91 
609 2348.24 
610 2430.96 
611 2113.33 
612 2128.43 
613 2459.17 
614 2135.74 
615 2219.92 
616 2419.48 
617 2252.32 
618 2106.20 
619 2534.25 
620 2421.80 
621 2543.58 
622 2263.51 
623 2335.19 
624 2236.00 
625 2209.30 
626 2067.71 
627 2027.42 
628 2159.78 
629 2167.90 
630 2297.48 
631 2293.07 
632 2215.45 
633 2312.04 
634 2135.17 
635 2236.18 
636 2425.86 
637 2065.13 
638 2321.02 
639 2259.22 
640 2198.08 
641 2268.77 
642 2410.43 
643 2082.05 
644 2264.90 
645 2186.66 
646 2399.68 
647 2301.83 
648 2128.89 
649 2438.08 
650 2205.82 
651 2518.99 
652 2140.93 
653 2265.66 
654 2129.09 
655 2319.47 
656 2311.13 
657 2266.24 
658 2362.64 
659 2211.29 
660 2121.88 
661 2215.53 
662 2436.91 
663 2109.71 
664 2125.36 
665 2388.38 
666 2149.65 
667 2140.19 
668 2329.36 
669 2387.70 
670 2249.16 
671 2151.77 
672 2517.80 
673 2180.46 
674 2375.17 
675 2245.93 
676 2287.65 
677 2094.10 
678 2288.36 
679 2454.03 
680 2303.79 
681 2309.93 
682 2385.12 
683 2268.13 
684 2350.92 
685 2335.23 
686 2300.78 
687 2159.92 
688 2357.76 
689 2390.64 
690 2179.44 
691 2227.08 
692 2245.93 
693 2260.46 
694 2324.04 
695 2269.83 
696 2184.82 
697 2172.71 
698 2471.67 
699 2303.68 
700 2219.35 
701 2194.84 
702 2411.37 
703 2208.12 
704 2346.48 
705 2003.58 
706 2206.61 
707 2257.16 
708 2075.43 
709 2276.91 
710 2234.12 
711 2460.79 
712 2362.93 
713 2180.85 
714 2224.29 
715 2342.41 
716 2548.32 
717 2387.85 
718 2408.60 
719 2256.77 
720 2367.42 
721 1988.66 
722 2126.95 
723 2183.64 
724 2142.13 
725 2424.30 
726 2167.27 
727 2353.13 
728 2462.26 
729 2092.60 
730 2491.53 
731 2427.96 
732 2395.52 
733 2316.10 
734 2285.72 
735 2262.10 
736 2211.47 
737 2578.40 
738 2214.56 
739 2365.17 
740 2575.58 
741 2168.76 
742 2297.08 
743 2238.22 
744 2219.33 
745 2193.32 
746 2268.12 
747 2239.01 
748 2219.72 
749 2398.49 
750 2387.32 
751 2059.20 
752 2350.52 
753 2409.56 
754 2213.25 
755 2413.66 
756 2386.88 
757 2430.50 
758 2295.25 
759 2071.29 
760 2373.59 
761 2386.17 
762 2109.64 
763 2210.94 
764 2163.68 
765 2201.60 
766 2326.51 
767 2468.05 
768 2360.18 
769 2304.25 
770 2152.33 
771 2445.48 
772 2188.51 
773 2356.59 
774 2282.30 
775 2256.65 
776 2203.49 
777 2314.82 
778 2123.49 
779 2499.26 
780 2255.04 
781 2391.97 
782 2094.96 
783 2194.85 
784 2267.80 
785 2150.46 
786 2334.44 
787 2157.66 
788 2362.68 
789 2171.15 
790 2415.13 
791 2541.02 
792 2197.92 
793 2485.31 
794 2469.76 
795 2374.63 
796 2325.94 
797 2290.07 
798 2504.28 
799 2259.84 
800 2429.60 
801 2009.98 
802 2293.95 
803 2202.97 
804 2420.08 
805 2384.19 
806 2179.64 
807 2307.38 
808 2352.55 
809 2158.33 
810 1996.86 
811 2080.88 
812 2353.77 
813 2271.61 
814 2309.56 
815 2491.81 
816 2081.96 
817 2123.14 
818 2259.57 
819 2299.13 
820 2252.41 
821 2397.18 
822 2293.69 
823 2365.36 
824 2310.18 
825 2128.71 
826 2413.70 
827 2217.59 
828 2523.27 
829 2313.26 
830 2317.75 
831 2294.68 
832 2350.19 
833 2220.87 
834 2351.68 
835 2470.96 
836 2117.68 
837 2196.86 
838 2308.31 
839 2327.87 
840 2374.02 
841 2282.12 
842 2164.69 
843 2356.46 
844 2182.11 
845 2111.39 
846 2243.95 
847 2267.97 
848 2249.37 
849 2250.44 
850 2401.01 
851 2180.11 
852 2026.50 
853 2317.18 
854 2198.30 
855 2291.01 
856 2287.86 
857 2374.21 
858 2132.80 
859 2485.91 
860 2430.99 
861 2132.68 
862 2347.73 
863 2169.35 
864 2152.95 
865 2264.28 
866 2134.07 
867 2196.19 
868 2220.09 
869 2394.30 
870 2391.83 
871 2380.27 
872 2142.68 
873 2255.15 
874 2289.64 
875 2439.60 
876 2225.53 
877 2396.73 
878 2534.52 
879 2289.14 
880 2276.87 
881 2094.25 
882 2057.48 
883 2137.03 
884 2248.67 
885 2408.92 
886 2263.04 
887 2248.68 
888 2362.25 
889 1930.66 
890 2253.63 
891 2291.26 
892 2294.72 
893 2334.80 
894 2162.88 
895 2458.38 
896 2347.35 
897 2448.61 
898 2457.05 
899 2268.80 
900 2352.93 
901 2274.61 
902 2262.17 
903 2334.02 
904 2240.41 
905 2122.89 
906 2228.88 
907 2556.04 
908 2464.34 
909 2057.55 
910 2279.24 
911 2280.81 
912 2090.94 
913 2261.90 
914 2298.80 
915 2293.42 
916 2142.84 
917 2189.01 
918 2522.22 
919 2212.46 
920 2500.90 
921 2163.03 
922 2121.64 
923 2348.43 
924 2302.24 
925 2335.91 
926 2184.06 
927 2236.53 
928 2339.06 
929 2258.55 
930 2334.05 
931 2321.47 
932 2149.21 
933 2196.20 
934 2255.57 
935 2541.24 
936 2394.99 
937 2226.67 
938 2324.49 
939 2049.15 
940 2429.53 
941 2236.80 
942 2291.66 
943 2353.55 
944 2288.90 
945 2137.41 
946 2319.82 
947 2264.55 
948 2410.92 
949 2284.86 
950 2132.08 
951 2274.63 
952 2373.49 
953 2244.83 
954 2178.16 
955 2363.34 
956 2251.50 
957 2244.72 
958 2325.35 
959 2201.63 
960 2344.07 
961 2348.47 
962 2342.14 
963 2346.91 
964 2060.80 
965 2245.52 
966 2126.34 
967 2169.66 
968 2218.65 
969 2379.30 
970 2241.68 
971 2344.42 
972 2173.34 
973 2265.14 
974 2238.98 
975 2235.62 
976 2254.52 
977 2454.79 
978 2122.82 
979 2318.96 
980 2383.14 
981 2223.87 
982 2294.64 
983 2231.91 
984 2358.86 
985 1990.59 
986 2086.51 
987 2305.24 
988 2371.64 
989 2260.05 
990 2266.07 
991 2070.47 
992 2260.73 
993 2415.20 
994 2336.93 
995 2273.92 
996 1989.62 
997 2414.10 
998 2263.66 
999 2268.42 
1000 2193.59 
1001 2266.89 
1002 2363.90 
1003 2310.89 
1004 2406.11 
1005 2247.13 
1006 2336.26 
1007 2159.72 
1008 2461.50 
1009 2219.16 
1010 2278.83 
1011 2435.76 
1012 2304.92 
1013 2269.09 
1014 2343.11 
1015 2405.20 
1016 2174.02 
1017 2323.58 
1018 2073.80 
1019 2327.12 
1020 2308.78 
1021 2192.39 
1022 2357.49 
1023 2229.93 
1024 2295.01 
1025 2389.32 
1026 2442.86 
1027 2153.25 
1028 2210.05 
1029 2213.53 
1030 2077.86 
1031 2271.08 
1032 2207.26 
1033 2089.66 
1034 2363.99 
1035 2284.75 
1036 2378.35 
1037 2205.92 
1038 2239.81 
1039 2406.57 
1040 2293.38 
1041 2146.47 
1042 2255.54 
1043 2146.18 
1044 2309.10 
1045 2338.96 
1046 2302.93 
1047 2368.46 
1048 2134.65 
1049 2161.62 
1050 2079.04 
1051 2401.95 
1052 2262.03 
1053 2391.55 
1054 2196.78 
1055 2223.02 
1056 2339.14 
1057 2209.90 
1058 2298.54 
1059 2534.19 
1060 2155.66 
1061 2085.86 
1062 2284.91 
1063 2255.79 
1064 2247.68 
1065 2337.32 
1066 2399.26 
1067 2439.45 
1068 2275.10 
1069 2234.18 
1070 2043.05 
1071 2252.65 
1072 1940.83 
1073 2130.57 
1074 2007.97 
1075 2410.87 
1076 2235.56 
1077 2520.46 
1078 2035.24 
1079 2266.19 
1080 2157.68 
1081 2369.49 
1082 2385.25 
1083 2261.61 
1084 2314.88 
1085 2353.85 
1086 2426.72 
1087 2247.74 
1088 2431.24 
1089 2190.48 
1090 2374.71 
1091 2212.21 
1092 2182.89 
1093 2224.49 
1094 2155.65 
1095 2343.53 
1096 2440.52 
1097 2256.97 
1098 2155.96 
1099 2157.56 
1100 2237.00 
1101 2145.54 
1102 2276.10 
1103 2305.59 
1104 2254.14 
1105 2135.58 
1106 2065.95 
1107 2274.18 
1108 2248.15 
1109 2048.02 
1110 2405.30 
1111 2295.58 
1112 2319.35 
1113 2329.75 
1114 2358.58 
1115 2372.25 
1116 2252.60 
1117 2432.79 
1118 2386.78 
1119 2215.51 
1120 2120.88 
1121 2263.70 
1122 2222.20 
1123 2411.00 
1124 2367.11 
1125 2246.98 
1126 2227.58 
1127 2254.98 
1128 2417.21 
1129 2325.76 
1130 2473.40 
1131 2269.84 
1132 2328.14 
1133 2222.97 
1134 2107.88 
1135 2193.41 
1136 2048.56 
1137 2252.85 
1138 2178.62 
1139 2405.00 
1140 2263.67 
1141 2552.39 
1142 2235.02 
1143 2232.65 
1144 2476.05 
1145 2492.96 
1146 2206.72 
1147 2281.74 
1148 2387.32 
1149 2295.82 
1150 2257.32 
1151 2301.43 
1152 2400.68 
1153 2215.13 
1154 2480.05 
1155 2279.92 
1156 2424.68 
1157 2214.33 
1158 2306.86 
1159 2123.73 
1160 2455.25 
1161 2465.19 
1162 2322.64 
1163 2309.96 
1164 2414.72 
1165 2362.06 
1166 2388.55 
1167 2385.34 
1168 2262.68 
1169 2281.58 
1170 2311.36 
1171 2187.56 
1172 2228.26 
1173 1998.74 
1174 2353.64 
1175 2402.72 
1176 2339.33 
1177 2348.53 
1178 2642.96 
1179 2239.02 
1180 2233.59 
1181 2303.14 
1182 2492.54 
1183 2390.19 
1184 2220.06 
1185 2253.48 
1186 2481.47 
1187 2389.74 
1188 2352.19 
1189 2001.74 
1190 2312.51 
1191 2338.59 
1192 2151.08 
1193 2096.09 
1194 2376.53 
1195 2222.60 
1196 2355.99 
1197 2335.98 
1198 2253.39 
1199 2333.63 
1200 2261.75 
1201 2438.60 
1202 2403.11 
1203 2065.09 
1204 2372.75 
1205 2377.37 
1206 2214.85 
1207 2344.08 
1208 2235.16 
1209 2062.45 
1210 2052.81 
1211 2330.58 
1212 2238.82 
1213 2276.22 
1214 2126.87 
1215 2247.92 
1216 2361.01 
1217 2449.34 
1218 2283.30 
1219 2429.58 
1220 2180.31 
1221 2188.86 
1222 2420.89 
1223 2513.30 
1224 2078.94 
1225 2091.41 
1226 2148.48 
1227 2424.67 
1228 2228.44 
1229 1987.30 
1230 2230.87 
1231 2221.96 
1232 1995.58 
1233 2270.70 
1234 2321.25 
1235 2165.26 
1236 2389.80 
1237 2287.34 
1238 2535.75 
1239 2110.09 
1240 2309.06 
1241 2343.47 
1242 1960.98 
1243 2222.88 
1244 2254.03 
1245 2465.97 
1246 2152.69 
1247 2181.11 
1248 2010.80 
1249 2276.75 
1250 2150.11 
1251 2192.61 
1252 2333.16 
1253 2300.30 
1254 2169.55 
1255 2264.42 
1256 2054.54 
1257 2480.87 
1258 2340.61 
1259 2155.53 
1260 2203.74 
1261 2232.99 
1262 2299.64 
1263 2289.03 
1264 2167.49 
1265 2353.25 
1266 2003.30 
1267 2309.26 
1268 2238.07 
1269 2425.78 
1270 2317.16 
1271 2117.09 
1272 2339.16 
1273 2065.69 
1274 2431.89 
1275 2272.65 
1276 2181.88 
1277 2234.70 
1278 2511.64 
1279 2519.05 
1280 2264.79 
1281 2349.30 
1282 2238.60 
1283 2209.75 
1284 2424.43 
1285 2225.84 
1286 2428.52 
1287 2127.86 
1288 2475.31 
1289 2223.71 
1290 2272.31 
1291 2305.54 
1292 2293.55 
1293 2322.34 
1294 2328.80 
1295 2222.55 
1296 2375.45 
1297 2237.94 
1298 2433.50 
1299 2083.37 
1300 2368.91 
1301 2207.03 
1302 2126.25 
1303 2326.37 
1304 2286.42 
1305 2165.82 
1306 2526.58 
1307 2118.73 
1308 2370.90 
1309 2466.97 
1310 2603.74 
1311 2116.99 
1312 2163.08 
1313 2387.90 
1314 2144.83 
1315 2197.67 
1316 2329.62 
1317 2417.26 
1318 2436.49 
1319 2153.34 
1320 2341.96 
1321 2287.50 
1322 2184.67 
1323 2252.31 
1324 2245.95 
1325 2137.03 
1326 2328.01 
1327 2418.10 
1328 2229.33 
1329 2525.81 
1330 2488.20 
1331 2022.54 
1332 2382.41 
1333 2285.55 
1334 2151.51 
1335 2351.72 
1336 2720.84 
1337 2439.62 
1338 2252.61 
1339 2183.06 
1340 2191.42 
1341 2099.45 
1342 2252.49 
1343 2523.64 
1344 2239.42 
1345 2367.76 
1346 2332.63 
1347 2255.08 
1348 2295.24 
1349 2083.05 
1350 2096.72 
1351 2024.94 
1352 2353.41 
1353 2283.72 
1354 2189.85 
1355 2274.04 
1356 1974.35 
1357 2210.64 
1358 2285.73 
1359 2238.19 
1360 2429.33 
1361 2163.26 
1362 2390.56 
1363 2453.56 
1364 2401.36 
1365 2288.64 
1366 2217.79 
1367 2210.04 
1368 2331.34 
1369 2260.50 
1370 2303.84 
1371 2182.21 
1372 2246.25 
1373 2087.50 
1374 2292.24 
1375 2537.79 
1376 2523.31 
1377 2340.29 
1378 2230.31 
1379 2108.41 
1380 2240.86 
1381 2297.99 
1382 2388.34 
1383 2299.44 
1384 2103.47 
1385 2191.85 
1386 2168.53 
1387 1981.92 
1388 2310.14 
1389 2449.67 
1390 2047.80 
1391 2330.46 
1392 2104.61 
1393 2246.62 
1394 2443.16 
1395 2193.73 
1396 2387.86 
1397 2400.65 
1398 2384.80 
1399 2150.42 
1400 2362.11 
0 2199.54 
1 2227.16 
2 2413.92 
3 2316.53 
4 2415.86 
5 2355.76 
6 2145.90 
7 2405.89 
8 2325.32 
9 2291.11 
10 2225.76 
11 2046.73 
12 2274.29 
13 2399.51 
14 2126.42 
15 2520.80 
16 2243.73 
17 2361.24 
18 2277.96 
19 2250.38 
20 2266.36 
21 2332.03 
22 2481.09 
23 2311.79 
24 2282.28 
25 2477.52 
26 2355.59 
27 2110.30 
28 2209.79 
29 2372.36 
30 2196.28 
31 2475.48 
32 2223.76 
33 2342.91 
34 2346.56 
35 2314.00 
36 2081.00 
37 2135.33 
38 2249.67 
39 2231.36 
40 2190.55 
41 2395.69 
42 2101.69 
43 2330.30 
44 2401.78 
45 2425.46 
46 2343.80 
47 2199.41 
48 2242.21 
49 2321.10 
50 2322.59 
51 2441.90 
52 2315.51 
53 2413.68 
54 2528.03 
55 2181.54 
56 2332.71 
57 2399.55 
58 2347.45 
59 2336.41 
60 2193.33 
61 2168.51 
62 2138.03 
63 2238.95 
64 2155.03 
65 2393.04 
66 2447.81 
67 2365.63 
68 2448.30 
69 2217.88 
70 2287.07 
71 2278.67 
72 2402.68 
73 2175.88 
74 2439.89 
75 2286.11 
76 2213.80 
77 2334.15 
78 2250.31 
79 2271.67 
80 2367.43 
81 2341.20 
82 2242.97 
83 2162.12 
84 2310.35 
85 2237.77 
86 2240.63 
87 2202.37 
88 2534.79 
89 2331.13 
90 2469.57 
91 2324.94 
92 2485.95 
93 2256.45 
94 2477.88 
95 2469.36 
96 2215.21 
97 2266.84 
98 2190.17 
99 2327.42 
100 2359.86 
101 2245.99 
102 2329.42 
103 2230.75 
104 2292.50 
105 2269.34 
106 2291.09 
107 2351.79 
108 2350.81 
109 2227.76 
110 2433.21 
111 2161.02 
112 2347.59 
113 2337.79 
114 2465.03 
115 2526.31 
116 2443.83 
117 2410.10 
118 2327.18 
119 2390.57 
120 2172.88 
121 2316.94 
122 2177.65 
123 2349.36 
124 2288.81 
125 2331.80 
126 2452.56 
127 2322.43 
128 2376.59 
129 2271.03 
130 2274.18 
131 2124.09 
132 2365.38 
133 2255.88 
134 2168.15 
135 2299.38 
136 2182.66 
137 2322.45 
138 2343.11 
139 2359.29 
140 2361.73 
141 2344.34 
142 2256.56 
143 2568.67 
144 2405.51 
145 2252.63 
146 2300.80 
147 2156.94 
148 2211.98 
149 2399.10 
150 2277.47 
151 2272.15 
152 2386.19 
153 2145.80 
154 2259.32 
155 2281.81 
156 2414.31 
157 2142.39 
158 2141.54 
159 2250.14 
160 2305.09 
161 2491.04 
162 1925.04 
163 2245.08 
164 2087.27 
165 2340.11 
166 2139.07 
167 2309.79 
168 2521.75 
169 2300.95 
170 2197.46 
171 2258.36 
172 2169.04 
173 2260.64 
174 2118.24 
175 2213.81 
176 2169.27 
177 2365.18 
178 2343.74 
179 2356.24 
180 2216.10 
181 2103.72 
182 2369.84 
183 2247.83 
184 2111.89 
185 2451.28 
186 2306.62 
187 2475.73 
188 2381.67 
189 2106.09 
190 2220.15 
191 2370.93 
192 2400.42 
193 2163.10 
194 2229.94 
195 2487.00 
196 2241.98 
197 2229.91 
198 2107.71 
199 2340.41 
200 2286.34 
201 2466.48 
202 2076.53 
203 2438.89 
204 2015.96 
205 2425.92 
206 2188.37 
207 2439.81 
208 2308.73 
209 2097.99 
210 2422.02 
211 1962.43 
212 2432.23 
213 2243.64 
214 2247.35 
215 2354.22 
216 2305.02 
217 2354.07 
218 2286.59 
219 2448.48 
220 2406.59 
221 2422.21 
222 2411.81 
223 2295.30 
224 2405.79 
225 2036.88 
226 2232.53 
227 2185.52 
228 2123.86 
229 2536.23 
230 2248.87 
231 2585.97 
232 2249.37 
233 2208.37 
234 2262.26 
235 2358.47 
236 2472.51 
237 2054.10 
238 2098.67 
239 2328.18 
240 2570.45 
241 2353.55 
242 2368.38 
243 2319.21 
244 2096.92 
245 2477.72 
246 2138.43 
247 2412.67 
248 2152.49 
249 2498.85 
250 2393.11 
251 2399.30 
252 2374.37 
253 2421.66 
254 2276.08 
255 2359.62 
256 2238.13 
257 2396.95 
258 2335.53 
259 2427.79 
260 2130.73 
261 2136.22 
262 2480.70 
263 2415.81 
264 2205.28 
265 2467.42 
266 2058.59 
267 2083.42 
268 2405.70 
269 2420.51 
270 2205.49 
271 2300.54 
272 2346.96 
273 2376.26 
274 2175.34 
275 2054.63 
276 2241.07 
277 2102.39 
278 2285.02 
279 2346.43 
280 2356.23 
281 2243.34 
282 2373.79 
283 2218.46 
284 2310.53 
285 2231.70 
286 2356.56 
287 2442.97 
288 2153.30 
289 2339.18 
290 2344.38 
291 2328.80 
292 2197.67 
293 2207.12 
294 2379.43 
295 2416.82 
296 2481.39 
297 2359.03 
298 2358.12 
299 2477.87 
300 2384.37 
301 2255.32 
302 2216.03 
303 2089.98 
304 2148.14 
305 2261.95 
306 2262.41 
307 2346.38 
308 2302.73 
309 2374.92 
310 2213.52 
311 2298.63 
312 2522.68 
313 2389.82 
314 2307.15 
315 2501.68 
316 2335.83 
317 2198.25 
318 2318.07 
319 2291.21 
320 2239.63 
321 2398.35 
322 2394.48 
323 2362.53 
324 2438.02 
325 2346.44 
326 2191.24 
327 2560.90 
328 2474.30 
329 2358.22 
330 2366.09 
331 2156.22 
332 2643.86 
333 2225.40 
334 2346.39 
335 2463.39 
336 2381.17 
337 2218.15 
338 2116.53 
339 2081.06 
340 2314.57 
341 2356.33 
342 2468.19 
343 2310.86 
344 2320.60 
345 2107.69 
346 2332.86 
347 2216.91 
348 2218.14 
349 2195.66 
350 2547.47 
351 2362.17 
352 2376.12 
353 2134.46 
354 2210.61 
355 2265.21 
356 2207.27 
357 2298.04 
358 2294.69 
359 2269.79 
360 2244.24 
361 2463.86 
362 2430.71 
363 2147.62 
364 2367.71 
365 2432.18 
366 2463.24 
367 2395.34 
368 2382.14 
369 2307.89 
370 2141.96 
371 2117.89 
372 2253.86 
373 2127.96 
374 2258.84 
375 2282.82 
376 2235.16 
377 2239.33 
378 2388.01 
379 2209.93 
380 2304.85 
381 2102.95 
382 2550.94 
383 2200.68 
384 2261.52 
385 2257.86 
386 2435.22 
387 2180.05 
388 2360.02 
389 2480.44 
390 2301.06 
391 2481.18 
392 2104.25 
393 2156.31 
394 2421.08 
395 2396.95 
396 2293.71 
397 2102.95 
398 2314.69 
399 2238.76 
400 2327.68 
401 2306.56 
402 2217.45 
403 2196.48 
404 2148.87 
405 2159.20 
406 2291.09 
407 2450.87 
408 2254.08 
409 2246.93 
410 2284.11 
411 2299.51 
412 2467.98 
413 2395.47 
414 2232.42 
415 2088.46 
416 2338.17 
417 2513.02 
418 2372.46 
419 2301.04 
420 2095.51 
421 2249.18 
422 2176.72 
423 2262.97 
424 2393.29 
425 2311.56 
426 2431.66 
427 2301.10 
428 2325.96 
429 2385.34 
430 2313.85 
431 2334.19 
432 2284.21 
433 2099.66 
434 2254.78 
435 2181.79 
436 2273.11 
437 2356.26 
438 2371.86 
439 2208.38 
440 2365.99 
441 2289.93 
442 2257.48 
443 2239.94 
444 2026.69 
445 2077.58 
446 2008.93 
447 2360.39 
448 2188.40 
449 2300.04 
450 2225.32 
451 2413.39 
452 2336.14 
453 2250.18 
454 2251.04 
455 2280.41 
456 2334.23 
457 2210.32 
458 2153.64 
459 2220.32 
460 2314.26 
461 2246.86 
462 2239.28 
463 2463.49 
464 2329.29 
465 1933.95 
466 2475.37 
467 2185.31 
468 2440.40 
469 2294.87 
470 2510.46 
471 2489.84 
472 2569.37 
473 2346.82 
474 2360.50 
475 2112.00 
476 2274.00 
477 2414.15 
478 2244.17 
479 2298.63 
480 2194.71 
481 2200.78 
482 2221.48 
483 2285.15 
484 2351.44 
485 2309.20 
486 2502.93 
487 2286.79 
488 2514.17 
489 2498.69 
490 2334.50 
491 2390.33 
492 2274.94 
493 2300.14 
494 2404.46 
495 2125.74 
496 2190.43 
497 2194.23 
498 2433.28 
499 2176.23 
500 2251.47 
501 2293.99 
502 2393.04 
503 2215.84 
504 2338.08 
505 2291.99 
506 2176.73 
507 2189.23 
508 2181.57 
509 2225.68 
510 2070.34 
511 2386.66 
512 2194.30 
513 2217.62 
514 2201.92 
515 2447.22 
516 2161.08 
517 2301.26 
518 2361.98 
519 2319.34 
520 2227.00 
521 2270.28 
522 2413.16 
523 2324.31 
524 2381.67 
525 2459.43 
526 2275.59 
527 2426.60 
528 2145.10 
529 2191.19 
530 2115.73 
531 2382.20 
532 2278.51 
533 2353.71 
534 2311.14 
535 2186.83 
536 2297.83 
537 2343.35 
538 2363.89 
539 2429.80 
540 2215.35 
541 2370.20 
542 2533.54 
543 2499.23 
544 2465.46 
545 2445.46 
546 2465.99 
547 2123.06 
548 2167.30 
549 2244.10 
550 2265.91 
551 2216.79 
552 2599.34 
553 2264.80 
554 2417.57 
555 2266.19 
556 2158.44 
557 2183.10 
558 2297.49 
559 2180.03 
560 2487.54 
561 2298.92 
562 2337.46 
563 2305.82 
564 2457.03 
565 2157.32 
566 2161.79 
567 2387.89 
568 2413.11 
569 2293.29 
570 2249.90 
571 2229.90 
572 2258.94 
573 2341.71 
574 2316.64 
575 2623.70 
576 2401.65 
577 2363.79 
578 2256.95 
579 2266.35 
580 2431.22 
581 2452.20 
582 2270.01 
583 2297.97 
584 2373.63 
585 2340.34 
586 2208.21 
587 2124.25 
588 2307.88 
589 2387.71 
590 2228.11 
591 2199.82 
592 2107.80 
593 2414.82 
594 2233.82 
595 2340.27 
596 2251.56 
597 2269.26 
598 1959.53 
599 2266.35 
600 2294.32 
601 2390.29 
602 2429.83 
603 2458.55 
604 2311.15 
605 2325.84 
606 2417.99 
607 2306.01 
608 2306.56 
609 2380.80 
610 2239.38 
611 2311.79 
612 2293.12 
613 2416.45 
614 2334.18 
615 2228.81 
616 2279.55 
617 2199.61 
618 2038.56 
619 2216.40 
620 2318.91 
621 2080.04 
622 2523.39 
623 2193.83 
624 2346.18 
625 2352.55 
626 2180.60 
627 2333.31 
628 2435.04 
629 2145.70 
630 2627.52 
631 2255.50 
632 2216.74 
633 2335.03 
634 2209.38 
635 2472.11 
636 2520.26 
637 2467.66 
638 2273.05 
639 2364.82 
640 2337.39 
641 2481.69 
642 2304.02 
643 2272.29 
644 2076.94 
645 2392.70 
646 2482.09 
647 2059.71 
648 2371.47 
649 2324.29 
650 2581.09 
651 2556.91 
652 2461.15 
653 2593.15 
654 2485.93 
655 2360.81 
656 2435.08 
657 2304.51 
658 2262.86 
659 2319.69 
660 2441.27 
661 2282.39 
662 2000.66 
663 2351.41 
664 2056.60 
665 2233.49 
666 2320.21 
667 2320.90 
668 2264.18 
669 2336.30 
670 2428.04 
671 2387.02 
672 2238.89 
673 2335.58 
674 2180.20 
675 2178.79 
676 2297.45 
677 2355.50 
678 2360.76 
679 2352.19 
680 2363.70 
681 2369.77 
682 2365.73 
683 2062.04 
684 2194.28 
685 2208.55 
686 2317.61 
687 2440.40 
688 2476.48 
689 2308.43 
690 2249.15 
691 2404.20 
692 2455.41 
693 2499.78 
694 2341.60 
695 2374.23 
696 2402.33 
697 2210.69 
698 2345.55 
699 2220.06 
700 2476.72 
701 2246.90 
702 2294.53 
703 2150.69 
704 2256.80 
705 2311.79 
706 2369.45 
707 2455.45 
708 2322.95 
709 2412.42 
710 2283.82 
711 2338.90 
712 2176.62 
713 2193.59 
714 2485.62 
715 2439.59 
716 2362.65 
717 2214.90 
718 2379.85 
719 2261.00 
720 2008.75 
721 2031.14 
722 2188.65 
723 2256.84 
724 2360.23 
725 2442.00 
726 2055.84 
727 2525.31 
728 2253.37 
729 2283.95 
730 2196.45 
731 2166.59 
732 2274.78 
733 2442.44 
734 2222.28 
735 2358.38 
736 2446.88 
737 2176.51 
738 2365.73 
739 2429.67 
740 2133.31 
741 2359.58 
742 2237.50 
743 2479.67 
744 2165.30 
745 2224.87 
746 2410.49 
747 2545.51 
748 2203.66 
749 2277.56 
750 2338.46 
751 2239.27 
752 2279.39 
753 2338.73 
754 2406.24 
755 2493.09 
756 2303.72 
757 2222.15 
758 2188.00 
759 2301.22 
760 2230.67 
761 2232.73 
762 2342.12 
763 2343.06 
764 2263.04 
765 2353.66 
766 2396.37 
767 2314.12 
768 2408.50 
769 2273.97 
770 2270.16 
771 2436.75 
772 2287.37 
773 2400.92 
774 2169.78 
775 2472.07 
776 2379.62 
777 2344.32 
778 2293.37 
779 2515.26 
780 2490.45 
781 2158.82 
782 2333.72 
783 2376.71 
784 2053.90 
785 2407.61 
786 2437.23 
787 2303.24 
788 2453.30 
789 2284.54 
790 2179.76 
791 2325.13 
792 2259.21 
793 2389.58 
794 2151.50 
795 2161.12 
796 2381.84 
797 2146.83 
798 2224.87 
799 2677.83 
800 2259.10 
801 2092.13 
802 2244.43 
803 2571.80 
804 2187.33 
805 2288.28 
806 2188.41 
807 2325.86 
808 2289.32 
809 2523.79 
810 2517.22 
811 2209.73 
812 2112.76 
813 2271.99 
814 2102.61 
815 2295.38 
816 2361.25 
817 2516.21 
818 2281.60 
819 2155.94 
820 2407.93 
821 2339.44 
822 2441.30 
823 2312.08 
824 2295.18 
825 2242.51 
826 2323.66 
827 2459.19 
828 2241.20 
829 2111.79 
830 2247.26 
831 2363.18 
832 2458.22 
833 2198.20 
834 2268.50 
835 1978.39 
836 2363.32 
837 2261.04 
838 2183.93 
839 2219.66 
840 2453.24 
841 2109.63 
842 2240.62 
843 2332.37 
844 2205.07 
845 2470.57 
846 2295.16 
847 2354.76 
848 2518.74 
849 2388.68 
850 2193.98 
851 1992.18 
852 2328.84 
853 2217.48 
854 2134.15 
855 2247.79 
856 2267.55 
857 2154.62 
858 2112.52 
859 2293.89 
860 2107.57 
861 2235.31 
862 2150.98 
863 2351.69 
864 2135.38 
865 2256.01 
866 2345.45 
867 2356.31 
868 2348.34 
869 2392.59 
870 1937.76 
871 2198.17 
872 2134.99 
873 2260.87 
874 2245.17 
875 2411.60 
876 2316.14 
877 2183.77 
878 2285.20 
879 2176.92 
880 2244.43 
881 2375.48 
882 2210.88 
883 2272.32 
884 1838.92 
885 2293.68 
886 2152.42 
887 2257.25 
888 2279.48 
889 2389.83 
890 2083.51 
891 2271.89 
892 2359.67 
893 2186.13 
894 2224.63 
895 2413.56 
896 2246.12 
897 2247.73 
898 2501.82 
899 2143.22 
900 2355.15 
901 2287.47 
902 2483.87 
903 2168.76 
904 2156.90 
905 2404.33 
906 2224.44 
907 2518.14 
908 2205.92 
909 2226.14 
910 2224.65 
911 2364.25 
912 1994.41 
913 2258.11 
914 2059.45 
915 2291.23 
916 2250.82 
917 2142.80 
918 2327.58 
919 2404.12 
920 2393.31 
921 2170.24 
922 2235.49 
923 2310.02 
924 2473.34 
925 2201.63 
926 2260.57 
927 2174.92 
928 2296.81 
929 2298.01 
930 2215.88 
931 2200.36 
932 2379.41 
933 2438.59 
934 2061.49 
935 2335.65 
936 2084.32 
937 2218.61 
938 2372.89 
939 2547.27 
940 2263.13 
941 2381.45 
942 2226.66 
943 2388.85 
944 2449.71 
945 2318.78 
946 2072.40 
947 2189.80 
948 2346.46 
949 2279.93 
950 2487.30 
951 2182.64 
952 2268.50 
953 2261.17 
954 2009.35 
955 2257.80 
956 2290.93 
957 2389.85 
958 2135.76 
959 2422.37 
960 2472.03 
961 2333.22 
962 2359.39 
963 2275.12 
964 2175.84 
965 2399.09 
966 1906.27 
967 2309.91 
968 2369.91 
969 2117.45 
970 2391.93 
971 2408.15 
972 2337.14 
973 2267.29 
974 2269.19 
975 2149.09 
976 2253.10 
977 2355.88 
978 2235.92 
979 2269.96 
980 2378.78 
981 2296.66 
982 2406.14 
983 2234.33 
984 2432.19 
985 2158.53 
986 2419.09 
987 2377.09 
988 2384.01 
989 2243.24 
990 2156.10 
991 2356.12 
992 2438.99 
993 2159.95 
994 2317.09 
995 2218.44 
996 2351.64 
997 2300.16 
998 2248.27 
999 2343.26 
1000 2164.21 
1001 2388.62 
1002 2222.66 
1003 2285.70 
1004 2356.53 
1005 2199.09 
1006 2097.98 
1007 2304.46 
1008 2537.04 
1009 2125.86 
1010 2242.53 
1011 2396.46 
1012 2270.24 
1013 2384.05 
1014 2491.45 
1015 2456.56 
1016 2296.42 
1017 2449.47 
1018 2393.44 
1019 1980.06 
1020 2239.21 
1021 2206.19 
1022 2270.67 
1023 2478.27 
1024 2190.73 
1025 2378.07 
1026 2355.73 
1027 2270.31 
1028 2361.78 
1029 2216.67 
1030 2145.23 
1031 2136.87 
1032 2394.80 
1033 2142.88 
1034 2432.18 
1035 2100.35 
1036 2205.84 
1037 2254.55 
1038 2255.02 
1039 2239.66 
1040 2166.82 
1041 2234.24 
1042 2257.11 
1043 2264.15 
1044 2084.20 
1045 2470.07 
1046 2436.82 
1047 2157.20 
1048 2434.38 
1049 2430.89 
1050 2297.79 
1051 2449.94 
1052 2359.63 
1053 2390.16 
1054 2479.90 
1055 2156.31 
1056 2248.17 
1057 2486.52 
1058 2343.65 
1059 2211.07 
1060 2175.74 
1061 2201.41 
1062 2160.90 
1063 2099.00 
1064 2314.35 
1065 2432.07 
1066 2361.73 
1067 2540.15 
1068 2339.47 
1069 2263.08 
1070 2399.89 
1071 2286.68 
1072 2057.21 
1073 2257.70 
1074 2295.44 
1075 2275.97 
1076 2371.15 
1077 2211.13 
1078 2366.73 
1079 2419.71 
1080 2423.49 
1081 2478.73 
1082 2264.48 
1083 2379.58 
1084 2331.52 
1085 2385.94 
1086 2171.60 
1087 2359.54 
1088 2495.96 
1089 2460.65 
1090 2223.24 
1091 2364.06 
1092 2058.33 
1093 2169.76 
1094 2363.34 
1095 2325.38 
1096 2343.77 
1097 2048.69 
1098 2260.01 
1099 2235.68 
1100 2222.25 
1101 2142.26 
1102 2339.64 
1103 2292.36 
1104 2153.66 
1105 2394.52 
1106 2130.86 
1107 2168.78 
1108 2131.46 
1109 2442.26 
1110 2173.44 
1111 2194.86 
1112 2250.09 
1113 2295.85 
1114 2251.43 
1115 2241.01 
1116 2350.15 
1117 2376.12 
1118 2185.19 
1119 2122.27 
1120 2311.16 
1121 2285.64 
1122 2300.69 
1123 2291.36 
1124 2351.43 
1125 2272.49 
1126 2095.06 
1127 2353.85 
1128 2350.37 
1129 2387.29 
1130 2302.75 
1131 2259.61 
1132 2386.60 
1133 2519.14 
1134 1901.08 
1135 2279.23 
1136 2377.36 
1137 2317.55 
1138 2191.75 
1139 2380.98 
1140 2064.27 
1141 2134.66 
1142 2299.35 
1143 2425.39 
1144 2237.07 
1145 2200.66 
1146 2350.61 
1147 2219.60 
1148 2224.41 
1149 2175.44 
1150 2289.04 
1151 2434.72 
1152 2178.53 
1153 2329.59 
1154 2393.83 
1155 2264.87 
1156 2312.05 
1157 2341.44 
1158 2290.66 
1159 2167.91 
1160 2208.00 
1161 2269.91 
1162 2385.69 
1163 2160.49 
1164 2100.24 
1165 2368.69 
1166 2393.40 
1167 2218.96 
1168 2469.64 
1169 2235.92 
1170 2149.71 
1171 2292.99 
1172 2044.33 
1173 2323.09 
1174 2406.05 
1175 2338.79 
1176 2418.41 
1177 2423.50 
1178 2213.59 
1179 2301.74 
1180 2081.05 
1181 2542.09 
1182 2132.01 
1183 2224.41 
1184 2418.09 
1185 2025.48 
1186 2325.63 
1187 2458.88 
1188 2290.61 
1189 2472.10 
1190 2216.99 
1191 2388.20 
1192 2445.86 
1193 2319.96 
1194 2391.30 
1195 2206.45 
1196 2288.53 
1197 2383.81 
1198 2372.85 
1199 2284.94 
1200 2524.86 
1201 2357.57 
1202 2229.94 
1203 2387.44 
1204 2389.35 
1205 2283.43 
1206 2133.31 
1207 2168.05 
1208 2351.94 
1209 2205.76 
1210 2361.15 
1211 2511.27 
1212 2356.02 
1213 2250.64 
1214 2275.17 
1215 2272.98 
1216 2179.68 
1217 2433.74 
1218 2367.49 
1219 2108.44 
1220 2084.26 
1221 2282.87 
1222 2508.25 
1223 2530.22 
1224 2353.65 
1225 2276.24 
1226 2184.44 
1227 2330.64 
1228 2373.49 
1229 2207.55 
1230 2452.93 
1231 2248.34 
1232 2381.09 
1233 2267.18 
1234 2338.80 
1235 2235.18 
1236 2409.35 
1237 2351.03 
1238 2234.80 
1239 2407.49 
1240 2293.96 
1241 2267.67 
1242 2412.66 
1243 2458.12 
1244 2040.35 
1245 2367.03 
1246 2470.03 
1247 2329.97 
1248 2426.43 
1249 2389.99 
1250 2188.32 
1251 2258.68 
1252 2395.00 
1253 2310.45 
1254 2380.04 
1255 2214.81 
1256 2263.95 
1257 2231.93 
1258 2177.16 
1259 2385.37 
1260 2464.20 
1261 2397.08 
1262 2111.01 
1263 2206.44 
1264 2294.82 
1265 2318.04 
1266 2127.86 
1267 2170.73 
1268 2319.84 
1269 2449.67 
1270 2538.23 
1271 2341.84 
1272 2305.11 
1273 2012.20 
1274 2357.84 
1275 2124.83 
1276 2339.56 
1277 2109.73 
1278 2420.49 
1279 2506.59 
1280 2411.10 
1281 2403.35 
1282 2467.88 
1283 2269.04 
1284 2167.62 
1285 2538.99 
1286 2223.84 
1287 2440.11 
1288 2324.27 
1289 2288.55 
1290 2313.11 
1291 2256.33 
1292 2263.43 
1293 2553.17 
1294 2109.82 
1295 1915.97 
1296 2281.94 
1297 2361.71 
1298 1990.63 
1299 2300.85 
1300 2351.16 
1301 2384.67 
1302 2323.54 
1303 2387.46 
1304 2368.06 
1305 2013.28 
1306 2433.19 
1307 2288.39 
1308 2249.66 
1309 2323.64 
1310 1890.26 
1311 2298.05 
1312 2067.39 
1313 2255.97 
1314 2383.82 
1315 2308.65 
1316 2291.15 
1317 2326.77 
1318 2176.58 
1319 2292.46 
1320 2302.77 
1321 2180.71 
1322 2376.93 
1323 2382.79 
1324 2329.39 
1325 2199.03 
1326 2237.31 
1327 2449.96 
1328 1987.27 
1329 2139.79 
1330 2170.36 
1331 2288.98 
1332 2398.21 
1333 2365.99 
1334 2471.89 
1335 2442.81 
1336 2148.52 
1337 2468.83 
1338 2277.83 
1339 2347.27 
1340 2366.08 
1341 2195.13 
1342 2376.80 
1343 2167.64 
1344 2425.54 
1345 2298.95 
1346 2357.79 
1347 2568.39 
1348 2233.30 
1349 2087.74 
1350 2137.57 
1351 2261.66 
1352 2379.77 
1353 2364.36 
1354 2275.27 
1355 2182.74 
1356 2393.51 
1357 2366.68 
1358 2263.73 
1359 2075.68 
1360 2418.47 
1361 2319.17 
1362 2101.17 
1363 2403.46 
1364 2258.96 
1365 2415.54 
1366 2290.93 
1367 2399.87 
1368 2284.16 
1369 2350.20 
1370 2369.50 
1371 2267.60 
1372 2421.21 
1373 2323.57 
1374 2529.20 
1375 2242.71 
1376 2301.74 
1377 2408.23 
1378 2372.70 
1379 2212.01 
1380 2333.64 
1381 2351.63 
1382 2414.43 
1383 2179.20 
1384 2476.76 
1385 2304.49 
1386 2275.47 
1387 2219.70 
1388 2212.12 
1389 2194.86 
1390 2311.68 
1391 2354.23 
1392 2223.34 
1393 2410.45 
1394 2243.38 
1395 2270.56 
1396 2469.25 
1397 2262.98 
1398 2265.59 
1399 2180.20 
1400 2342.12 
0 2177.52 
1 2461.55 
2 2288.60 
3 2241.20 
4 2169.58 
5 2320.73 
6 2145.31 
7 2315.17 
8 2281.16 
9 2307.13 
10 2261.08 
11 2456.32 
12 2284.68 
13 2165.21 
14 2217.00 
15 2369.67 
16 2148.08 
