Seed 0:
0 -527.49 
1 -454.13 
2 -328.87 
3 -352.59 
4 -210.90 
5 -217.65 
6 -214.32 
7 -211.76 
8 -113.68 
9 -147.65 
10 -57.63 
11 -13.41 
12 18.01 
13 -0.82 
14 -24.48 
15 -22.78 
16 65.62 
17 141.95 
18 245.03 
19 -192.08 
20 -62.52 
21 321.38 
22 72.74 
23 490.03 
24 515.14 
25 381.58 
26 527.26 
27 417.50 
28 761.27 
29 311.05 
30 669.78 
31 821.45 
32 724.75 
33 704.34 
34 832.85 
35 777.06 
36 929.06 
37 1131.60 
38 930.67 
39 1101.72 
40 1325.28 
41 1100.67 
42 1316.17 
43 1108.38 
44 1210.21 
45 1183.25 
46 1286.04 
47 1619.95 
48 1348.59 
49 1570.46 
50 1390.21 
51 1491.06 
52 1338.29 
53 1568.76 
54 1569.01 
55 1378.24 
56 1564.17 
57 1354.26 
58 1409.24 
59 1454.54 
60 1360.81 
61 1397.63 
62 1357.12 
63 1242.54 
64 1346.52 
65 1413.52 
66 1439.00 
67 1515.48 
68 1441.86 
69 1468.93 
70 1388.68 
71 1522.60 
72 516.34 
73 1465.95 
74 1350.78 
75 1430.87 
76 1648.61 
77 1630.96 
78 1696.62 
79 1558.45 
80 1620.62 
81 1449.95 
82 1566.23 
83 1410.58 
84 1696.53 
85 1580.55 
86 1722.02 
87 1497.06 
88 1438.29 
89 1641.94 
90 1581.74 
91 1563.15 
92 1288.83 
93 373.19 
94 1721.34 
95 1397.65 
96 1340.39 
97 1366.15 
98 1499.86 
99 1516.19 
100 1608.81 
101 -210.10 
102 1592.37 
103 1537.80 
104 1654.83 
105 1410.11 
106 1524.23 
107 1479.07 
108 1558.03 
109 1721.86 
110 1627.76 
111 1455.16 
112 1394.69 
113 1470.66 
114 1886.02 
115 1652.74 
116 1856.77 
117 1787.11 
118 1376.98 
119 1706.95 
120 1548.78 
121 1637.78 
122 1585.67 
123 1826.76 
124 1487.50 
125 1586.38 
126 1626.53 
127 1529.86 
128 1445.38 
129 156.03 
130 1726.48 
131 1524.66 
132 1712.92 
133 1425.85 
134 1625.28 
135 1471.36 
136 1236.16 
137 1517.92 
138 1625.55 
139 1534.27 
140 1575.12 
141 1446.59 
142 1625.13 
143 1762.43 
144 1744.55 
145 1555.86 
146 1665.80 
147 1687.80 
148 1796.69 
149 1699.15 
150 1682.28 
151 1647.24 
152 1553.66 
153 1501.00 
154 1642.44 
155 1768.55 
156 1558.49 
157 1820.54 
158 723.47 
159 1597.52 
160 1612.38 
161 1714.05 
162 1833.98 
163 1672.64 
164 1759.75 
165 1419.67 
166 1717.35 
167 1902.47 
168 1673.41 
169 1747.18 
170 1894.81 
171 1767.66 
172 1926.51 
173 1567.12 
174 1764.38 
175 1674.18 
176 1698.02 
177 1714.41 
178 1611.81 
179 1756.72 
180 1710.20 
181 1617.34 
182 1414.07 
183 1694.17 
184 1860.99 
185 1908.04 
186 -438.68 
187 1716.49 
188 1706.12 
189 1761.37 
190 1760.21 
191 1837.04 
192 1537.49 
193 1816.97 
194 1827.15 
195 1757.13 
196 1709.17 
197 1728.45 
198 1657.96 
199 1919.50 
200 1582.48 
201 1783.71 
202 1870.55 
203 1778.42 
204 1711.63 
205 1880.03 
206 1785.20 
207 1948.95 
208 1849.46 
209 1821.41 
210 1859.74 
211 1779.91 
212 557.16 
213 1784.91 
214 1824.37 
215 2062.15 
216 1954.99 
217 1704.84 
218 1930.12 
219 1757.02 
220 1765.78 
221 2046.69 
222 1881.11 
223 1755.15 
224 1659.85 
225 1710.69 
226 1730.68 
227 1825.75 
228 1964.73 
229 1997.38 
230 1878.52 
231 1779.84 
232 1943.55 
233 1971.08 
234 1774.47 
235 1832.75 
236 1893.85 
237 2133.27 
238 2066.10 
239 1839.81 
240 1972.59 
241 1998.56 
242 2027.23 
243 1947.62 
244 1729.05 
245 2091.05 
246 1946.93 
247 1956.71 
248 1680.61 
249 2199.41 
250 2052.15 
251 2254.48 
252 2077.87 
253 2045.95 
254 2037.30 
255 1908.25 
256 2045.98 
257 1975.49 
258 1870.36 
259 1829.50 
260 2194.04 
261 1763.12 
262 2035.84 
263 1949.80 
264 1845.10 
265 1944.81 
266 2015.50 
267 1677.40 
268 2028.29 
269 1916.75 
270 1819.40 
271 1991.25 
272 1931.75 
273 1831.60 
274 1911.99 
275 2207.87 
276 2025.68 
277 1948.51 
278 1981.41 
279 2070.81 
280 2164.93 
281 2078.63 
282 2103.99 
283 1894.43 
284 1977.47 
285 2039.05 
286 2052.77 
287 618.13 
288 2016.40 
289 2173.29 
290 2168.97 
291 1801.09 
292 2083.57 
293 2105.43 
294 2003.32 
295 1931.86 
296 2036.69 
297 1913.41 
298 2057.67 
299 1827.39 
300 2104.11 
301 1958.82 
302 2029.83 
303 2069.56 
304 2126.27 
305 2027.87 
306 2259.11 
307 1992.63 
308 2067.64 
309 2220.53 
310 1741.68 
311 2053.77 
312 2253.37 
313 1922.38 
314 1763.25 
315 1859.58 
316 1767.31 
317 2070.96 
318 1991.58 
319 2021.06 
320 2048.08 
321 2269.10 
322 1994.10 
323 2324.98 
324 1986.83 
325 2126.65 
326 2064.78 
327 2016.49 
328 1950.26 
329 2237.03 
330 2146.97 
331 2199.65 
332 2087.99 
333 1871.74 
334 2067.41 
335 2120.67 
336 2495.88 
337 2292.97 
338 729.94 
339 -36.28 
340 2216.55 
341 2140.10 
342 2208.51 
343 2013.19 
344 2037.78 
345 2230.02 
346 2093.55 
347 2182.81 
348 2273.36 
349 1931.36 
350 1876.89 
351 2112.42 
352 2118.62 
353 2142.69 
354 2252.58 
355 2035.73 
356 2243.24 
357 2337.93 
358 2337.12 
359 1935.37 
360 2109.30 
361 2119.71 
362 1915.73 
363 2011.46 
364 2128.69 
365 2019.58 
366 2162.26 
367 2008.92 
368 2130.08 
369 2094.44 
370 2188.01 
371 2004.20 
372 2274.62 
373 2169.16 
374 1959.41 
375 2278.75 
376 2169.18 
377 2256.23 
378 2219.67 
379 2100.31 
380 1928.33 
381 2313.82 
382 2061.34 
383 1923.47 
384 2297.56 
385 2151.37 
386 2329.32 
387 2197.05 
388 2216.04 
389 1964.05 
390 1881.32 
391 2169.53 
392 2461.70 
393 2068.04 
394 2478.94 
395 1807.90 
396 2034.35 
397 2037.75 
398 2180.17 
399 2300.79 
400 2369.03 
401 2126.57 
402 2148.20 
403 2294.26 
404 2239.91 
405 2348.85 
406 2266.75 
407 2255.77 
408 2305.14 
409 2575.31 
410 2327.39 
411 2220.71 
412 2272.84 
413 2381.80 
414 1952.05 
415 2110.33 
416 2275.80 
417 2400.63 
418 2150.75 
419 2341.12 
420 2004.85 
421 2041.97 
422 2174.91 
423 2273.91 
424 2140.80 
425 2164.33 
426 2079.68 
427 2052.23 
428 2380.52 
429 2163.82 
430 2392.00 
431 2380.66 
432 2274.83 
433 2283.80 
434 2191.43 
435 2314.96 
436 2432.52 
437 2444.06 
438 2181.58 
439 2157.12 
440 2110.34 
441 2271.31 
442 2278.23 
443 2177.66 
444 2234.95 
445 2449.66 
446 2131.08 
447 2140.93 
448 2155.57 
449 2182.99 
450 2379.86 
451 2327.37 
452 2148.47 
453 295.99 
454 253.59 
455 2283.78 
456 2165.54 
457 2391.35 
458 2571.14 
459 2260.52 
460 2583.60 
461 2242.23 
462 2126.77 
463 2347.36 
464 2138.73 
465 2285.20 
466 2150.15 
467 2239.38 
468 2244.93 
469 2227.24 
470 2185.01 
471 2327.31 
472 2413.85 
473 2313.17 
474 2005.49 
475 2444.02 
476 2321.70 
477 2054.21 
478 2237.37 
479 2338.94 
480 2432.19 
481 2264.36 
482 2250.25 
483 2197.99 
484 2232.23 
485 2174.72 
486 2289.65 
487 2570.37 
488 2288.06 
489 2185.78 
490 2455.72 
491 2293.89 
492 2243.57 
493 2260.96 
494 2399.62 
495 2282.92 
496 672.39 
497 2382.03 
498 2198.88 
499 2287.13 
500 2443.01 
501 2353.64 
502 2388.82 
503 2465.82 
504 2331.14 
505 2242.02 
506 2381.84 
507 2352.17 
508 2256.92 
509 2290.15 
510 2478.33 
511 2334.08 
512 2305.56 
513 2426.41 
514 2383.30 
515 2307.07 
516 2287.85 
517 2525.26 
518 2427.48 
519 2385.80 
520 2286.97 
521 2351.52 
522 2578.25 
523 2603.21 
524 2404.97 
525 2209.16 
526 2224.83 
527 2268.18 
528 2263.60 
529 2345.56 
530 2281.10 
531 2254.39 
532 2426.34 
533 2337.73 
534 2430.92 
535 2305.79 
536 2230.13 
537 2314.92 
538 2324.75 
539 1413.42 
540 2317.60 
541 2412.59 
542 2430.47 
543 2111.36 
544 2224.22 
545 2620.06 
546 2412.30 
547 2351.23 
548 2388.69 
549 707.75 
550 2196.27 
551 2382.54 
552 2595.10 
553 2171.20 
554 2450.61 
555 589.04 
556 2220.77 
557 2359.14 
558 2151.92 
559 2476.90 
560 2239.14 
561 2233.49 
562 2217.74 
563 2490.96 
564 2159.29 
565 2179.31 
566 2574.77 
567 2558.00 
568 2507.65 
569 2187.86 
570 2313.10 
571 1171.52 
572 2238.01 
573 2132.79 
574 2484.40 
575 2403.16 
576 2307.71 
577 2132.69 
578 2489.11 
579 2367.39 
580 2273.20 
581 2075.26 
582 2360.57 
583 2183.57 
584 2216.60 
585 2281.50 
586 2357.24 
587 1800.94 
588 2154.01 
589 2435.64 
590 2433.47 
591 2517.02 
592 2541.85 
593 2284.44 
594 2139.55 
595 2537.53 
596 2323.30 
597 613.11 
598 2224.11 
599 2213.15 
600 2385.60 
601 2345.32 
602 2321.82 
603 2558.02 
604 2043.69 
605 2180.66 
606 1962.82 
607 2377.44 
608 2190.92 
609 2298.82 
610 2417.71 
611 2520.47 
612 2167.28 
613 2434.00 
614 2606.44 
615 2365.59 
616 2529.69 
617 2358.06 
618 2315.22 
619 2496.47 
620 2340.10 
621 2405.82 
622 2322.55 
623 2455.66 
624 2315.90 
625 2286.82 
626 2384.13 
627 2468.33 
628 2396.39 
629 2243.32 
630 2253.20 
631 2362.59 
632 2396.34 
633 2346.33 
634 2263.20 
635 2233.72 
636 2718.20 
637 2311.38 
638 2396.83 
639 2391.00 
640 2456.28 
641 2409.90 
642 2393.62 
643 2439.85 
644 2412.65 
645 2153.11 
646 2319.36 
647 2706.71 
648 2363.61 
649 2481.51 
650 2383.97 
651 2480.68 
652 2497.34 
653 2542.71 
654 2345.24 
655 2368.24 
656 2410.14 
657 2438.96 
658 2427.88 
659 2298.81 
660 2272.60 
661 2543.76 
662 2156.84 
663 1322.82 
664 2316.42 
665 2290.20 
666 2411.70 
667 2377.76 
668 2580.98 
669 2433.95 
670 2432.49 
671 2300.58 
672 2379.82 
673 2453.55 
674 2528.62 
675 2437.62 
676 2571.08 
677 2657.06 
678 2485.53 
679 2437.26 
680 2379.09 
681 2476.17 
682 2491.55 
683 2432.14 
684 2325.98 
685 2426.84 
686 2236.82 
687 2117.39 
688 2415.70 
689 2516.72 
690 2527.93 
691 2553.73 
692 2433.32 
693 2569.93 
694 2347.33 
695 2376.73 
696 2664.56 
697 2195.93 
698 2596.94 
699 2668.14 
700 2535.09 
701 2305.17 
702 2125.53 
703 2509.48 
704 2397.98 
705 1369.75 
706 2453.27 
707 2411.86 
708 2359.42 
709 2448.28 
710 2441.01 
711 2519.28 
712 2445.19 
713 2450.17 
714 2495.29 
715 2458.73 
716 2190.49 
717 2503.89 
718 2459.64 
719 2448.28 
720 2286.49 
721 2499.11 
722 2611.40 
723 2441.55 
724 2226.18 
725 2497.42 
726 2465.16 
727 2420.36 
728 2402.12 
729 2539.98 
730 1441.14 
731 2383.99 
732 2611.77 
733 2321.78 
734 2400.29 
735 2396.41 
736 2498.96 
737 2416.00 
738 2489.45 
739 2446.49 
740 2369.14 
741 2536.68 
742 2409.32 
743 2518.23 
744 2384.26 
745 2404.87 
746 2514.19 
747 2413.11 
748 2421.05 
749 2370.27 
750 2388.59 
751 2403.15 
752 2459.02 
753 2400.97 
754 2478.82 
755 2550.74 
756 2394.83 
757 2426.85 
758 2460.78 
759 2425.59 
760 2547.30 
761 2340.54 
762 2252.95 
763 2501.83 
764 2566.96 
765 2370.88 
766 2557.76 
767 2508.52 
768 2439.67 
769 2541.11 
770 2678.64 
771 2641.49 
772 2272.23 
773 2390.54 
774 2497.83 
775 2266.34 
776 2617.21 
777 2572.22 
778 2646.28 
779 2419.51 
780 2466.79 
781 2488.17 
782 2544.97 
783 2497.01 
784 2693.59 
785 2515.43 
786 2406.25 
787 2601.85 
788 2558.76 
789 2429.36 
790 2672.21 
791 2514.72 
792 2396.79 
793 2595.14 
794 2168.96 
795 2510.99 
796 2336.30 
797 2561.17 
798 2455.18 
799 2457.09 
800 2464.74 
801 2695.68 
802 2324.03 
803 2473.36 
804 2549.36 
805 2543.89 
806 2688.18 
807 2367.13 
808 2439.21 
809 2405.28 
810 2632.89 
811 2442.89 
812 2592.99 
813 2454.63 
814 2479.33 
815 2450.43 
816 2528.46 
817 2634.61 
818 2576.98 
819 2612.39 
820 2634.36 
821 2484.35 
822 2537.65 
823 2508.53 
824 2676.53 
825 2474.64 
826 2341.35 
827 2516.68 
828 2338.89 
829 2437.43 
830 2525.54 
831 2352.71 
832 2387.27 
833 2538.85 
834 2399.67 
835 2520.82 
836 2571.42 
837 2499.08 
838 2111.16 
839 1360.96 
840 2470.87 
841 2426.79 
842 2660.73 
843 2547.87 
844 2691.31 
845 2524.43 
846 2431.72 
847 2530.00 
848 2468.54 
849 2233.68 
850 2569.35 
851 2469.61 
852 2617.26 
853 2379.35 
854 2497.38 
855 2342.81 
856 2553.33 
857 2580.33 
858 2521.34 
859 2590.21 
860 2529.75 
861 2453.36 
862 2172.18 
863 2596.56 
864 2574.55 
865 2481.66 
866 2376.62 
867 2568.32 
868 2618.51 
869 2557.66 
870 2246.93 
871 2520.53 
872 2430.25 
873 2482.12 
874 793.71 
875 2420.13 
876 2735.97 
877 2683.66 
878 2305.24 
879 2617.50 
880 2664.29 
881 2579.38 
882 2482.45 
883 2564.00 
884 2638.67 
885 2424.21 
886 2441.11 
887 2582.81 
888 2370.00 
889 2536.33 
890 2491.93 
891 2208.43 
892 2345.53 
893 2526.90 
894 2416.23 
895 2545.13 
896 2438.41 
897 2637.46 
898 2285.19 
899 2614.49 
900 2635.24 
901 2553.86 
902 2625.80 
903 2587.47 
904 2452.41 
905 2442.07 
906 2367.29 
907 2619.08 
908 2408.02 
909 2388.21 
910 2609.85 
911 2509.69 
912 2499.01 
913 2528.36 
914 2499.53 
915 2407.81 
916 2633.21 
917 2256.20 
918 2449.47 
919 2314.27 
920 2690.98 
921 2676.70 
922 2611.44 
923 2515.34 
924 2579.04 
925 2466.82 
926 715.16 
927 2521.47 
928 2555.55 
929 2708.40 
930 2684.03 
931 2653.37 
932 2639.69 
933 2496.72 
934 2550.27 
935 2346.09 
936 2761.41 
937 2338.34 
938 2524.12 
939 2711.26 
940 2557.98 
941 2512.90 
942 2720.17 
943 2703.17 
944 2336.99 
945 2404.16 
946 2673.84 
947 2554.07 
948 2659.04 
949 2569.00 
950 2580.84 
951 361.04 
952 2427.63 
953 2660.71 
954 2706.43 
955 2797.08 
956 2509.65 
957 2568.07 
958 2535.89 
959 2433.85 
960 2570.34 
961 2703.81 
962 2635.87 
963 2711.62 
964 2683.75 
965 243.38 
966 2471.58 
967 2632.17 
968 2604.27 
969 2495.92 
970 2583.55 
971 2724.82 
972 2527.99 
973 2736.86 
974 782.03 
975 2661.01 
976 2709.45 
977 1837.95 
978 2681.52 
979 2555.79 
980 2656.68 
981 2576.40 
982 2618.47 
983 2757.32 
984 2554.33 
985 2775.86 
986 2592.24 
987 2640.99 
988 2671.99 
989 2662.51 
990 2496.51 
991 2777.21 
992 2565.55 
993 2609.92 
994 2830.52 
995 2738.48 
996 2632.12 
997 2711.83 
998 2796.17 
999 2551.74 
1000 2790.58 
1001 2553.19 
1002 2626.75 
1003 2606.13 
1004 2560.73 
1005 2605.21 
1006 2590.81 
1007 862.45 
1008 2799.35 
1009 2705.15 
1010 2455.41 
1011 2564.92 
1012 2597.78 
1013 1410.47 
1014 2434.11 
1015 2349.76 
1016 1766.54 
1017 2708.37 
1018 2634.64 
1019 2592.61 
1020 2487.92 
1021 2668.38 
1022 845.85 
1023 2630.19 
1024 2446.22 
1025 2620.83 
1026 2868.37 
1027 2691.93 
1028 2702.77 
1029 2532.90 
1030 2473.99 
1031 2543.27 
1032 2813.53 
1033 2733.25 
1034 2686.33 
1035 2697.08 
1036 2566.28 
1037 2629.06 
1038 2441.11 
1039 2840.59 
1040 2567.13 
1041 2514.89 
1042 2506.21 
1043 2562.19 
1044 2544.33 
1045 2833.92 
1046 2639.18 
1047 2456.74 
1048 1925.20 
1049 2607.28 
1050 549.59 
1051 2893.56 
1052 2380.09 
1053 2697.10 
1054 2612.06 
1055 2757.50 
1056 2672.11 
1057 2639.85 
1058 2678.55 
1059 2525.81 
1060 2599.64 
1061 2349.17 
1062 2491.82 
1063 2888.63 
1064 2672.06 
1065 2639.81 
1066 2608.71 
1067 2691.62 
1068 2697.74 
1069 2656.49 
1070 2726.87 
1071 2602.90 
1072 2658.05 
1073 2677.07 
1074 2674.04 
1075 2704.17 
1076 2856.92 
1077 2765.88 
1078 2510.61 
1079 2671.42 
1080 2693.74 
1081 2712.43 
1082 2617.98 
1083 2781.37 
1084 2474.65 
1085 2437.56 
1086 2649.40 
1087 2744.55 
1088 1536.06 
1089 2735.62 
1090 2590.50 
1091 2700.08 
1092 2644.53 
1093 2474.76 
1094 2630.69 
1095 2656.81 
1096 2560.92 
1097 2680.40 
1098 2809.50 
1099 2574.39 
1100 2414.56 
1101 2663.47 
1102 2537.56 
1103 2709.57 
1104 2665.97 
1105 2460.87 
1106 2252.73 
1107 2723.88 
1108 2861.08 
1109 2918.45 
1110 2550.86 
1111 2704.05 
1112 2588.58 
1113 2769.73 
1114 2627.62 
1115 2468.43 
1116 2856.96 
1117 2710.07 
1118 2771.81 
1119 2609.68 
1120 2800.43 
1121 2746.84 
1122 2568.73 
1123 2562.40 
1124 2846.07 
1125 2661.48 
1126 2391.97 
1127 2459.05 
1128 2740.54 
1129 2508.56 
1130 2672.39 
1131 2628.20 
1132 2868.15 
1133 2668.07 
1134 2654.13 
1135 2694.43 
1136 2869.50 
1137 2594.51 
1138 2686.24 
1139 2544.32 
1140 2720.22 
1141 2650.71 
1142 2825.52 
1143 2666.47 
1144 2778.77 
1145 2646.72 
1146 2703.95 
1147 2981.60 
1148 2733.16 
1149 2605.93 
1150 2620.51 
1151 2731.13 
1152 2456.28 
1153 2609.04 
1154 2769.09 
1155 2618.93 
1156 2612.98 
1157 2574.27 
1158 2863.13 
1159 2774.75 
1160 2508.81 
1161 2637.38 
1162 2861.56 
1163 2549.26 
1164 2649.96 
1165 2873.00 
1166 2591.14 
1167 116.91 
1168 2971.60 
1169 2553.23 
1170 2779.66 
1171 2661.09 
1172 2675.19 
1173 2865.56 
1174 2740.62 
1175 2845.35 
1176 2779.79 
1177 2790.07 
1178 2967.42 
1179 2780.60 
1180 2715.41 
1181 2651.81 
1182 2812.17 
1183 2650.92 
1184 2740.56 
1185 2896.79 
1186 2848.10 
1187 2689.28 
1188 2849.26 
1189 2869.06 
1190 2904.77 
1191 2876.57 
1192 2886.34 
1193 2771.97 
1194 2748.50 
1195 2686.37 
1196 2729.00 
1197 2686.92 
1198 2832.93 
1199 2564.11 
1200 2968.73 
1201 2838.78 
1202 1537.92 
1203 2731.94 
1204 2798.68 
1205 2576.38 
1206 2858.17 
1207 2817.24 
1208 2813.83 
1209 2727.37 
1210 2541.11 
1211 2829.08 
1212 2664.88 
1213 2714.44 
1214 2719.80 
1215 2822.73 
1216 1385.55 
1217 2771.94 
1218 2586.13 
1219 2740.17 
1220 2808.73 
1221 2591.10 
1222 2700.32 
1223 2767.71 
1224 2803.10 
1225 2836.31 
1226 2714.25 
1227 2763.76 
1228 2987.72 
1229 2750.52 
1230 2729.56 
1231 2443.32 
1232 2656.34 
1233 2723.77 
1234 2815.36 
1235 2785.30 
1236 2883.37 
1237 2712.81 
1238 2872.17 
1239 2792.50 
1240 2917.21 
1241 2806.68 
1242 2824.88 
1243 2914.69 
1244 2651.65 
1245 2702.96 
1246 2682.53 
1247 2844.97 
1248 2664.72 
1249 2680.50 
1250 2810.88 
1251 2772.95 
1252 2894.98 
1253 2730.03 
1254 2790.46 
1255 2836.42 
1256 2667.51 
1257 2956.74 
1258 2844.76 
1259 2694.33 
1260 1937.73 
1261 3007.59 
1262 2957.96 
1263 2764.95 
1264 2576.23 
1265 2780.88 
1266 2949.95 
1267 2720.03 
1268 2568.25 
1269 2752.74 
1270 2672.76 
1271 2816.66 
1272 2854.08 
1273 2641.99 
1274 2698.89 
1275 2902.33 
1276 2825.50 
1277 2606.48 
1278 2825.35 
1279 2726.12 
1280 2928.17 
1281 2728.79 
1282 2849.12 
1283 2760.48 
1284 2648.07 
1285 2891.08 
1286 2661.82 
1287 2567.40 
1288 2753.30 
1289 2872.54 
1290 2946.46 
1291 2721.65 
1292 2819.99 
1293 2828.67 
1294 3053.08 
1295 3111.83 
1296 2803.25 
1297 2837.81 
1298 2928.08 
1299 2882.32 
1300 2791.05 
1301 2884.85 
1302 2670.33 
1303 2798.59 
1304 2997.28 
1305 2834.34 
1306 2838.72 
1307 2583.03 
1308 2801.59 
1309 2759.13 
1310 2732.71 
1311 2615.90 
1312 2861.49 
1313 2951.81 
1314 2917.60 
1315 2699.24 
1316 2773.77 
1317 2863.93 
1318 2847.25 
1319 2787.79 
1320 2561.43 
1321 2822.99 
1322 2750.83 
1323 2735.94 
1324 2751.52 
1325 2942.11 
1326 2865.18 
1327 2774.44 
1328 2940.30 
1329 3066.74 
1330 2872.62 
1331 2876.51 
1332 2527.36 
1333 2896.39 
1334 2948.15 
1335 2811.65 
1336 2842.51 
1337 2971.76 
1338 2806.86 
1339 2975.73 
1340 2799.73 
1341 2802.01 
1342 2862.29 
1343 2898.53 
1344 2886.24 
1345 2924.36 
1346 2768.47 
1347 2973.34 
1348 2772.19 
1349 2788.11 
1350 2760.91 
1351 2974.31 
1352 2895.08 
1353 2982.51 
1354 2824.83 
1355 3027.66 
1356 2634.94 
1357 2890.70 
1358 2723.52 
1359 2891.26 
1360 2758.70 
1361 2874.61 
1362 2918.10 
1363 2790.12 
1364 2863.28 
1365 2696.82 
1366 2592.03 
1367 3074.89 
1368 2920.92 
1369 2877.30 
1370 2978.67 
1371 2825.89 
1372 2945.27 
1373 2702.61 
1374 3135.41 
1375 2579.18 
1376 2736.91 
1377 2623.68 
1378 2943.97 
1379 2869.48 
1380 2946.90 
1381 2810.02 
1382 2982.41 
1383 2926.91 
1384 2940.89 
1385 2846.08 
1386 2882.86 
1387 3004.33 
1388 3012.39 
1389 2728.41 
1390 2739.18 
1391 2740.79 
1392 3004.91 
1393 2890.47 
1394 1919.10 
1395 2714.61 
1396 3023.09 
1397 2776.42 
1398 2893.06 
1399 2962.59 
1400 2600.67 
0 2768.74 
0 2846.40 
1 2849.07 
1 2916.39 
2 2764.34 
2 3000.74 
3 2812.21 
3 2844.38 
4 2951.18 
4 2899.42 
5 2926.01 
5 2940.35 
6 2922.12 
6 2943.05 
7 2935.68 
7 3025.33 
8 2965.20 
8 3004.35 
9 2738.17 
9 2806.07 
10 2679.97 
10 2936.78 
11 2888.13 
11 2941.72 
12 2907.59 
12 2844.88 
13 2529.44 
13 2879.63 
14 2916.25 
14 2843.31 
15 2899.15 
15 2845.72 
16 2765.21 
16 2843.30 
17 2912.30 
17 2807.83 
18 3025.79 
18 2929.15 
19 2903.54 
19 2752.97 
20 2891.16 
20 3006.16 
21 2889.85 
21 2910.94 
22 3008.01 
22 3047.87 
23 2841.05 
23 2885.58 
24 2752.27 
24 2869.90 
25 2961.51 
25 2934.36 
26 2909.79 
26 2997.04 
27 2814.54 
27 2934.49 
28 2923.38 
28 2927.48 
29 2825.44 
29 2789.92 
30 2786.53 
30 2942.78 
31 2898.93 
31 3043.97 
32 2823.69 
32 3013.03 
33 2815.10 
33 2879.98 
34 2931.45 
34 2897.21 
35 2818.39 
35 2886.78 
36 2795.37 
36 2938.83 
37 2918.50 
37 2977.76 
38 2792.34 
38 2880.36 
39 2785.98 
39 3022.63 
40 2781.30 
40 2597.10 
41 2767.13 
41 2879.37 
42 2921.40 
42 2691.10 
43 2712.62 
43 2804.24 
44 3019.99 
44 2924.06 
45 2944.52 
45 2800.00 
46 2830.75 
46 2957.47 
47 2971.16 
47 2733.42 
48 2700.23 
48 2746.99 
49 2853.40 
49 2852.62 
50 2899.63 
50 2975.51 
51 3046.12 
51 2751.80 
52 2924.80 
52 2807.98 
53 2887.37 
53 2747.59 
54 2640.45 
54 2922.52 
55 2880.65 
55 2989.74 
56 2828.63 
56 2854.75 
57 2734.98 
57 3028.48 
58 2808.91 
58 2893.46 
59 2890.39 
59 2919.39 
60 2867.87 
60 2987.70 
61 2939.90 
61 2928.36 
62 2871.35 
62 2872.54 
63 2891.08 
63 2924.67 
64 2947.26 
64 2808.71 
65 3162.82 
65 2898.01 
66 2981.31 
66 2957.68 
67 2968.55 
67 2820.57 
68 2844.62 
68 3081.08 
69 2779.47 
69 2878.43 
70 2820.17 
70 3016.85 
71 2814.51 
71 166.16 
72 2888.62 
72 2908.75 
73 2695.18 
73 2907.22 
74 2878.36 
74 2986.60 
75 2648.57 
75 2865.13 
76 2820.39 
76 2585.68 
77 2806.47 
77 2665.23 
78 2866.01 
78 3009.59 
79 2817.74 
79 3025.89 
80 3064.87 
80 3015.19 
81 2687.09 
81 2935.19 
82 2786.89 
82 2885.78 
83 2973.47 
83 2939.44 
84 2925.92 
84 2867.47 
85 2983.94 
85 2853.14 
86 2965.85 
86 2965.51 
87 2924.64 
87 3077.72 
88 2788.26 
88 2855.27 
89 2820.64 
89 2860.53 
90 2901.12 
90 2843.32 
91 2962.94 
91 3041.28 
92 3048.35 
92 3003.90 
93 2876.79 
93 2982.98 
94 2745.16 
94 2765.66 
95 1187.50 
95 2656.42 
96 2823.19 
96 2768.06 
97 3038.28 
97 2947.55 
98 2887.64 
98 3000.02 
99 455.42 
99 2850.56 
100 2974.45 
100 2847.14 
101 2988.27 
101 3028.48 
102 2999.89 
102 2900.36 
103 3031.65 
103 2906.87 
104 2977.43 
104 3059.78 
105 2780.89 
105 2868.45 
106 3025.73 
106 2634.94 
107 2897.12 
107 2903.49 
108 2939.37 
108 720.28 
109 3115.01 
109 2951.23 
110 2890.71 
110 2915.34 
111 2933.95 
111 2960.65 
112 2868.60 
112 2851.62 
113 2875.42 
113 2799.81 
114 2930.70 
114 2887.25 
115 2311.97 
115 2856.20 
116 2969.68 
116 2781.32 
117 2832.66 
117 2763.54 
118 2805.99 
118 2950.91 
119 2953.00 
119 2480.07 
120 3098.64 
120 2811.12 
121 2930.88 
121 2945.77 
122 2997.46 
122 2813.22 
123 3059.83 
123 3048.38 
124 2900.38 
124 2887.86 
125 3008.00 
125 2925.48 
126 3122.01 
126 2914.71 
127 2980.42 
128 2945.68 
127 3084.81 
129 2833.28 
128 2806.14 
130 2797.00 
129 3010.92 
131 2969.02 
130 2991.42 
132 2991.41 
131 2911.07 
133 2839.32 
132 2883.44 
133 2801.04 
134 2778.57 
134 2826.53 
135 2973.59 
135 2640.64 
136 3013.42 
136 2758.08 
137 2902.18 
137 3009.95 
138 3012.34 
138 2836.41 
139 3159.36 
139 2911.80 
140 2997.70 
140 2797.93 
141 116.70 
141 2806.61 
142 3044.74 
142 2650.12 
143 2877.29 
143 2929.13 
144 2825.60 
144 2985.71 
145 2963.04 
145 2926.26 
146 2965.81 
146 2909.60 
147 2906.14 
147 -206.77 
148 3017.87 
148 2662.52 
149 2926.05 
149 2915.54 
150 2923.19 
150 2858.05 
151 3040.77 
151 2991.85 
152 2824.35 
152 3035.02 
153 2969.74 
153 2908.13 
154 2925.07 
154 2898.62 
155 2964.36 
155 2949.34 
156 2875.10 
156 2863.80 
157 3075.29 
157 3109.45 
158 3104.11 
158 2958.22 
159 3033.96 
159 2782.53 
160 3098.04 
160 2960.42 
161 1480.94 
161 2884.99 
162 2963.77 
162 3018.07 
163 3015.19 
163 2963.80 
164 2920.51 
164 2914.96 
165 3092.39 
165 2687.32 
166 3039.42 
166 3105.74 
167 2887.17 
167 2791.92 
168 3054.29 
168 2931.55 
169 2861.99 
169 3005.00 
170 2922.33 
170 2810.39 
171 2698.36 
171 2966.63 
172 2937.90 
172 2815.49 
173 2889.48 
173 2727.34 
174 2887.69 
174 2987.45 
175 2863.80 
175 3066.92 
176 2985.44 
176 2790.23 
177 2936.29 
177 2986.19 
178 2996.75 
178 3037.22 
179 3037.47 
179 2800.35 
180 2946.70 
180 3036.06 
181 2947.14 
181 2827.95 
182 3136.78 
182 2780.03 
183 2953.28 
183 3127.54 
184 3120.25 
184 2908.46 
185 2940.82 
185 2988.58 
186 2742.67 
186 2955.37 
187 2894.52 
187 3016.73 
188 3012.88 
188 3067.62 
189 2655.91 
189 2992.13 
190 3121.65 
190 2879.37 
191 2971.77 
191 2737.19 
192 2859.93 
192 3034.40 
193 2909.16 
193 3123.40 
194 2918.16 
194 3325.53 
195 2813.51 
195 3046.85 
196 3001.33 
196 2779.55 
197 2904.91 
197 2941.26 
198 2878.23 
198 3005.08 
199 3141.71 
199 3066.54 
200 2849.16 
200 3006.06 
201 3033.77 
201 3144.49 
202 2963.94 
202 3154.67 
203 3055.31 
203 3060.04 
204 2904.75 
204 3015.86 
205 3033.35 
205 3021.98 
206 2862.65 
206 3088.54 
207 3040.66 
207 2993.95 
208 2863.55 
208 3025.80 
209 2926.56 
209 3073.77 
210 2743.94 
210 3176.56 
211 3028.37 
211 3010.04 
212 2932.69 
212 3085.49 
213 2898.74 
213 2939.44 
214 2875.44 
214 3074.79 
215 2981.93 
215 2942.68 
216 3099.66 
216 3078.50 
217 2975.15 
217 3098.99 
218 3080.77 
218 3023.41 
219 2857.43 
219 2857.49 
220 2906.26 
220 2947.74 
221 2887.91 
221 2956.62 
222 2975.39 
222 2920.20 
223 3078.61 
223 2850.42 
224 2945.95 
224 3045.60 
225 2892.66 
225 2994.77 
226 2941.35 
226 2870.97 
227 3023.29 
227 2952.99 
228 2996.96 
228 2848.79 
229 2904.97 
229 3079.22 
230 2991.01 
230 3013.45 
231 3216.73 
231 2986.63 
232 2942.88 
232 2981.82 
233 2915.14 
233 3107.91 
234 2986.12 
234 2948.84 
235 3018.58 
235 3076.29 
236 3104.91 
236 2957.84 
237 2874.07 
237 3095.84 
238 3066.48 
238 2941.96 
239 2954.96 
239 3033.66 
240 3005.61 
240 3026.88 
241 3132.13 
241 2986.99 
242 3025.29 
242 3069.11 
243 2705.17 
243 3216.38 
244 2894.15 
244 3099.51 
245 1060.33 
245 3033.45 
246 3030.46 
246 2718.14 
247 2758.16 
247 3102.38 
248 3054.99 
248 3027.53 
249 2884.79 
249 2936.85 
250 2987.81 
250 3008.13 
251 3027.39 
251 2986.27 
252 3056.51 
252 2960.01 
253 3147.36 
253 2872.31 
254 3179.14 
254 3108.36 
255 2947.70 
255 3150.87 
256 3188.14 
256 2992.68 
257 3042.02 
257 3092.15 
258 3027.64 
258 3196.99 
259 2739.27 
259 3238.99 
260 3039.31 
260 3200.04 
261 3073.50 
261 3043.36 
262 2832.67 
262 3377.20 
263 2983.82 
263 3125.85 
264 3009.28 
264 3117.39 
265 3036.40 
265 2915.30 
266 3054.88 
266 3024.92 
267 3052.20 
267 2791.42 
268 2930.08 
268 3218.55 
269 2879.30 
269 3179.48 
270 2918.35 
270 3109.91 
271 3059.40 
271 2982.40 
272 3006.00 
272 3152.30 
273 1302.21 
273 3014.76 
274 3099.69 
274 2988.78 
275 3153.93 
275 3260.53 
276 3116.59 
276 2927.38 
277 3055.40 
277 3118.34 
278 2992.54 
278 2985.07 
279 2967.31 
279 3130.42 
280 3070.21 
280 2945.58 
281 2911.58 
281 3067.56 
282 2944.96 
282 2865.10 
283 3131.93 
283 2957.39 
284 2960.71 
284 3035.58 
285 3081.12 
285 3060.85 
286 2982.68 
286 3028.44 
287 3069.74 
287 3080.24 
288 2998.80 
288 2931.70 
289 3054.56 
289 2876.05 
290 2766.46 
290 3091.12 
291 3119.59 
291 2938.90 
292 3327.80 
292 3081.07 
293 2992.88 
293 3184.11 
294 2938.07 
294 2973.01 
295 3152.37 
295 2990.54 
296 3154.44 
296 3053.24 
297 -139.53 
297 2995.28 
298 3111.56 
298 3086.33 
299 3220.34 
299 3084.59 
300 3211.33 
300 3162.05 
301 3191.46 
301 3061.98 
302 2975.66 
302 2952.70 
303 3144.45 
303 3023.16 
304 2967.10 
304 2913.77 
305 3121.52 
305 3058.41 
306 3151.24 
306 3253.46 
307 3137.18 
307 3046.93 
308 2914.74 
308 3100.48 
309 3187.77 
309 3045.54 
310 3286.64 
310 3074.99 
311 3160.72 
311 2889.15 
312 3113.07 
312 2805.37 
313 3186.17 
313 3175.77 
314 3149.67 
314 2947.48 
315 3081.98 
315 2938.68 
316 3227.75 
316 2969.99 
317 3023.89 
317 3031.88 
318 2837.37 
318 3011.32 
319 2869.91 
319 3047.19 
320 3031.37 
320 3023.17 
321 3088.71 
321 3091.04 
322 3330.33 
322 2904.60 
323 3066.66 
323 3018.84 
324 3068.78 
324 3156.12 
325 2995.90 
325 3180.17 
326 3030.51 
326 3091.66 
327 2993.71 
327 3241.85 
328 2443.84 
328 3033.81 
329 3237.22 
329 3127.74 
330 3123.20 
330 3111.79 
331 3179.85 
331 3101.66 
332 3067.49 
332 3152.03 
333 3102.38 
333 3135.32 
334 3228.07 
334 2934.78 
335 3134.68 
335 3132.72 
336 2988.15 
336 3196.51 
337 3025.37 
337 2981.41 
338 3258.18 
338 2981.18 
339 3095.27 
339 3146.10 
340 3164.61 
340 3190.27 
341 3122.87 
341 2961.82 
342 3156.70 
342 2939.13 
343 3160.95 
343 3123.09 
344 3144.58 
344 2956.58 
345 3054.95 
345 3188.60 
346 3064.07 
346 3101.97 
347 2951.01 
347 2979.29 
348 3088.42 
348 2987.58 
349 3141.40 
349 2969.88 
350 3083.73 
350 3021.65 
351 3115.85 
351 3086.30 
352 3032.98 
352 3017.17 
353 3129.08 
353 2849.48 
354 3007.75 
354 3153.05 
355 3179.71 
355 2893.15 
356 3308.48 
356 3254.56 
357 3038.11 
357 3087.11 
358 3098.99 
358 3054.87 
359 3147.34 
359 3048.69 
360 2932.05 
360 3041.76 
361 3046.04 
361 3081.76 
362 3090.77 
362 3065.13 
363 3376.21 
363 3129.07 
364 3107.70 
364 2947.04 
365 3053.59 
365 3000.65 
366 3191.43 
366 2987.27 
367 3144.52 
367 3289.57 
368 3109.99 
368 2989.79 
369 3064.28 
369 3031.07 
370 2977.69 
370 2947.95 
371 3127.57 
371 3202.39 
372 3158.92 
372 3097.37 
373 3167.69 
373 2983.71 
374 3219.71 
374 3088.26 
375 3276.83 
375 3206.29 
376 3198.44 
376 2998.51 
377 3224.70 
377 2932.68 
378 3240.58 
378 3072.76 
379 3086.25 
379 3142.57 
380 2918.67 
380 3064.71 
381 2855.65 
381 3220.60 
382 3118.11 
382 3060.97 
383 3110.05 
383 2901.67 
384 3140.19 
384 2968.76 
385 2985.86 
385 3167.46 
386 3075.86 
386 3070.59 
387 3176.74 
387 3144.56 
388 3030.60 
388 2998.40 
389 3083.56 
389 2940.35 
390 3024.60 
390 2841.99 
391 3305.38 
391 3112.57 
392 3109.03 
392 3053.63 
393 3082.34 
393 3132.26 
394 3162.54 
394 3015.98 
395 3276.52 
395 2900.50 
396 3141.37 
397 3008.37 
396 3028.40 
398 3133.93 
397 3258.50 
399 3175.41 
398 3079.66 
400 3149.99 
399 3004.78 
400 2997.03 
401 3003.41 
401 3195.78 
402 3181.30 
403 3133.72 
402 3086.73 
403 3004.57 
404 3190.35 
405 3187.20 
404 3310.64 
406 3115.33 
405 3187.84 
407 2928.23 
406 3173.09 
408 3185.44 
407 3052.08 
409 2921.11 
408 2994.68 
410 3281.11 
409 3129.91 
411 3314.38 
410 3022.09 
412 3079.84 
411 2963.34 
413 3247.34 
412 2966.06 
414 3265.89 
413 3103.71 
415 3388.94 
414 3187.93 
416 3194.33 
415 3117.96 
417 3303.28 
416 2828.23 
418 3227.00 
417 3057.64 
419 3110.92 
418 3226.00 
420 3185.13 
419 3141.24 
421 3084.50 
420 3230.70 
422 3137.82 
421 3001.78 
423 3089.74 
422 3109.14 
424 3310.51 
423 2987.34 
425 3113.52 
424 3200.03 
426 3199.79 
425 3229.27 
427 3173.71 
426 3315.12 
428 3179.16 
427 3012.43 
429 3091.57 
428 2895.41 
430 3178.66 
429 3100.18 
431 3018.65 
430 2901.72 
432 3033.17 
431 3090.13 
433 3203.64 
432 3079.11 
434 2983.44 
433 3150.03 
435 3074.00 
434 3039.92 
436 3079.09 
435 3016.83 
437 3196.93 
436 3048.44 
438 3316.19 
437 3095.90 
439 3015.40 
438 3037.01 
440 3194.01 
439 3213.30 
441 3215.32 
440 3056.97 
442 3035.48 
441 3073.41 
443 3207.80 
442 3077.11 
444 2993.13 
443 2831.21 
445 3151.71 
444 3035.51 
446 3211.85 
445 3139.45 
447 3238.24 
446 3100.36 
448 3182.13 
447 3203.07 
449 3262.45 
448 3045.83 
450 3230.77 
449 3070.72 
451 3015.57 
450 3229.67 
452 3179.97 
451 3119.27 
453 3173.81 
452 3195.29 
454 3253.64 
453 3190.24 
455 3224.78 
454 3096.06 
456 3134.05 
455 3001.59 
457 3040.72 
456 2955.15 
458 2982.09 
457 3145.01 
459 3112.62 
458 3166.84 
460 3090.17 
459 3065.61 
461 2919.33 
460 3028.02 
462 3192.55 
461 2975.74 
463 3135.37 
462 2701.52 
464 3197.31 
463 2976.45 
465 3025.30 
464 2968.74 
466 3180.47 
465 3233.16 
467 3112.27 
466 2912.56 
468 3069.22 
467 3006.72 
469 3250.37 
468 3231.77 
470 3149.28 
469 3142.77 
471 3168.76 
470 3207.07 
472 3182.71 
471 3000.76 
473 3248.70 
472 3176.20 
474 3348.82 
473 3154.75 
475 3205.21 
474 3130.26 
476 3055.26 
475 2999.20 
477 3066.99 
476 3223.52 
478 3198.29 
477 3104.98 
479 3192.75 
478 3141.17 
480 2960.56 
479 3277.29 
481 3147.10 
480 3081.61 
482 3144.53 
481 3042.24 
483 3226.30 
482 3195.27 
484 3185.64 
483 2835.80 
485 3091.31 
484 3091.15 
486 2903.92 
485 3070.65 
487 3147.11 
486 3189.54 
488 3102.38 
487 3182.58 
489 3154.22 
488 3066.51 
490 3214.50 
489 3071.69 
491 3285.31 
490 3090.02 
492 3016.87 
491 3270.00 
493 3220.09 
492 3023.84 
494 3208.32 
493 3128.62 
495 3158.54 
494 3178.89 
496 3220.16 
495 3041.64 
497 2980.99 
496 3195.85 
498 3136.67 
497 3195.50 
499 2986.49 
498 3072.08 
500 3163.20 
499 3049.35 
501 3049.36 
500 3320.60 
502 3129.21 
501 3172.76 
503 3030.37 
502 3390.42 
504 3313.68 
503 3231.59 
505 3052.58 
504 3031.76 
506 3200.40 
505 3068.45 
507 3241.80 
506 3195.16 
508 3027.89 
507 3253.33 
509 2955.47 
508 3089.96 
510 3274.61 
509 3317.46 
511 3005.76 
510 3096.45 
512 3167.70 
511 3178.16 
513 3115.88 
512 3131.53 
514 3096.07 
513 3112.57 
515 3324.81 
514 3011.83 
516 3314.34 
515 3262.94 
516 3123.16 
517 3314.94 
517 3133.68 
518 3039.24 
519 3243.97 
518 3276.98 
520 3212.48 
519 3106.77 
521 3159.96 
520 3354.34 
522 3199.88 
521 3084.32 
523 3238.56 
522 2913.62 
524 3180.42 
523 3067.08 
525 3207.39 
524 3046.43 
526 3126.22 
525 3086.00 
527 3206.73 
526 2869.92 
528 3170.89 
527 3237.27 
529 3170.90 
528 3179.03 
530 3224.89 
529 3218.99 
531 3243.61 
530 3255.13 
532 3246.02 
531 3166.63 
533 3182.22 
532 3016.06 
534 3231.82 
533 3303.83 
535 3064.49 
534 3100.55 
536 3225.11 
535 3049.86 
537 960.18 
536 3265.17 
538 3131.57 
537 3184.44 
539 2979.26 
538 3199.41 
540 3242.25 
539 3249.05 
541 3241.57 
540 3028.58 
542 3060.25 
541 3065.60 
543 3272.53 
542 3242.30 
544 3271.97 
543 2965.99 
545 3116.04 
544 3236.83 
546 3102.60 
545 2900.43 
547 3225.77 
546 3002.47 
548 3266.14 
547 3266.84 
549 3074.84 
548 3123.55 
550 3103.20 
549 3070.72 
551 3156.00 
550 2976.28 
552 3085.17 
551 3197.28 
553 3259.85 
552 3118.06 
553 2892.31 
554 3094.27 
554 3097.19 
555 3127.82 
555 3145.58 
556 3152.96 
556 3182.96 
557 2927.04 
557 3204.46 
558 3177.00 
558 3103.23 
559 3273.83 
559 3039.92 
560 3200.15 
560 3152.01 
561 3105.96 
561 2987.29 
562 3404.83 
562 3056.82 
563 3181.38 
563 3169.31 
564 3173.11 
564 3125.17 
565 3188.12 
565 3034.25 
566 3177.47 
566 3187.19 
567 3220.55 
567 3172.64 
568 3099.23 
568 3194.65 
569 3170.37 
569 3074.08 
570 3228.27 
571 3275.68 
570 3045.03 
571 2932.52 
572 3353.66 
572 3292.74 
573 3069.85 
573 3054.29 
574 3125.96 
574 3103.71 
575 3128.48 
0 3234.35 
576 3261.49 
575 3237.11 
1 3250.14 
577 3224.75 
576 3102.07 
2 3190.45 
578 3270.42 
577 3207.51 
3 3305.46 
579 3179.09 
578 3432.90 
4 3289.88 
580 3255.02 
579 3020.84 
5 3221.67 
581 3254.54 
580 3023.14 
6 3109.34 
582 3187.72 
581 3366.76 
7 3148.40 
583 3138.24 
582 2211.34 
8 3264.82 
584 3051.18 
583 3232.11 
9 1452.11 
585 3180.37 
584 3136.16 
10 3252.87 
586 3114.56 
585 3127.39 
11 3285.48 
587 3037.15 
586 3033.24 
12 3140.29 
588 799.16 
587 3144.14 
13 3270.32 
589 2951.40 
588 3240.55 
14 3073.28 
590 3167.03 
589 3017.51 
15 3092.85 
591 1344.27 
590 3215.97 
16 3301.90 
592 3134.69 
591 3104.24 
17 3225.29 
593 3232.04 
592 3139.88 
18 3419.10 
594 3138.89 
593 3232.65 
19 3108.34 
594 2961.59 
595 3145.42 
20 2943.20 
596 2996.13 
595 3026.45 
21 3252.14 
597 2934.53 
596 3204.28 
22 3154.64 
597 3224.16 
598 3029.25 
23 3194.90 
598 3354.94 
599 3306.07 
24 3083.50 
599 3382.01 
600 3181.76 
25 3094.53 
600 3141.63 
601 3241.06 
26 2840.88 
601 3165.62 
602 3077.35 
27 3358.08 
602 3263.25 
603 3177.71 
28 3207.82 
603 3063.01 
604 3268.20 
29 3113.77 
604 3121.71 
605 2972.81 
30 3249.87 
606 3162.96 
605 3181.22 
31 3235.32 
607 3057.84 
606 3297.46 
32 3136.43 
608 3108.97 
607 3071.11 
33 2984.82 
609 3083.52 
608 3142.05 
34 3142.22 
610 3353.12 
609 3013.60 
35 3222.22 
611 3037.78 
610 3168.65 
36 3122.70 
612 3064.28 
611 3117.34 
37 3236.18 
613 3336.80 
612 3110.18 
38 3271.60 
614 3315.34 
613 3213.56 
39 3067.51 
615 3148.83 
614 2988.54 
40 3206.37 
616 3281.41 
615 2950.63 
41 3314.25 
617 3309.40 
616 3196.70 
42 3248.69 
618 3308.84 
617 3215.01 
43 3412.25 
619 3251.73 
618 3197.85 
44 3171.77 
620 3120.57 
619 3110.70 
45 3074.46 
621 3102.76 
620 3095.36 
46 3117.65 
622 3181.61 
621 3147.14 
47 3151.66 
0 3092.14 
622 3376.07 
623 3115.51 
48 3194.63 
1 3231.78 
623 3193.23 
624 3152.95 
2 3149.80 
49 3294.68 
624 3226.64 
625 3227.11 
3 3313.39 
50 3207.71 
625 3150.82 
626 3167.10 
4 3323.06 
51 3291.00 
627 3047.69 
626 3175.66 
5 3209.90 
52 3150.49 
628 3185.45 
627 3108.03 
6 3314.51 
53 3112.68 
629 3159.69 
628 2992.63 
7 3228.31 
54 3208.95 
630 3174.82 
629 3179.98 
8 3102.12 
55 3072.05 
630 3042.73 
631 2836.84 
9 1429.11 
56 3079.63 
631 2950.10 
632 3179.38 
10 3149.71 
57 3144.44 
632 3219.34 
633 3201.79 
11 3301.98 
58 3177.93 
634 3010.97 
633 3086.31 
12 3167.81 
59 3201.50 
635 3227.50 
634 3108.08 
13 3024.88 
60 3339.59 
636 3351.95 
635 3299.88 
14 3095.04 
637 3195.46 
61 3377.82 
636 3124.57 
15 3145.02 
638 2908.21 
62 3157.99 
637 3257.74 
639 3129.10 
16 3126.95 
63 965.14 
638 3088.60 
640 3161.41 
17 3380.18 
64 3197.69 
639 3330.06 
641 3219.65 
18 3148.36 
640 3238.75 
65 3204.14 
642 3334.65 
19 3228.46 
641 3136.85 
66 3157.83 
643 3172.85 
20 3032.30 
642 3212.37 
67 3354.98 
644 3150.61 
21 3283.43 
643 3352.07 
68 3273.26 
645 3014.84 
22 3261.51 
644 3006.50 
69 3236.02 
646 3041.75 
23 3159.34 
645 3137.47 
70 3070.75 
647 3267.01 
24 3117.09 
646 2958.84 
71 3077.07 
648 3271.91 
647 3246.27 
25 3255.30 
72 3131.16 
649 3204.46 
26 3166.91 
648 3204.08 
73 3319.69 
650 3181.04 
27 3204.80 
649 3301.51 
74 3086.38 
651 3303.19 
650 3246.87 
28 3246.52 
75 3285.38 
652 3155.25 
651 3117.84 
29 3358.08 
76 3270.77 
653 3003.87 
652 3049.19 
30 3219.04 
77 2975.08 
654 3222.63 
653 3219.61 
31 3054.21 
78 3188.50 
655 3146.88 
654 3023.49 
32 3159.92 
79 3400.07 
656 3341.15 
655 3036.84 
33 3188.73 
80 3155.49 
657 3042.80 
656 3186.49 
34 3172.63 
81 3069.93 
658 3094.33 
657 3172.90 
35 3035.88 
82 3382.86 
659 3281.22 
658 3284.36 
36 3125.16 
83 3273.28 
660 3111.00 
659 3156.21 
37 3146.62 
84 3213.16 
661 3152.19 
660 3243.23 
38 3207.71 
85 3100.10 
662 3264.70 
661 3150.37 
39 3364.74 
86 3245.28 
663 3242.04 
662 3295.44 
40 3207.93 
87 3042.18 
663 3209.53 
664 2960.33 
41 3117.05 
88 3319.45 
664 3122.20 
665 3338.63 
42 3078.15 
89 3321.42 
665 3301.01 
666 3114.25 
43 3273.89 
90 3082.35 
666 3241.10 
667 3054.23 
44 3130.49 
91 3250.15 
667 3259.97 
668 3185.81 
45 3305.12 
92 3220.27 
668 3103.84 
669 3309.33 
46 3177.81 
93 3202.64 
669 3284.49 
670 3323.51 
47 3214.02 
94 3271.54 
670 3259.41 
671 3013.72 
48 3235.59 
95 3052.28 
671 3198.15 
672 3169.55 
49 2988.76 
96 3239.93 
672 3102.51 
673 3173.66 
50 3230.63 
97 3225.63 
673 3133.08 
674 3354.24 
51 3286.93 
98 3062.85 
674 3045.39 
675 3238.36 
52 3204.31 
99 3181.95 
675 3274.39 
676 3181.38 
53 3202.87 
100 2739.97 
676 3120.35 
677 3118.53 
54 3139.63 
101 3204.24 
677 3260.79 
678 3125.32 
55 3267.96 
102 3112.77 
678 3273.14 
679 3127.23 
56 3120.77 
103 3082.76 
679 3228.77 
680 3267.56 
57 3390.20 
104 3274.55 
680 3105.01 
681 3047.28 
58 3138.32 
105 3241.53 
681 3264.06 
682 3177.09 
59 3137.73 
106 3109.83 
682 3232.17 
683 3252.44 
60 3101.24 
107 3376.85 
683 3318.09 
684 3305.39 
61 742.62 
108 3343.54 
684 3292.00 
685 3380.99 
62 3426.61 
109 3015.04 
685 3119.36 
686 3213.75 
63 3283.44 
686 3233.55 
110 3127.50 
687 3166.21 
64 3252.46 
687 3357.69 
111 3357.52 
688 3012.42 
65 3247.51 
688 3180.78 
112 3106.05 
689 3209.40 
66 3212.43 
689 3130.10 
113 3187.59 
690 3284.55 
67 3229.21 
690 3153.57 
691 3284.43 
114 3219.92 
68 3195.29 
691 3234.89 
692 3003.79 
115 3158.59 
69 3105.15 
692 3069.66 
693 3283.67 
116 3253.89 
70 3308.69 
693 3392.24 
694 3027.32 
117 3207.34 
71 3417.25 
694 3191.08 
695 3343.54 
118 3317.62 
72 3166.47 
695 3194.06 
696 3246.46 
119 3151.04 
73 3295.80 
696 3238.95 
697 3241.39 
120 3330.62 
74 3046.68 
697 3297.91 
698 3165.14 
121 3143.72 
75 3212.04 
698 1037.28 
699 2960.51 
122 3320.18 
76 3352.37 
699 3302.47 
700 3220.05 
77 3215.76 
123 3198.49 
700 3283.90 
701 3151.00 
78 3034.83 
124 3097.42 
701 3306.00 
702 2992.21 
125 3148.52 
79 3101.69 
702 3227.10 
703 3149.58 
126 3186.95 
80 3166.25 
703 2978.60 
704 3330.58 
127 3368.73 
81 3123.08 
704 3288.10 
705 3221.94 
82 3168.84 
128 3235.56 
705 3157.60 
706 3186.02 
83 3230.76 
129 3108.03 
706 3114.21 
707 3320.11 
84 3226.75 
130 3353.15 
707 3201.91 
708 3255.08 
85 3089.00 
131 3291.38 
708 3146.66 
709 3253.09 
86 3288.21 
132 3202.33 
709 3277.46 
710 3248.78 
87 3317.45 
710 3190.15 
133 1584.14 
711 3329.34 
88 3238.77 
711 3375.88 
134 3215.99 
712 3164.04 
89 3265.55 
712 3233.10 
135 3167.76 
713 3387.60 
90 3238.77 
713 3266.62 
136 3148.56 
714 3212.86 
91 3369.39 
714 3109.81 
137 3058.87 
715 3001.13 
92 3165.96 
715 2328.83 
138 3265.86 
716 3181.28 
716 3134.68 
93 3311.37 
139 3319.79 
717 3151.18 
717 3255.30 
94 2935.56 
140 3211.41 
718 3065.92 
718 3209.63 
95 3042.92 
141 3310.73 
719 2922.55 
719 3204.72 
96 3079.61 
142 3249.92 
720 3168.20 
720 3120.99 
97 3127.16 
143 3232.93 
721 3150.71 
721 3305.37 
98 3163.66 
144 3248.02 
722 3288.76 
722 3208.43 
99 3085.57 
145 3246.47 
723 3202.47 
723 3217.86 
100 3226.89 
146 3198.38 
724 3395.04 
724 3189.17 
147 3146.14 
101 3185.70 
725 3147.82 
725 3262.54 
148 3285.41 
102 3098.45 
726 2023.30 
726 3165.86 
149 3098.44 
103 3165.89 
727 3191.17 
727 3199.59 
104 3181.86 
150 3229.60 
728 3245.51 
728 3271.58 
105 3093.03 
151 3274.92 
729 3317.38 
729 3412.98 
106 3245.39 
152 3237.73 
730 3195.02 
730 3141.39 
107 3309.59 
153 3284.14 
731 3303.44 
731 3006.47 
154 3043.36 
108 3339.97 
732 3274.41 
732 3221.06 
109 2968.84 
155 3245.25 
733 3181.84 
733 3201.71 
110 3018.94 
156 3290.06 
734 3192.64 
734 3514.24 
111 3222.84 
735 3281.59 
157 3070.24 
735 3146.56 
112 3301.20 
736 3288.64 
158 3192.06 
736 3420.15 
113 3246.14 
737 3232.19 
159 3014.17 
737 3262.77 
114 3287.67 
738 3147.11 
160 3350.81 
738 3017.34 
115 3058.37 
739 2938.59 
161 3270.50 
739 3132.35 
116 3266.38 
740 3217.43 
162 3233.28 
117 3334.34 
740 3205.72 
741 3205.04 
163 3197.53 
118 3136.33 
741 3414.57 
742 3185.73 
164 3288.97 
119 3006.84 
742 3110.31 
743 3030.67 
165 3168.62 
120 3016.52 
743 3311.38 
744 3129.38 
166 2888.91 
121 3241.62 
744 3209.39 
745 3219.67 
167 3117.72 
122 3197.58 
745 3412.42 
746 3189.94 
168 3188.94 
123 3142.19 
746 3166.90 
747 3245.62 
169 3166.77 
124 3153.95 
747 1392.02 
748 3221.46 
170 3271.27 
125 3234.10 
748 3140.52 
749 3247.72 
171 3205.68 
126 3190.08 
749 3123.44 
750 3077.22 
172 3211.96 
127 3086.72 
750 3098.38 
751 3215.47 
173 3496.28 
128 3228.26 
751 3230.43 
752 3294.78 
174 3000.90 
129 3064.13 
752 3202.56 
753 3262.09 
175 3195.11 
753 3298.13 
130 3293.10 
754 3287.54 
176 3270.60 
754 3365.57 
131 3197.70 
755 3178.76 
177 3268.57 
755 3324.12 
132 3095.30 
756 3121.41 
178 3115.96 
756 3267.40 
133 3312.97 
757 3292.11 
179 3168.95 
757 3247.60 
758 3058.29 
134 3127.58 
180 3257.45 
758 3472.90 
759 3134.86 
135 3279.39 
181 3196.32 
759 3186.84 
760 3244.71 
136 3167.93 
182 3365.77 
760 3234.66 
761 3344.58 
137 3174.87 
183 2939.33 
761 3106.26 
762 3363.23 
138 3148.14 
184 3002.32 
762 3255.59 
763 3179.83 
139 3248.93 
185 3344.44 
763 3203.85 
764 3258.67 
140 3245.68 
764 3174.77 
186 2944.96 
765 3294.20 
141 3036.16 
765 3176.52 
187 3345.96 
766 3234.03 
142 3087.93 
766 3123.40 
188 3249.44 
767 3209.39 
143 3151.09 
767 3244.31 
189 3027.63 
768 3342.66 
144 3272.71 
768 3201.52 
190 3147.48 
769 3215.69 
145 3348.79 
769 3300.42 
191 3137.58 
770 3246.10 
146 3140.16 
770 3288.40 
192 3233.20 
771 3120.81 
147 3235.11 
771 2954.19 
193 3186.56 
772 3205.72 
148 3255.57 
772 3138.93 
194 3266.23 
773 3285.16 
149 3229.66 
773 3221.26 
195 3156.89 
774 3015.22 
150 3106.28 
774 3273.14 
196 3324.27 
775 3331.37 
151 3383.75 
775 3276.89 
197 3230.86 
776 3081.81 
152 3284.27 
776 3337.07 
198 3361.81 
777 3278.40 
153 3267.43 
777 3232.60 
199 3332.10 
778 3365.32 
154 3086.47 
778 3148.08 
200 3080.29 
779 3173.84 
155 3156.19 
779 3254.92 
201 3278.05 
780 3254.01 
156 3232.26 
780 3401.73 
202 3323.05 
781 3297.88 
157 3120.20 
781 3189.18 
203 3360.33 
782 3269.24 
158 3282.50 
782 3118.82 
204 3288.89 
783 3110.45 
159 3429.36 
783 3264.96 
205 3114.72 
784 3087.73 
160 3213.01 
784 3184.00 
206 3310.39 
785 3188.08 
161 3178.10 
785 3129.65 
207 3031.11 
786 3305.96 
162 3184.48 
786 3314.36 
208 3385.90 
163 3280.64 
787 3163.94 
787 3397.11 
209 3223.18 
164 3131.63 
788 3099.73 
788 3171.08 
210 3215.43 
165 3057.56 
789 3311.05 
789 3036.33 
211 3270.81 
166 3112.20 
790 3178.71 
790 3318.03 
212 3124.94 
167 912.05 
791 3382.47 
791 3280.62 
213 3057.82 
168 3195.26 
792 3078.02 
792 3283.16 
214 3103.64 
169 3324.95 
793 3355.91 
793 3077.77 
215 3013.34 
170 2997.55 
794 3123.69 
794 3192.30 
216 3150.90 
171 3228.88 
795 3326.64 
795 3233.40 
217 3385.27 
172 3271.67 
796 3182.82 
796 3402.74 
218 2958.60 
797 3277.66 
173 3270.11 
797 3342.88 
219 3150.90 
798 3210.50 
174 3272.63 
798 3170.63 
220 3162.84 
799 3363.21 
175 3046.65 
799 3351.77 
221 3090.09 
800 3183.99 
176 1910.95 
800 3253.84 
222 3186.78 
801 3001.93 
177 3131.59 
801 3236.32 
223 3287.78 
802 3239.86 
178 3212.53 
802 3174.23 
224 3384.14 
803 3125.74 
179 3018.06 
803 3205.29 
225 3250.73 
804 3248.62 
180 3182.50 
804 3146.16 
226 3017.34 
805 3150.87 
181 3118.38 
805 3115.29 
227 3459.22 
806 3193.71 
182 3316.22 
806 3277.69 
228 3160.59 
807 3140.58 
183 3277.65 
807 3115.58 
229 3102.95 
808 3256.17 
184 3090.89 
808 3232.45 
230 3330.66 
809 3142.74 
185 3226.41 
809 3264.09 
231 3185.51 
810 3190.10 
186 3121.26 
810 3405.75 
232 958.49 
811 3042.86 
187 3271.77 
811 3195.44 
233 3039.47 
812 2857.59 
188 3172.21 
812 3341.85 
234 3175.66 
813 3019.62 
189 3163.53 
813 2030.33 
235 3354.87 
814 3259.21 
190 -125.27 
814 3142.70 
236 3202.50 
815 3294.98 
191 3366.64 
815 3200.23 
237 3123.68 
816 3223.12 
192 3261.60 
816 3080.94 
238 3232.64 
817 3415.43 
193 3320.44 
817 3298.93 
818 3015.11 
239 3357.95 
194 3297.91 
818 3067.85 
819 3303.99 
240 3298.18 
195 3152.41 
819 3228.88 
820 3175.75 
241 3180.79 
196 3303.21 
820 3077.41 
821 3101.69 
242 3457.88 
197 3232.98 
821 3391.59 
822 3172.59 
243 3141.62 
822 3284.12 
198 3269.40 
823 3047.07 
244 3074.07 
823 3261.26 
199 2959.08 
824 3100.96 
245 3432.60 
824 3146.61 
200 3210.95 
246 3312.57 
825 3310.43 
825 3217.58 
201 3175.26 
247 3286.80 
826 3358.84 
826 3225.47 
202 3238.70 
248 3140.91 
827 3139.27 
827 3254.88 
203 3095.21 
249 3276.43 
828 3126.92 
828 3060.73 
204 3186.08 
250 3188.77 
829 3277.90 
829 3181.27 
205 3010.49 
251 3062.07 
830 3340.48 
830 3230.18 
206 3382.71 
831 3134.30 
252 3154.26 
831 3189.34 
207 3077.90 
253 3045.80 
832 3272.56 
832 3041.55 
208 3352.35 
254 3265.67 
833 3309.50 
833 3248.94 
209 3101.51 
834 3143.15 
255 3348.12 
834 3438.76 
210 3381.12 
256 3326.84 
835 2875.64 
835 3232.01 
211 3162.17 
257 3263.30 
836 3203.35 
836 3168.01 
212 3071.40 
837 3234.52 
258 3164.91 
837 3285.30 
213 3305.93 
838 3165.97 
259 3292.74 
838 3091.10 
214 3040.23 
839 3309.61 
260 3196.14 
839 3300.84 
215 3352.79 
840 3136.15 
261 3251.25 
840 3277.38 
216 3243.00 
841 3195.31 
262 3193.61 
841 3368.80 
217 3294.16 
842 3282.48 
263 3262.92 
842 3288.27 
218 3244.13 
843 3301.00 
264 3223.67 
843 3181.80 
219 3083.28 
844 3122.50 
265 3235.62 
844 3172.62 
220 3313.45 
845 3126.25 
266 3225.61 
845 3269.77 
221 3133.76 
846 3014.58 
267 3237.33 
846 3168.80 
222 3013.46 
847 3205.22 
268 3314.92 
847 3367.64 
223 3210.92 
848 3218.19 
848 3183.86 
269 3267.98 
224 3252.69 
849 3313.63 
849 3259.40 
225 3065.22 
270 3271.25 
850 3289.96 
850 3258.60 
271 3373.74 
226 3328.76 
851 3290.41 
851 3237.09 
227 3083.35 
272 3072.47 
852 3127.60 
852 3126.36 
228 3183.22 
273 3326.27 
853 3280.85 
853 3320.82 
229 3134.53 
274 3306.68 
854 3315.36 
854 3255.75 
230 3160.93 
275 3087.73 
855 3340.05 
855 3271.27 
231 3159.83 
276 3139.14 
856 3133.87 
856 3165.52 
232 3185.34 
277 3200.75 
857 3111.82 
857 3110.61 
233 3276.47 
278 3308.35 
858 3317.91 
858 3090.22 
234 3196.71 
279 3333.20 
859 3016.89 
859 3108.54 
235 3275.76 
280 3217.44 
860 3075.94 
860 3107.67 
236 3097.07 
281 3137.59 
861 3167.40 
861 3080.49 
237 3200.81 
282 3104.55 
862 3200.64 
862 3041.58 
238 3219.25 
283 3006.41 
863 3263.38 
863 3212.24 
239 3107.61 
284 3238.56 
864 3164.84 
864 3337.27 
240 3168.74 
285 3121.07 
865 3151.52 
865 3136.69 
241 3337.06 
286 3391.48 
866 3171.36 
866 3268.54 
242 3148.72 
287 3220.38 
867 3191.25 
867 3282.72 
243 3328.76 
288 3374.58 
868 3158.00 
868 3056.84 
244 3175.38 
289 3165.41 
869 3135.57 
869 3107.15 
245 3216.14 
290 3168.87 
870 3263.33 
870 3194.49 
246 3138.40 
291 3241.32 
871 3319.86 
871 3070.78 
247 3102.76 
292 3366.01 
872 3210.30 
872 3283.45 
248 3345.93 
293 3299.56 
873 3277.90 
873 3269.35 
249 3117.82 
294 3260.55 
874 3134.72 
874 3307.67 
250 3094.01 
295 2927.43 
875 3243.75 
875 3424.18 
251 3275.24 
296 3217.34 
876 3236.34 
876 3369.00 
252 3303.10 
297 3147.30 
877 3236.38 
877 3340.71 
253 3154.14 
878 3213.92 
298 3155.59 
878 3113.89 
254 3217.67 
879 -223.89 
299 3322.08 
879 3228.60 
255 3168.24 
880 3241.24 
300 3022.44 
880 3250.22 
256 3242.89 
881 3280.74 
881 3345.29 
301 3290.83 
257 3109.04 
882 3152.91 
882 3333.19 
302 3212.13 
258 3085.17 
883 3258.71 
883 3028.23 
303 3051.64 
884 3045.10 
259 3207.89 
884 3034.95 
304 3288.41 
885 3202.88 
885 3315.17 
260 3278.32 
305 3294.52 
886 3160.32 
886 3201.61 
261 3239.16 
306 3241.93 
887 3036.56 
887 3402.81 
262 1822.87 
307 3395.03 
888 3271.13 
888 3200.98 
263 3214.09 
308 3242.01 
889 3127.75 
889 3394.80 
264 3127.24 
309 3218.59 
890 3113.81 
890 2927.59 
265 3421.30 
310 3106.23 
891 3192.84 
891 3191.42 
266 3108.36 
311 3212.39 
892 3213.60 
892 3401.70 
267 3386.11 
312 3300.38 
893 3256.02 
893 3230.68 
268 3231.78 
313 3249.87 
894 3068.19 
894 3113.69 
269 3140.68 
314 3270.62 
895 3151.48 
895 3275.21 
270 3307.91 
315 3169.07 
896 3134.74 
896 3452.43 
271 3106.85 
316 3288.09 
897 3283.96 
897 3211.25 
272 3201.58 
317 2999.83 
898 3161.43 
898 3268.21 
273 3203.99 
318 3351.75 
899 3236.20 
899 3255.95 
274 3011.57 
319 3347.60 
900 3335.86 
900 3246.91 
275 3236.72 
320 3310.22 
901 3153.54 
901 3295.16 
276 3174.55 
321 3219.60 
902 3100.39 
902 3356.30 
277 3117.18 
322 3220.16 
903 3272.67 
903 3183.66 
278 3141.65 
323 3075.96 
904 991.91 
904 2976.06 
279 3159.29 
324 3004.75 
905 3210.94 
905 3201.91 
280 3046.48 
325 3163.06 
906 3106.38 
906 3243.22 
281 3190.22 
326 2247.01 
907 3014.11 
907 3328.65 
282 3379.15 
327 3247.62 
908 3258.41 
908 3059.18 
283 3187.26 
328 2717.86 
909 2993.32 
909 3255.63 
284 3315.71 
329 3394.61 
910 3152.57 
910 3258.85 
285 3144.61 
330 3338.80 
911 3065.45 
911 3241.09 
286 3200.54 
331 3301.27 
912 3320.44 
912 3153.11 
287 3338.71 
332 3248.06 
913 3294.27 
913 3219.14 
288 3222.61 
333 3121.89 
914 3245.18 
914 3243.82 
289 3270.00 
334 3235.32 
915 3217.41 
915 3282.44 
290 3253.66 
335 3387.28 
916 3320.21 
916 3149.87 
291 3237.38 
336 3180.74 
917 3245.97 
917 3363.30 
292 3371.58 
337 3393.65 
918 3167.29 
918 3177.14 
293 3117.01 
338 3317.63 
919 3253.22 
919 3377.26 
294 3248.66 
339 3177.65 
920 3232.06 
920 3171.08 
295 3020.75 
340 3171.09 
921 3072.69 
921 3308.72 
296 3194.30 
341 3210.41 
922 3244.34 
922 3274.77 
297 3196.17 
342 3118.52 
923 3234.93 
923 3388.28 
298 3042.98 
343 3341.54 
924 3279.67 
924 3364.57 
299 3330.04 
344 3250.99 
925 3153.62 
925 3200.93 
300 3320.02 
345 3283.88 
926 3189.02 
926 3223.47 
301 3455.23 
346 3222.03 
927 3284.81 
927 3277.65 
302 3181.85 
347 3270.16 
928 3263.56 
928 3025.23 
303 3038.91 
348 3147.72 
929 3220.23 
929 3223.48 
304 3293.84 
349 3316.68 
930 3108.08 
930 3239.02 
305 3330.89 
350 3339.28 
931 3240.46 
931 3389.48 
306 3272.80 
351 3163.43 
932 3161.34 
932 3290.41 
307 3078.10 
352 3299.35 
933 3375.27 
933 3214.54 
308 3085.76 
353 3282.29 
934 3224.18 
934 3137.77 
309 3372.46 
354 3359.42 
935 3310.96 
935 3287.82 
310 3090.55 
355 3250.35 
936 3381.76 
936 3140.49 
311 3198.82 
356 3327.85 
937 3325.26 
937 3290.06 
312 3213.59 
357 3239.51 
938 3164.21 
938 3163.15 
313 3254.73 
358 3228.22 
939 3174.00 
939 3188.00 
314 3305.40 
359 3234.48 
940 3144.39 
940 3247.43 
315 3253.20 
360 3186.99 
941 3354.53 
941 3134.30 
316 3255.54 
361 509.29 
942 3321.33 
942 3109.12 
317 3285.05 
362 3087.13 
943 3257.61 
943 3337.39 
318 3249.33 
363 3017.14 
944 2967.18 
944 3322.17 
319 3315.41 
364 3386.12 
945 2898.71 
945 3337.99 
320 3207.37 
946 3182.58 
365 3164.43 
946 3298.74 
321 3339.83 
366 3192.14 
947 3201.68 
947 3271.66 
322 3366.76 
367 3352.33 
948 3549.96 
948 3295.01 
323 994.23 
949 3316.04 
368 3068.55 
949 3203.34 
324 3202.25 
369 3158.14 
950 3300.94 
950 3208.56 
325 3258.11 
951 3221.89 
370 3085.96 
951 3183.66 
326 3277.12 
952 3202.10 
371 3199.38 
952 3345.19 
327 3045.36 
953 3396.40 
372 3214.94 
953 3265.99 
328 3345.98 
954 3252.12 
373 3210.47 
954 3289.59 
329 3111.00 
955 3265.55 
374 3277.03 
955 3296.70 
330 3323.45 
375 3206.20 
956 3333.52 
956 3275.43 
331 3058.38 
957 3224.67 
376 3392.86 
957 3294.87 
332 3096.52 
958 3049.32 
958 3206.32 
377 3331.62 
333 3434.02 
959 3150.98 
378 3093.51 
959 3228.51 
334 3252.40 
960 3218.60 
960 3203.04 
379 3418.85 
335 3233.25 
961 3144.28 
961 3330.16 
380 3363.64 
336 3179.93 
962 3282.97 
962 3247.66 
381 3106.58 
337 3254.72 
963 3139.01 
963 3314.32 
382 3214.73 
338 3117.18 
964 3329.38 
964 3379.45 
383 3245.16 
339 3215.96 
965 3211.29 
965 3220.42 
384 3345.59 
340 3153.81 
966 3294.96 
966 3167.26 
385 3230.95 
341 3363.63 
967 3263.47 
967 3225.46 
386 3217.88 
342 3248.67 
968 3089.82 
968 3251.73 
387 3218.52 
969 3362.47 
343 3321.04 
969 3230.19 
388 3309.18 
970 3294.75 
344 3335.05 
970 3114.12 
389 3360.53 
971 3173.29 
345 3316.43 
971 3263.41 
390 3364.90 
972 3287.84 
346 3078.06 
972 3322.72 
391 3447.55 
973 3321.40 
973 3306.50 
347 3075.48 
392 3370.87 
974 3292.49 
974 3194.49 
348 3224.07 
393 3250.23 
975 3306.23 
975 3059.76 
349 3239.58 
394 3175.50 
976 3299.98 
976 3318.15 
350 3315.73 
395 2992.45 
977 3142.39 
977 3376.34 
351 3359.19 
396 3314.92 
978 3240.62 
978 3362.02 
352 3245.61 
397 3291.09 
979 3149.30 
979 3273.68 
353 3266.36 
398 3212.23 
980 3114.61 
980 3429.49 
354 3340.29 
399 3304.47 
981 3192.24 
981 3343.49 
355 3227.07 
400 3271.38 
982 3163.54 
982 3310.48 
356 3203.66 
401 3387.84 
983 3180.45 
983 3145.51 
357 3341.77 
402 3289.81 
984 3367.10 
984 3123.07 
358 3266.18 
403 3256.47 
985 3196.11 
985 3275.79 
359 3176.48 
404 3308.54 
986 3283.55 
986 3013.71 
360 3188.33 
405 3281.08 
987 3293.38 
987 3342.05 
361 3328.52 
406 3333.70 
988 3043.42 
988 3389.25 
362 3338.44 
407 3342.41 
989 3298.91 
989 3180.94 
363 3289.81 
408 3189.27 
990 3362.02 
990 3154.31 
364 3185.88 
409 3199.81 
991 3146.43 
991 3442.01 
365 3470.11 
410 3183.26 
992 3256.05 
992 3329.33 
366 3123.44 
411 3403.35 
993 3173.43 
993 2904.34 
367 3282.80 
412 3127.72 
994 3263.84 
994 3371.76 
368 3267.57 
413 3226.86 
995 3114.13 
995 3290.37 
369 3286.92 
414 3167.67 
996 3107.40 
996 3243.53 
370 3240.98 
415 3368.92 
997 3247.49 
997 3290.51 
371 3308.26 
416 3406.91 
998 3008.48 
998 3254.63 
372 3335.00 
417 3373.53 
999 3359.01 
999 3195.50 
373 3176.01 
418 3184.65 
1000 3267.30 
1000 3300.43 
374 2978.82 
419 3446.19 
1001 3044.43 
1001 3293.72 
375 2983.84 
420 3379.49 
1002 3251.52 
1002 3266.32 
376 3234.97 
421 3397.04 
1003 1646.61 
1003 3075.97 
377 3064.06 
422 3402.34 
1004 3181.39 
1004 3101.72 
378 3299.09 
1005 3377.25 
423 3306.68 
1005 3349.37 
379 3190.00 
1006 3438.90 
424 3249.43 
1006 3287.94 
380 3206.92 
1007 3231.77 
425 3205.04 
1007 3076.88 
381 3216.07 
1008 3204.37 
426 3098.80 
1008 3180.44 
382 3288.33 
1009 3354.13 
1009 3383.56 
427 3212.62 
383 3289.10 
1010 3375.41 
1010 3230.38 
428 3050.39 
384 3280.33 
1011 3016.28 
429 3341.52 
385 3247.71 
1011 3253.10 
1012 3241.38 
386 3277.05 
430 3309.73 
1012 3417.75 
1013 3279.09 
387 3325.78 
431 3367.83 
1013 3226.26 
1014 3318.18 
388 3217.69 
432 3159.27 
1014 3181.44 
1015 3266.00 
389 3054.53 
433 3278.76 
1015 3113.89 
1016 3203.28 
390 3373.33 
434 3366.63 
1016 3252.23 
1017 3249.71 
391 3179.56 
1017 3324.42 
435 3210.15 
392 3361.85 
1018 3098.75 
1018 3119.48 
436 3270.24 
393 3200.06 
1019 3261.61 
1019 3288.18 
437 3159.91 
394 3299.14 
1020 3312.87 
438 3376.07 
1020 3233.16 
395 3175.91 
1021 3087.09 
439 3318.38 
1021 3262.17 
396 3046.11 
440 3172.72 
1022 3259.42 
1022 3190.53 
1023 3171.69 
441 3365.59 
397 3264.04 
1023 3207.24 
1024 3221.30 
442 3384.44 
398 3239.99 
1024 3338.79 
1025 3267.01 
443 3249.14 
399 3319.39 
1025 3287.00 
1026 3287.81 
444 3417.51 
1026 3346.23 
400 3141.12 
1027 3218.38 
401 3245.76 
445 3378.28 
1027 3215.01 
1028 3194.42 
402 3204.76 
446 3368.04 
1028 3300.05 
1029 3255.16 
447 3156.43 
403 3262.61 
1029 3299.81 
1030 3332.49 
448 3288.54 
404 3375.16 
1030 3190.03 
1031 3213.54 
405 3310.14 
449 3363.55 
1031 3260.57 
1032 3225.74 
406 3248.24 
1032 3371.02 
450 3126.90 
1033 3282.75 
407 3120.09 
1033 3196.64 
451 3189.49 
1034 3325.15 
408 3384.33 
1034 3240.50 
452 3339.00 
1035 3139.63 
1035 3211.70 
409 3243.43 
453 3270.86 
1036 3276.57 
410 3186.53 
1036 3110.06 
454 3254.89 
1037 3240.60 
411 3282.45 
1037 3296.40 
455 3173.78 
1038 3321.36 
412 3246.93 
1038 3276.31 
456 3290.46 
1039 3195.25 
413 3134.82 
1039 3363.69 
457 3118.16 
1040 3257.17 
414 3271.42 
1040 3144.60 
458 3263.85 
1041 3438.11 
415 3319.05 
1041 3224.18 
459 3138.60 
1042 3150.89 
1042 3348.75 
416 3289.10 
460 3271.84 
1043 3320.88 
1043 3335.44 
417 3161.45 
461 3221.57 
1044 3253.06 
1044 3333.40 
418 3241.31 
462 3315.56 
1045 3324.80 
1045 2970.10 
419 3324.97 
463 3183.21 
1046 3249.98 
1046 2944.89 
420 3144.47 
464 3227.48 
1047 3209.41 
1047 3334.87 
421 3240.85 
465 3342.20 
1048 3196.58 
1048 3219.24 
422 3306.08 
466 3189.63 
1049 3263.71 
1049 3026.13 
423 3380.91 
467 3268.89 
1050 3232.79 
1050 3221.74 
424 3257.04 
468 3417.68 
1051 3182.20 
1051 3284.79 
425 3250.65 
469 3417.71 
1052 3308.33 
1052 3182.72 
426 3286.00 
470 3170.27 
1053 3336.08 
1053 3092.98 
427 3332.54 
471 3288.03 
1054 3343.31 
1054 3268.76 
428 3148.37 
472 3234.42 
1055 3217.22 
1055 3155.60 
429 3175.97 
473 3312.48 
1056 3323.93 
1056 2916.68 
430 3346.01 
474 3218.99 
1057 3322.88 
1057 3280.80 
431 3286.36 
475 3294.22 
1058 3197.83 
1058 3374.36 
432 3367.24 
476 3274.35 
1059 3249.70 
1059 3084.37 
433 3437.62 
477 3127.62 
1060 3350.27 
1060 3190.59 
434 3261.82 
478 3181.63 
1061 3187.84 
1061 3224.14 
435 3113.14 
479 3377.41 
1062 3251.67 
1062 3304.82 
436 3363.12 
480 3278.38 
1063 3364.66 
1063 3155.91 
437 3073.75 
481 3213.41 
1064 3090.48 
438 3184.12 
1064 3257.75 
482 3390.65 
1065 3286.12 
439 3207.44 
1065 3215.93 
483 3349.30 
1066 3192.49 
1066 3204.23 
440 3365.95 
484 3276.47 
1067 3281.78 
1067 3327.50 
441 3260.38 
485 3300.30 
1068 3119.99 
442 2982.03 
1068 3219.01 
486 3274.89 
1069 3367.02 
1069 3208.78 
443 3361.60 
487 3312.23 
1070 3300.23 
1070 3358.14 
444 3353.61 
1071 3414.71 
488 3273.52 
445 3174.97 
1071 3192.06 
1072 3172.37 
489 3300.06 
1072 3179.76 
446 3202.26 
1073 3298.08 
490 3292.02 
447 3351.62 
1073 3320.82 
1074 3240.95 
491 3237.47 
448 3002.51 
1074 3327.37 
1075 3127.67 
492 3261.08 
449 3182.38 
1075 3306.61 
1076 3300.60 
493 3252.00 
450 3340.16 
1076 3242.09 
1077 3207.58 
494 3185.57 
451 3172.50 
1077 3247.99 
1078 3084.59 
495 3093.26 
452 3275.95 
1078 3264.10 
1079 3148.62 
453 3108.13 
496 3146.18 
1079 3206.78 
1080 3293.86 
454 3213.35 
497 3405.34 
1080 3276.05 
1081 3281.75 
455 3280.91 
498 3074.05 
1081 3194.97 
1082 3329.27 
456 2928.32 
1082 3321.94 
499 3331.83 
1083 3332.65 
457 3161.79 
500 3200.29 
1083 3340.54 
1084 3288.56 
458 3280.37 
1084 3128.97 
501 3300.95 
1085 3174.51 
459 3295.38 
1085 3242.22 
502 3376.19 
1086 3231.10 
460 3224.83 
1086 3423.89 
503 3330.20 
1087 3190.82 
461 3437.99 
1087 3136.85 
504 3211.55 
1088 3138.50 
462 3227.56 
1088 3171.82 
505 3102.98 
1089 3385.76 
463 3478.10 
1089 3323.34 
506 3378.22 
1090 3013.20 
464 3265.93 
1090 3390.64 
507 3315.72 
1091 3355.83 
465 3118.16 
1091 3239.16 
508 3223.28 
1092 3194.10 
466 3228.32 
1092 3116.44 
509 3230.92 
1093 3330.83 
1093 3350.25 
467 3442.59 
510 3115.27 
1094 3213.26 
1094 3118.28 
468 3339.13 
511 3269.50 
1095 3183.93 
1095 3411.28 
512 3269.92 
469 3165.76 
1096 3207.16 
1096 3336.07 
513 3303.36 
470 3197.91 
1097 3217.72 
1097 3521.66 
514 528.79 
471 3279.69 
1098 3212.61 
1098 3245.74 
515 3274.09 
1099 3064.08 
472 3281.79 
1099 3294.74 
516 3262.41 
1100 3065.93 
473 3184.54 
1100 3363.35 
517 3283.24 
1101 3194.55 
474 3370.62 
1101 3384.68 
518 3234.01 
1102 3346.59 
475 3324.82 
1102 3350.63 
519 3289.60 
1103 3280.15 
476 3099.96 
1103 3225.47 
520 3239.77 
1104 3149.88 
477 3422.28 
1104 3221.68 
521 3063.48 
1105 3310.83 
478 3170.88 
1105 3404.26 
522 3315.83 
1106 3255.08 
479 3274.09 
1106 3370.20 
523 3217.43 
1107 3233.20 
480 3287.47 
1107 3418.17 
524 3235.84 
1108 3126.56 
481 3113.50 
1108 3209.53 
1109 3244.71 
525 3379.04 
482 3312.91 
1109 3441.71 
1110 3313.01 
526 3032.78 
483 3087.58 
1110 3356.12 
1111 3307.32 
527 3248.84 
484 3285.48 
1111 3357.01 
1112 3342.10 
528 3170.93 
485 3117.63 
1112 3296.34 
1113 3284.68 
529 3237.33 
486 3362.94 
1113 3194.57 
1114 3240.64 
530 3444.16 
487 3164.87 
1114 3119.49 
1115 3188.71 
531 3043.78 
488 3271.27 
1115 3170.83 
1116 3310.62 
532 3197.69 
489 3270.16 
1116 3243.18 
1117 3266.81 
533 3343.35 
490 3417.44 
1117 3204.90 
1118 3323.82 
534 3254.08 
491 3215.29 
1118 3312.01 
1119 3232.42 
492 3151.72 
535 3237.00 
1119 3230.35 
1120 3350.08 
493 3191.50 
536 3236.74 
1120 3314.68 
1121 3316.45 
494 3210.83 
537 3465.39 
1121 3221.05 
1122 3354.86 
495 3511.01 
538 3253.47 
1122 1910.96 
1123 3251.48 
496 3182.12 
539 3385.53 
1123 3450.98 
1124 1373.41 
497 3173.18 
540 3214.84 
1124 3434.78 
1125 3259.82 
498 3450.77 
541 3232.44 
1125 3354.76 
1126 3350.16 
499 3099.97 
542 3274.86 
1126 3475.52 
1127 3232.64 
500 3225.75 
543 3217.72 
1127 3413.67 
1128 3297.47 
501 3161.92 
544 3282.07 
1128 3430.43 
1129 3278.55 
502 3360.17 
545 3265.40 
1129 3254.48 
1130 3200.43 
503 3091.95 
546 3213.34 
1130 3144.30 
1131 3376.79 
504 3306.55 
547 3354.22 
1131 3308.97 
1132 3207.19 
505 3183.46 
548 3176.30 
1132 3309.39 
1133 3261.35 
506 3292.47 
549 3162.47 
1133 3261.66 
1134 3261.71 
507 3187.32 
550 3331.17 
1134 3285.64 
1135 3289.78 
508 3267.66 
1135 3325.28 
551 3261.34 
1136 3206.12 
509 3306.35 
1136 3316.45 
552 3091.65 
1137 3280.80 
510 3409.56 
1137 3363.51 
553 3237.20 
1138 3312.07 
511 3299.77 
1138 3487.23 
554 3136.69 
1139 3234.39 
512 3236.84 
1139 3277.11 
1140 3247.90 
555 3292.50 
513 3459.46 
1140 3330.69 
1141 3287.57 
556 3111.65 
514 3447.50 
1141 3374.27 
1142 3154.70 
557 3183.74 
515 3155.48 
1143 3306.14 
1142 3382.66 
558 3248.41 
516 3322.15 
1143 3316.48 
1144 3199.13 
559 3287.11 
517 3141.17 
1144 3378.88 
1145 3226.48 
560 3184.61 
518 3316.84 
1145 3240.47 
1146 3385.48 
561 3298.34 
519 3274.75 
1146 3302.55 
1147 3436.82 
562 3241.79 
520 3162.14 
1147 3378.30 
1148 3423.23 
563 3345.08 
521 3344.90 
1148 3421.28 
1149 3478.65 
564 3208.94 
522 3121.37 
1149 3432.20 
1150 3190.67 
565 3266.09 
523 3234.26 
1150 3194.91 
1151 3277.69 
566 3228.86 
524 3265.80 
1151 3304.84 
1152 3170.68 
567 3290.57 
525 3389.35 
1152 3393.06 
1153 3117.45 
568 3368.94 
526 3144.86 
1153 3398.97 
1154 3414.28 
569 3309.54 
527 3254.40 
1154 3344.90 
1155 3212.72 
570 3366.48 
528 3207.19 
1155 3332.10 
1156 3193.96 
571 3246.56 
529 636.67 
1156 3153.90 
1157 3143.20 
572 3153.42 
530 3367.47 
1157 3359.08 
1158 3196.12 
573 3352.74 
531 3494.91 
1158 3406.03 
1159 3061.78 
574 3232.53 
532 3298.82 
1159 3273.64 
1160 3188.07 
575 3147.45 
533 3275.12 
1160 3374.00 
1161 3277.86 
576 3173.14 
534 3224.11 
1161 3275.51 
1162 3020.68 
577 3406.27 
535 3237.16 
1162 3264.50 
1163 3394.25 
578 3092.53 
536 3217.89 
1163 3284.19 
1164 3272.48 
579 3300.15 
537 3345.86 
1164 3242.87 
1165 3363.06 
580 3324.71 
538 3300.09 
1165 3295.61 
1166 3302.61 
581 3311.72 
539 3123.54 
1166 3299.86 
1167 3043.15 
582 3326.31 
540 3232.55 
1167 3326.48 
1168 3237.13 
583 3330.28 
541 3304.08 
1168 3431.57 
1169 3335.70 
584 3217.93 
542 3264.55 
1169 3185.00 
1170 3299.08 
585 3355.86 
543 3278.63 
1170 3265.65 
1171 3277.61 
586 3169.20 
544 3212.53 
1171 3119.24 
1172 3299.59 
587 3254.20 
545 3287.01 
1172 3086.50 
1173 3357.82 
588 3241.95 
546 3167.01 
1173 3403.24 
1174 3291.16 
589 3160.60 
1174 3432.26 
547 3224.06 
1175 3171.78 
590 3398.64 
1175 3389.85 
548 3264.94 
1176 3280.84 
591 3081.38 
1176 3371.60 
549 3228.44 
1177 3227.15 
592 3247.03 
1177 3229.44 
550 3171.84 
1178 3201.00 
593 3380.61 
1178 3316.69 
551 3364.12 
1179 3223.67 
594 3212.63 
1179 3314.52 
552 3399.39 
1180 3213.64 
595 3097.42 
1180 3212.56 
553 3437.45 
1181 3175.40 
596 3265.13 
1181 3434.01 
554 3232.20 
1182 3161.10 
597 3420.59 
1182 3454.45 
555 3285.25 
1183 3332.87 
598 3199.67 
1183 3301.15 
556 3360.54 
1184 3430.90 
599 3176.74 
1184 3336.19 
557 3305.00 
1185 3318.47 
600 3320.22 
1185 3274.71 
558 3458.63 
1186 3428.82 
601 3263.82 
1186 3332.25 
559 3320.84 
1187 3282.13 
602 3130.68 
1187 3494.98 
1188 663.62 
560 3291.32 
603 3400.18 
1188 3377.19 
1189 3291.25 
561 3355.81 
604 3345.58 
1189 3371.38 
1190 3434.10 
562 3342.42 
605 3403.83 
1190 3219.22 
563 3122.84 
1191 3290.87 
606 3364.70 
1191 3324.23 
1192 3317.19 
564 3322.44 
607 3156.00 
1192 3199.55 
1193 3316.99 
565 3172.92 
608 3415.52 
1193 3320.75 
566 3402.44 
1194 3297.91 
609 3407.07 
1194 3299.65 
1195 3110.10 
567 3198.26 
610 3366.20 
1195 3391.16 
568 3364.69 
1196 3229.81 
611 3217.09 
1196 3194.34 
569 3149.36 
1197 3280.53 
612 3409.32 
1197 3131.73 
570 3202.65 
1198 3131.99 
613 3357.23 
1198 3316.40 
571 3303.44 
1199 3105.35 
614 3375.66 
572 3207.68 
1199 3407.67 
1200 3266.73 
615 3260.05 
1200 3315.76 
573 3411.18 
1201 3186.77 
616 3273.70 
1201 3390.27 
574 3168.45 
1202 3133.12 
617 3285.86 
1202 3292.46 
1203 3269.46 
575 3260.66 
618 3191.96 
1204 3309.19 
1203 3368.56 
576 3225.07 
619 3291.88 
1204 3436.91 
1205 3291.02 
577 3260.82 
620 3383.36 
1206 3262.04 
578 3211.02 
1205 3410.46 
621 3344.44 
1206 3347.77 
1207 3137.05 
579 3267.61 
622 3256.48 
1207 3397.34 
1208 3113.24 
580 3330.16 
623 3407.65 
1208 3260.72 
1209 3394.40 
581 3193.99 
624 3392.46 
1210 3259.09 
1209 3495.79 
582 3344.61 
625 3331.07 
1210 3439.16 
1211 3198.42 
583 3251.35 
626 3361.37 
1211 3281.71 
1212 3161.79 
584 3325.03 
627 3300.05 
1212 3284.52 
1213 3248.85 
585 3221.96 
628 3378.76 
1213 3440.67 
1214 3381.27 
586 3274.29 
629 3424.03 
1215 3420.90 
1214 3411.24 
587 3219.52 
630 3252.20 
1215 3388.48 
1216 3387.03 
588 3206.40 
631 3160.23 
1216 3189.48 
1217 3342.62 
589 3162.83 
632 3279.42 
1217 3173.83 
1218 3321.00 
590 3200.40 
633 3280.16 
1218 3320.54 
1219 3227.63 
591 3257.33 
634 3341.67 
1219 3300.88 
1220 3243.56 
592 3265.76 
635 3301.23 
1220 3257.80 
1221 3111.09 
593 3298.89 
636 3427.36 
1221 3167.66 
1222 3220.28 
594 3211.23 
637 3272.87 
1222 3207.17 
1223 3338.60 
595 3179.53 
638 3337.62 
1223 3233.70 
1224 3239.88 
596 3336.74 
639 3257.77 
1224 3355.83 
1225 3259.44 
597 3231.26 
640 3289.90 
1225 3269.93 
1226 3208.82 
598 3288.06 
641 3203.80 
1226 3305.44 
1227 3230.92 
599 3286.00 
642 3090.76 
1227 3480.38 
1228 3278.87 
600 3326.19 
643 3294.04 
1228 3200.34 
1229 3031.34 
601 3231.80 
644 3396.95 
1229 3402.77 
1230 3281.23 
602 3286.61 
645 3300.08 
1230 3080.39 
1231 3319.23 
603 3364.47 
646 3263.12 
1231 3285.12 
1232 2373.47 
604 3191.26 
647 3140.89 
1232 3373.40 
1233 3319.27 
605 3434.05 
648 3268.60 
1233 3342.17 
1234 3402.74 
606 3369.49 
649 3301.49 
1234 3412.73 
1235 3122.28 
607 3365.60 
650 3551.50 
1235 3376.50 
1236 3397.76 
608 3145.97 
1236 3361.00 
651 3300.70 
1237 3197.09 
609 3184.58 
1237 3231.61 
652 3357.70 
1238 3226.49 
610 3275.40 
1238 2988.52 
653 3360.10 
1239 3169.75 
611 3284.65 
1239 3166.96 
654 3387.93 
1240 3350.22 
612 3313.12 
1240 3315.73 
655 3287.32 
1241 3163.20 
613 3150.63 
1241 3195.43 
656 3307.64 
1242 3420.91 
614 3241.12 
1242 3267.26 
657 3329.92 
1243 3406.67 
615 3093.17 
1243 3332.08 
658 3313.63 
1244 3122.09 
616 3267.32 
1244 3335.18 
659 3407.20 
1245 3145.72 
617 3296.36 
1245 3222.85 
1246 3371.98 
660 3460.03 
618 3393.58 
1246 3326.70 
1247 3333.72 
661 3423.61 
619 3345.74 
1247 3293.71 
1248 3455.96 
662 3355.32 
620 3100.19 
1248 3533.06 
1249 3444.05 
663 3423.64 
621 3273.96 
1249 3389.77 
1250 3273.22 
664 3421.46 
622 3198.48 
1250 3292.87 
1251 3293.23 
665 3450.08 
623 3440.00 
1251 3465.04 
1252 3120.35 
666 3340.54 
624 3220.96 
1252 3391.03 
1253 3271.42 
667 3345.81 
625 3170.70 
1253 3318.31 
1254 3186.84 
668 3213.11 
626 3135.13 
1254 3412.49 
1255 3074.40 
669 3275.14 
627 3296.41 
1256 3227.58 
1255 3211.72 
670 3409.54 
628 3392.64 
1256 3398.35 
1257 3230.60 
671 3558.33 
629 3258.69 
1257 3415.34 
1258 3143.67 
672 3278.56 
630 1098.61 
1258 3406.14 
1259 3162.21 
673 3212.65 
631 3260.68 
1259 3156.50 
1260 3358.97 
674 2332.88 
632 3263.44 
1260 3283.39 
1261 3327.00 
675 3405.75 
633 3079.02 
1261 3501.27 
1262 3269.54 
676 3204.88 
634 3161.18 
1262 3346.93 
1263 3478.30 
677 3199.37 
635 3210.60 
1264 3264.89 
1263 3080.45 
678 3376.52 
1265 3143.27 
636 3216.76 
1264 3236.10 
679 3346.42 
1266 3344.11 
637 3284.43 
1265 3311.19 
680 3268.32 
1267 3199.48 
638 3371.03 
1266 3147.22 
681 3324.00 
1268 3252.60 
639 3377.26 
1267 3379.32 
682 3459.67 
1269 3376.19 
640 3249.87 
1268 3220.00 
683 3330.61 
1270 3269.91 
1269 3391.97 
641 3278.92 
684 3260.18 
1271 3357.10 
1270 3283.31 
642 3243.67 
685 3381.21 
1272 3117.05 
1271 3425.78 
643 430.96 
686 3481.10 
1273 3156.61 
1272 3289.17 
644 3221.68 
687 3429.11 
1274 3339.34 
1273 3375.04 
645 3271.36 
688 3295.68 
1275 3348.04 
1274 3276.22 
646 3334.70 
689 3294.99 
1276 3338.60 
1275 3286.39 
647 3241.50 
690 3177.89 
1277 3159.39 
1276 3307.50 
648 3246.71 
691 3054.33 
1278 3223.14 
1277 3482.39 
649 3270.44 
692 3298.37 
1279 3423.43 
1278 3428.21 
650 3120.65 
693 3391.98 
1280 3341.34 
1279 3364.47 
651 3143.03 
694 3344.45 
1281 3282.13 
1280 3224.93 
652 3362.64 
695 3244.51 
1282 3309.03 
1281 3434.96 
653 3320.11 
696 3294.12 
1283 3184.95 
1282 3263.32 
654 3144.74 
697 3376.86 
1284 3305.24 
1283 3402.67 
655 3329.81 
698 3432.65 
1285 3348.15 
1284 3155.13 
656 3397.34 
699 3268.79 
1286 3302.29 
1285 3234.34 
657 3420.08 
700 3512.43 
1287 3303.50 
1286 3422.05 
658 3387.54 
701 3300.42 
1288 3422.65 
1287 3113.47 
659 3122.09 
702 3436.39 
1289 3417.11 
1288 3353.92 
660 3287.16 
703 3219.15 
1290 3305.86 
661 3413.46 
1289 3325.60 
704 3237.15 
1291 3457.75 
662 3102.55 
1290 3454.91 
705 3336.11 
1292 3248.53 
663 3272.14 
1291 3290.98 
706 3280.49 
1293 3250.62 
664 3200.11 
1292 3212.65 
707 3451.02 
1294 3369.61 
665 3165.35 
1293 3342.84 
708 3302.33 
1295 3237.63 
666 3178.73 
1294 3136.34 
709 3316.79 
1296 3331.99 
667 3026.27 
1295 3372.35 
710 3235.76 
1297 3245.78 
668 3191.48 
1296 3428.44 
711 3222.72 
1298 3209.21 
669 3341.45 
1297 3368.59 
712 3317.89 
1299 3171.48 
670 3290.81 
1298 3215.62 
713 3348.78 
1300 3234.82 
671 3371.72 
1299 3387.56 
714 3307.27 
1301 3269.58 
1300 3379.28 
672 3222.74 
715 3196.90 
1302 3158.66 
673 3187.10 
1301 3210.52 
716 3358.47 
1303 3106.71 
674 3210.35 
1302 3212.67 
717 3419.14 
1304 3315.45 
675 3251.96 
1303 3409.68 
718 3436.65 
1305 3383.34 
676 3278.88 
1304 3155.29 
719 3205.08 
1306 3358.94 
677 3237.15 
1305 3300.86 
720 3376.58 
1307 3332.07 
678 3281.02 
1306 3504.71 
721 3253.91 
1308 3351.93 
679 3176.60 
1307 3387.74 
722 3388.84 
1309 3254.35 
680 3232.41 
1308 3402.34 
723 3208.46 
1310 3402.79 
681 3417.54 
1309 3396.38 
724 -1.54 
1311 3326.64 
682 3293.68 
1310 3287.71 
725 3483.64 
1312 3489.79 
683 3312.51 
1311 3343.26 
726 3138.15 
1313 3138.23 
684 3324.88 
1312 3342.73 
727 3228.67 
1314 3316.37 
685 3248.31 
1313 3466.24 
728 3294.47 
1315 3181.10 
686 3046.78 
1314 3288.23 
729 3381.00 
1316 3352.51 
687 3455.47 
1315 3209.68 
1317 3494.54 
730 3489.76 
688 3237.73 
1316 3351.08 
1318 3299.19 
731 3062.99 
689 3262.87 
1317 3251.40 
1319 3331.77 
732 3319.02 
690 3370.71 
1318 3159.32 
1320 3226.75 
733 3161.75 
691 3236.90 
1319 3299.36 
1321 3314.53 
734 3333.54 
692 3324.44 
1320 3312.06 
1322 3404.58 
735 3253.00 
693 3294.55 
1321 3374.43 
1323 3440.44 
694 3200.87 
736 3267.18 
1322 3349.96 
1324 3290.49 
737 3219.75 
695 3195.41 
1323 3224.08 
1325 3340.01 
738 3335.31 
696 3357.31 
1324 3160.59 
1326 3337.80 
697 3356.25 
739 3259.28 
1325 3302.85 
1327 3381.06 
698 3137.05 
740 3418.99 
1326 3223.98 
1328 3226.22 
699 3067.35 
741 3215.41 
1327 3387.06 
1329 3330.65 
700 3335.51 
742 3465.23 
1328 3167.37 
1330 3380.25 
701 3366.50 
743 3359.25 
1329 3374.99 
1331 3292.03 
702 3324.03 
744 997.63 
1330 3339.58 
1332 3122.82 
703 3254.36 
745 3286.03 
1331 3272.84 
1333 3511.55 
704 3281.55 
746 3378.99 
1332 3271.66 
1334 3366.88 
705 3119.83 
747 3218.51 
1333 3260.58 
1335 3320.46 
748 3214.95 
706 3265.81 
1334 3416.64 
1336 3369.87 
749 3381.15 
707 3339.57 
1335 3186.36 
1337 3371.01 
750 3194.29 
708 3281.12 
1336 3242.10 
1338 3377.82 
751 3305.51 
709 3225.27 
1337 3430.64 
1339 3365.82 
752 3455.65 
710 3292.92 
1338 3248.94 
1340 3317.38 
753 3564.86 
711 3368.96 
1339 3574.95 
1341 3368.25 
754 3337.36 
712 3210.69 
1340 3412.48 
1342 3361.18 
755 3400.13 
713 3219.00 
1341 3313.00 
1343 3139.25 
756 3157.01 
714 3179.41 
1342 3337.50 
1344 3270.09 
757 3459.36 
715 3264.79 
1343 3234.58 
1345 3391.88 
758 3576.27 
716 3359.54 
1344 3264.46 
1346 3416.04 
759 3322.13 
1345 3256.11 
717 3057.65 
1347 3368.69 
760 3203.13 
718 3207.97 
1346 3248.65 
1348 3263.66 
761 3350.46 
1347 3227.73 
719 3320.37 
1349 3253.74 
762 3383.96 
720 3213.35 
1348 3444.50 
1350 3190.32 
763 3283.19 
1349 3189.89 
721 3290.04 
1351 3470.18 
764 3497.85 
722 3245.46 
1350 3205.02 
1352 3396.87 
765 3446.29 
723 3350.70 
1351 3303.83 
1353 3360.65 
766 3223.53 
724 2955.98 
1352 3131.60 
1354 3358.17 
725 3284.77 
767 3419.18 
1353 3307.08 
1355 3401.03 
726 3314.27 
768 3509.64 
1354 3248.51 
1356 3342.75 
727 3215.02 
769 3461.94 
1355 3124.09 
1357 3218.05 
728 3223.40 
770 3523.68 
1356 3250.74 
1358 3359.56 
729 3305.11 
771 3363.63 
1357 3213.57 
1359 3358.08 
772 3597.14 
730 3361.78 
1358 3341.57 
1360 1385.23 
731 3405.36 
773 3222.46 
1359 3246.53 
1361 3196.99 
732 3316.29 
774 3458.51 
1360 3242.95 
1362 3411.50 
733 3433.97 
775 3401.34 
1361 3301.41 
1363 3410.49 
776 3275.02 
734 3251.58 
1362 3349.45 
1364 3090.18 
777 3478.02 
735 3223.08 
1363 3244.29 
1365 3426.68 
778 3340.89 
736 3323.62 
1364 3543.89 
1366 3244.53 
779 3341.04 
737 3299.57 
1365 3214.01 
1367 3077.82 
780 3366.65 
738 3215.60 
1366 1792.28 
1368 3306.18 
781 3255.09 
739 3365.31 
1367 3348.60 
1369 3178.70 
782 3524.29 
740 3076.33 
1368 3246.99 
1370 3225.71 
1369 3467.21 
783 3543.70 
741 3338.00 
1371 3261.55 
1370 3352.45 
784 3526.27 
742 3261.41 
1372 3301.89 
1371 3372.22 
743 3376.10 
785 3326.72 
1373 3222.77 
1372 3389.57 
744 3234.74 
786 3292.82 
1374 3206.02 
1373 3402.15 
745 3313.17 
787 3427.82 
1375 3276.86 
1374 3381.01 
746 3211.91 
788 3336.28 
1376 3191.27 
1375 3380.92 
1377 3356.64 
747 3396.53 
789 3295.63 
1376 3381.25 
1378 3331.99 
748 3351.39 
790 3327.48 
1377 3413.03 
1379 3393.95 
749 3217.06 
791 3350.21 
1378 3372.88 
1380 3363.07 
750 3415.47 
792 3346.89 
1379 3379.26 
1381 3195.13 
751 3230.63 
793 3304.35 
1380 3245.85 
1382 3339.15 
752 3293.67 
794 3281.59 
1381 3304.68 
1383 3327.61 
753 3377.42 
795 3429.30 
1382 3371.73 
1384 3386.28 
754 3352.00 
796 3440.85 
1383 3400.02 
1385 3224.13 
755 3388.57 
797 3294.35 
1384 3267.17 
1386 1820.45 
756 3271.53 
798 3181.12 
1385 3431.04 
1387 3178.70 
757 3355.08 
799 3353.61 
1386 3446.71 
1388 3257.06 
758 3292.55 
800 3312.61 
1387 3462.34 
1389 3343.22 
801 3488.64 
759 3367.43 
1388 3194.79 
1390 3289.72 
802 3339.37 
760 3387.23 
1389 3317.45 
1391 3352.32 
803 3272.73 
761 3434.38 
1390 3354.00 
1392 3043.03 
804 3288.54 
762 3471.50 
1391 3437.57 
1393 3463.92 
805 3272.22 
763 3318.67 
1392 3232.75 
1394 3115.30 
806 3433.46 
764 3246.26 
1393 3476.29 
1395 3122.37 
807 3385.25 
765 3300.54 
1394 3361.98 
1396 3164.46 
808 3386.74 
766 3316.90 
1395 3393.34 
1397 3281.73 
809 817.77 
767 3296.67 
1396 3254.18 
1398 3282.78 
810 3321.59 
768 3382.31 
1397 3493.33 
1399 3313.00 
811 3241.94 
769 3538.56 
1398 3272.09 
1400 3395.65 
812 3109.47 
770 3253.55 
1399 3311.15 
813 3269.52 
771 3289.29 
1400 1893.62 
814 3458.90 
772 3397.01 
815 3393.29 
773 2711.83 
816 3407.06 
774 3165.30 
817 3215.94 
775 3310.48 
818 3317.48 
776 3318.39 
819 3383.21 
777 3360.94 
820 3319.76 
778 3294.02 
821 3443.83 
779 3240.13 
822 3480.13 
780 3094.11 
823 3339.35 
781 3100.09 
824 3263.72 
782 3292.28 
825 3268.78 
783 3265.39 
826 3496.17 
784 3240.81 
827 3399.32 
785 3294.41 
828 3405.85 
786 3191.69 
829 3408.41 
787 3154.92 
830 3344.05 
788 3255.61 
831 3282.73 
789 3277.80 
832 3398.88 
790 3287.20 
833 3368.87 
791 3226.15 
834 3516.89 
792 3228.20 
835 3316.44 
793 3309.04 
836 3458.41 
794 3139.24 
837 3217.61 
795 3482.44 
796 3273.82 
838 3337.08 
797 3300.92 
839 3403.90 
840 3354.95 
798 3447.47 
799 3293.77 
841 3319.12 
842 3343.22 
800 3152.33 
843 3375.35 
801 3288.86 
802 3342.00 
844 3443.41 
803 3355.08 
845 3348.32 
846 3179.66 
804 3359.44 
847 3327.18 
805 3179.20 
848 3313.57 
806 3291.36 
849 3496.06 
807 3151.07 
850 3418.02 
808 3355.39 
851 3380.80 
809 3372.26 
852 3214.76 
810 3457.74 
853 3235.97 
811 3379.46 
854 3272.50 
812 3307.78 
855 3500.80 
813 3278.97 
856 3257.14 
814 3367.59 
857 3464.88 
815 3262.57 
858 3363.11 
816 3393.25 
859 3292.52 
817 3215.34 
860 3343.90 
818 3379.32 
861 3329.31 
819 3123.46 
862 3314.23 
820 3325.80 
863 3180.95 
821 3249.07 
864 3497.31 
822 3050.30 
865 3190.95 
823 3189.37 
866 3178.68 
824 3380.83 
867 3421.74 
825 3215.76 
868 3453.63 
826 3326.83 
869 3303.22 
827 3349.42 
870 3448.32 
828 3391.17 
871 3204.08 
829 3476.17 
872 3323.20 
830 3322.55 
873 3392.29 
831 3245.25 
874 3303.87 
832 3157.24 
875 3456.92 
833 3341.05 
876 3493.47 
834 3400.25 
877 3300.48 
835 3343.17 
878 3446.34 
836 3333.06 
879 3329.34 
837 3260.81 
880 3189.88 
838 3300.81 
881 3486.60 
839 3088.87 
882 3404.18 
840 3372.21 
883 3222.41 
841 3333.47 
884 3216.91 
842 3415.47 
885 3368.66 
843 3421.79 
886 3285.26 
844 3408.30 
887 3328.21 
845 3308.75 
888 3406.36 
846 3275.58 
889 3497.25 
847 3451.98 
890 3438.63 
848 3341.72 
891 3240.34 
849 3112.51 
892 3461.14 
850 3212.32 
893 3228.83 
851 3201.90 
894 3406.33 
852 3337.27 
895 3416.96 
853 3305.20 
896 3441.77 
854 2998.84 
897 3309.74 
855 3316.16 
898 3480.09 
856 3376.80 
899 3153.18 
857 3393.18 
900 3416.19 
858 3242.22 
901 3408.14 
859 3406.92 
902 3419.17 
860 3244.90 
861 3276.47 
903 3399.96 
862 3221.82 
904 3399.53 
863 3124.84 
905 3404.68 
906 3372.92 
864 3313.82 
907 3266.02 
865 3287.87 
908 3329.14 
866 3355.38 
909 3223.19 
867 3258.45 
910 3449.59 
868 3303.08 
911 3327.85 
869 3443.90 
912 3353.93 
870 3389.98 
913 3303.38 
871 3221.79 
914 3292.80 
872 3349.11 
915 3294.35 
873 3136.44 
916 3262.79 
874 3370.10 
917 3310.97 
875 3235.88 
918 3544.07 
876 3267.72 
919 3340.44 
877 3401.32 
920 3448.79 
878 3243.49 
921 3527.05 
879 3416.01 
922 3463.96 
880 3413.63 
923 3541.00 
881 3237.84 
924 3631.55 
882 3300.87 
925 3418.35 
883 3171.60 
926 3441.72 
884 3125.82 
927 3305.42 
885 3171.25 
928 3430.15 
886 3370.32 
929 3323.77 
887 3275.71 
930 3122.91 
888 3371.80 
931 3435.64 
889 3333.41 
932 3298.55 
890 3409.96 
933 3344.34 
891 3366.71 
934 3552.45 
892 3358.79 
935 3155.43 
893 3129.21 
936 3498.85 
894 3255.25 
937 3423.65 
895 3309.00 
938 3472.11 
896 3202.44 
939 3292.72 
897 3254.58 
940 3484.41 
898 3281.67 
941 3550.52 
899 3372.10 
942 3392.89 
900 3210.21 
943 3198.74 
901 3362.41 
944 3300.87 
902 3466.10 
945 3344.48 
903 3302.26 
946 3222.55 
904 3507.24 
947 3297.40 
905 3177.98 
948 3230.24 
906 3377.81 
907 3404.23 
949 3384.82 
908 3285.77 
950 3162.12 
909 3353.55 
951 3318.36 
952 3383.55 
910 3173.11 
953 3273.89 
911 3265.65 
954 3230.09 
912 3318.12 
955 3346.48 
913 3325.02 
956 3381.28 
914 3370.15 
957 3310.42 
915 3329.77 
958 3435.94 
916 3386.81 
959 3323.89 
917 3274.16 
960 3257.53 
918 3285.46 
961 3389.53 
919 3406.30 
920 3309.27 
962 3463.50 
921 3353.91 
963 3348.63 
922 3316.34 
964 3219.77 
923 3445.25 
965 3363.05 
924 3359.98 
966 3245.54 
925 3309.08 
967 3327.23 
926 3451.87 
968 3405.86 
927 3372.63 
969 3411.25 
928 3406.56 
970 3378.86 
929 3384.61 
971 3363.98 
930 3252.84 
972 3587.21 
931 3443.75 
973 3351.36 
932 3258.65 
974 3293.94 
933 3257.70 
975 3306.74 
934 3204.46 
976 3345.85 
935 3191.90 
977 3456.50 
936 3332.08 
978 3395.24 
937 3383.01 
979 3382.91 
938 3437.30 
980 3399.24 
939 3330.53 
981 3345.26 
940 3474.55 
982 3148.29 
941 3412.25 
983 3339.03 
942 3242.75 
984 3417.69 
943 3307.20 
985 3247.69 
944 3277.84 
986 3388.78 
945 3359.38 
987 3371.76 
946 3326.11 
988 3315.35 
947 3279.32 
989 3475.72 
948 3213.50 
990 3347.98 
949 3443.67 
991 3295.26 
950 3402.64 
992 3356.69 
951 3414.25 
993 3367.30 
952 3505.90 
994 3453.56 
953 3317.32 
995 3381.47 
954 3369.33 
996 3379.65 
955 3409.33 
997 3397.30 
956 3326.75 
998 3372.80 
957 3318.41 
999 3262.01 
958 3430.84 
1000 3334.01 
959 3282.70 
1001 3361.16 
960 3295.88 
1002 3252.35 
961 3326.05 
1003 3417.60 
962 3508.25 
1004 3464.42 
963 3365.14 
1005 3219.68 
964 3139.73 
1006 3334.43 
965 3343.96 
1007 3552.88 
966 3292.50 
1008 3160.52 
967 3346.31 
1009 1805.58 
968 3344.59 
1010 3411.67 
969 3403.35 
1011 3398.79 
970 3124.83 
1012 3464.14 
971 3413.81 
1013 3298.91 
972 3382.01 
1014 3352.34 
973 3208.62 
1015 3312.61 
974 3389.38 
1016 3384.51 
975 3441.79 
1017 3408.04 
976 3274.38 
1018 3302.48 
977 3299.05 
1019 3340.52 
978 3387.91 
1020 3389.06 
979 3213.12 
1021 3244.05 
980 3253.98 
1022 3259.82 
981 3182.13 
1023 3376.96 
982 3398.45 
1024 3450.00 
983 3351.91 
1025 3412.54 
984 3414.95 
1026 3550.11 
985 3172.25 
1027 3404.47 
986 3324.15 
1028 3283.79 
987 3286.15 
1029 3288.33 
988 3284.42 
1030 3613.02 
989 3014.42 
1031 3328.38 
990 3187.53 
1032 3505.05 
991 3275.52 
1033 3319.70 
992 3389.68 
1034 3573.45 
993 3112.74 
1035 3359.57 
994 3396.27 
1036 3447.38 
995 3378.78 
1037 3389.87 
996 3065.19 
1038 3342.80 
997 3510.23 
1039 3371.62 
998 3355.67 
1040 3389.22 
999 71.26 
1041 3525.71 
1000 3350.74 
1042 40.96 
1001 3225.38 
1043 3465.41 
1002 3451.31 
1044 3361.16 
1003 3304.36 
1045 3335.10 
1004 3367.43 
1046 3253.40 
1005 3277.65 
1047 3328.53 
1006 3322.16 
1048 3478.05 
1007 3340.70 
1049 3336.70 
1008 3344.13 
1050 3296.51 
1009 3203.94 
1051 3509.23 
1010 3376.15 
1052 3360.85 
1011 3390.65 
1053 3394.41 
1012 3553.41 
1054 3339.04 
1013 3286.40 
1055 3469.59 
1014 3268.14 
1056 3473.26 
1015 3410.41 
1057 3320.05 
1016 3327.79 
1058 3364.34 
1017 3173.18 
1059 3196.78 
1018 3381.05 
1060 3327.48 
1019 3261.74 
1061 3301.57 
1020 3308.38 
1062 3481.87 
1021 3266.40 
1063 3417.16 
1022 3228.71 
1064 3343.68 
1023 3273.80 
1065 3514.43 
1024 3376.20 
1066 3164.57 
1025 3432.22 
1067 3435.29 
1026 3336.41 
1068 3453.11 
1027 3414.50 
1069 3309.94 
1028 3282.51 
1070 3235.88 
1029 3327.65 
1071 3452.34 
1030 3449.58 
1072 3468.92 
1031 3394.40 
1073 3455.70 
1032 3115.85 
1074 3380.95 
1033 3369.28 
1075 3483.46 
1034 3306.95 
1076 3264.01 
1035 3301.44 
1077 3305.17 
1036 3193.27 
1078 3353.27 
1037 3276.68 
1079 3423.26 
1038 3326.44 
1080 3504.94 
1039 3364.32 
1081 3401.41 
1040 3271.26 
1082 3274.10 
1041 3174.98 
1083 3421.10 
1042 3401.20 
1084 1763.66 
1043 3312.29 
1085 3341.50 
1044 3354.15 
1086 3328.83 
1045 3293.17 
1087 3317.69 
1046 3175.38 
1088 3352.25 
1047 3019.35 
1089 3460.43 
1048 3297.68 
1090 3423.18 
1049 3289.58 
1091 3377.65 
1050 3215.50 
1092 3362.86 
1051 3428.54 
1093 794.42 
1052 3330.39 
1094 3559.28 
1053 3419.06 
1095 3404.20 
1054 3435.83 
1096 3317.04 
1055 3418.20 
1097 3381.55 
1056 3199.96 
1098 3375.24 
1057 3171.52 
1099 3247.36 
1058 3335.70 
1100 3391.76 
1059 3369.91 
1101 3454.54 
1060 3326.46 
1102 3504.12 
1061 3365.08 
1103 3380.70 
1062 3443.72 
1104 3127.99 
1063 3324.98 
1105 3385.97 
1064 3467.34 
1106 3471.44 
1065 3256.04 
1107 401.42 
1066 3336.13 
1108 3266.45 
1067 3293.53 
1109 3334.22 
1068 3359.90 
1110 3311.92 
1069 3346.77 
1111 3492.26 
1070 3216.89 
1112 3559.80 
1071 3422.92 
1113 3509.34 
1072 3241.55 
1114 3507.18 
1073 3406.50 
1115 3441.60 
1074 3129.74 
1116 3362.79 
1075 3083.73 
1076 3250.85 
1117 3535.13 
1077 3340.68 
1118 3569.94 
1078 3210.06 
1119 3323.94 
1079 3217.79 
1120 3347.22 
1080 3320.80 
1121 3298.10 
1081 3199.51 
1122 3452.53 
1082 3303.56 
1123 3434.06 
1083 3288.51 
1124 3428.73 
1084 3448.66 
1125 3248.68 
1085 3385.43 
1126 3538.66 
1086 3438.39 
1127 3560.12 
1087 3290.60 
1128 3471.09 
1088 3361.67 
1129 3559.63 
1089 3480.36 
1130 3399.33 
1090 3233.15 
1131 3470.39 
1091 3290.69 
1132 3422.79 
1092 3304.75 
1133 3380.37 
1093 3411.36 
1134 3556.80 
1094 3282.85 
1135 3294.11 
1095 3324.90 
1136 3495.53 
1096 3433.23 
1137 3408.06 
1097 3314.79 
1138 3532.01 
1098 3279.03 
1139 3379.48 
1099 3302.80 
1140 3339.00 
1100 3252.40 
1141 3358.17 
1101 3451.15 
1142 3348.31 
1102 3503.60 
1143 3471.36 
1103 3473.80 
1144 3366.63 
1104 3301.39 
1145 3284.54 
1105 3330.60 
1146 3597.07 
1106 3433.82 
1147 3485.81 
1107 3348.42 
1148 3527.39 
1108 3261.69 
1149 3305.58 
1109 3387.28 
1150 3526.64 
1110 3474.23 
1151 3521.10 
1111 3496.62 
1152 3425.98 
1112 3451.76 
1153 3591.62 
1113 3368.26 
1154 3415.96 
1114 3364.66 
1155 3389.28 
1115 3269.57 
1156 3254.98 
1116 3392.27 
1157 3568.82 
1117 3180.94 
1158 3529.95 
1118 3371.36 
1159 3520.58 
1119 3388.69 
1160 3220.02 
1120 3346.37 
1161 3409.87 
1162 3382.43 
1121 3355.03 
1163 3580.08 
1122 3410.24 
1123 3476.59 
1164 3417.93 
1124 3373.14 
1165 3427.20 
1125 3371.34 
1166 3598.21 
1126 3050.27 
1167 3365.54 
1127 3385.52 
1168 3526.80 
1128 3500.54 
1169 3289.46 
1129 3303.58 
1170 3393.45 
1130 3333.89 
1171 3385.13 
1131 3575.42 
1172 3352.88 
1173 3539.35 
1132 3294.46 
1133 3484.12 
1174 3254.41 
1134 3446.39 
1175 3318.38 
1135 3219.17 
1176 3373.01 
1136 3504.53 
1177 3366.91 
1137 3259.82 
1178 3297.79 
1138 3283.65 
1179 3457.37 
1139 3397.08 
1180 3566.10 
1140 3271.11 
1181 3432.19 
1141 3307.45 
1182 3457.91 
1142 3240.86 
1183 3378.33 
1143 3396.71 
1184 3406.97 
1144 3316.37 
1185 3536.64 
1145 3316.08 
1186 3381.41 
1146 3308.73 
1187 3344.01 
1147 3425.10 
1188 3497.70 
1148 3221.75 
1189 3534.88 
1149 3307.99 
1190 3434.18 
1150 3448.83 
1191 3447.88 
1151 3285.08 
1192 3427.37 
1152 3475.16 
1193 3419.59 
1153 3386.03 
1194 3411.08 
1154 3317.85 
1195 3480.57 
1155 3380.56 
1196 3284.98 
1156 3372.83 
1197 3418.83 
1157 3335.67 
1198 3233.75 
1158 3442.67 
1199 3161.82 
1159 3422.63 
1200 3321.44 
1160 2742.90 
1201 3306.08 
1161 3450.30 
1202 3369.49 
1162 3320.02 
1203 3410.80 
1163 3487.88 
1204 3620.72 
1164 3083.40 
1205 3417.35 
1165 3305.62 
1206 3440.31 
1166 3488.92 
1207 3485.05 
1167 3452.24 
1208 3255.12 
1168 3532.24 
1209 3530.98 
1169 3442.41 
1210 3438.12 
1170 3424.36 
1211 1948.01 
1171 3378.64 
1212 3509.25 
1172 3308.02 
1213 3397.80 
1173 3289.58 
1214 3391.07 
1174 3404.42 
1215 3464.43 
1175 3205.18 
1216 3499.51 
1176 3326.91 
1217 3532.32 
1177 3360.75 
1218 3446.44 
1178 3437.29 
1219 3397.36 
1179 3385.56 
1220 3313.73 
1180 3370.63 
1221 3406.23 
1181 3534.15 
1222 3548.97 
1182 3373.67 
1223 3419.08 
1183 3261.68 
1224 3460.60 
1184 3316.95 
1225 3233.02 
1185 3147.28 
1226 3400.91 
1186 3403.21 
1227 3421.96 
1187 3133.00 
1228 3486.54 
1188 3371.13 
1229 3501.19 
1189 3145.28 
1230 3296.98 
1190 3429.64 
1231 3490.09 
1191 3380.89 
1232 3495.02 
1192 3372.73 
1233 3533.25 
1193 3278.63 
1234 3410.04 
1194 3404.10 
1235 1920.27 
1195 3368.03 
1236 3573.79 
1196 3392.23 
1237 3446.31 
1197 3405.46 
1238 3391.15 
1198 3443.19 
1239 3494.84 
1199 3349.58 
1240 3411.25 
1200 3413.63 
1241 3646.90 
1201 3499.19 
1242 3497.89 
1202 3237.67 
1243 3469.28 
1203 3327.22 
1244 3483.76 
1204 3265.94 
1245 3455.45 
1205 3177.67 
1246 3556.34 
1206 3426.71 
1247 3366.02 
1207 3246.84 
1248 3405.42 
1208 3431.04 
1249 3447.63 
1209 3522.41 
1250 3398.77 
1210 3413.49 
1251 3320.16 
1211 3393.34 
1252 3335.75 
1212 3385.52 
1253 3329.47 
1213 3452.60 
1254 3452.76 
1214 3449.84 
1255 3451.02 
1215 3293.76 
1256 3380.73 
1216 3238.92 
1257 3468.13 
1217 3304.39 
1258 3512.59 
1218 3389.84 
1259 3414.53 
1219 3454.54 
1260 3579.55 
1220 3470.86 
1261 3353.60 
1221 3316.95 
1262 3374.74 
1222 3294.94 
1263 3380.10 
1223 3347.65 
1264 3323.94 
1224 3345.97 
1265 3337.14 
1225 3233.36 
1266 3447.08 
1226 3337.05 
1267 3445.00 
1227 3253.37 
1228 3394.30 
1268 3566.32 
1229 3277.49 
1269 3269.19 
1230 3267.46 
1270 3486.66 
1231 3516.58 
1271 3268.91 
1232 3438.54 
1272 3552.27 
1233 3392.74 
1273 3242.08 
1234 3282.27 
1274 3357.88 
1235 3297.61 
1275 3438.69 
1236 3502.03 
1276 3331.10 
1237 3391.77 
1277 3489.91 
1238 3295.49 
1278 3402.48 
1239 3357.08 
1279 3473.45 
1240 3369.67 
1280 3532.17 
1241 3293.75 
1281 3330.72 
1242 3358.64 
1282 3623.14 
1243 3429.95 
1283 3536.79 
1244 3430.17 
1284 3382.03 
1245 3353.41 
1285 3355.09 
1246 3443.90 
1286 3373.68 
1287 3309.63 
1247 3278.24 
1288 3430.86 
1248 3336.24 
1289 3441.70 
1249 3417.27 
1290 3452.58 
1250 3423.03 
1291 3462.21 
1251 3514.35 
1292 3388.59 
1252 3330.37 
1293 3468.69 
1253 3348.59 
1294 3577.67 
1254 3444.71 
1295 3443.21 
1255 3673.29 
1296 3370.47 
1256 3339.43 
1297 3423.36 
1257 3482.14 
1298 3461.25 
1258 3300.65 
1299 3442.33 
1259 3355.35 
1300 3645.07 
1260 3390.91 
1301 3600.37 
1261 3298.59 
1302 3263.79 
1262 3359.36 
1303 3419.00 
1263 3422.22 
1304 3482.18 
1264 3424.08 
1305 3437.46 
1265 3451.43 
1306 3582.64 
1266 3623.88 
1307 3527.07 
1267 3270.22 
1308 3450.06 
1268 3256.53 
1309 3303.51 
1269 3096.99 
1310 3504.39 
1270 3420.09 
1311 3514.06 
1271 3364.83 
1312 3353.48 
1272 3429.03 
1273 3451.79 
1313 3386.67 
1274 3209.04 
1314 3475.97 
1275 3477.52 
1315 3470.53 
1276 3461.09 
1316 3532.68 
1277 3424.92 
1317 3608.69 
1278 3355.54 
1318 3457.18 
1279 3318.74 
1319 3392.10 
1280 3317.10 
1320 3672.50 
1281 3539.15 
1321 3458.14 
1282 3209.76 
1322 3547.01 
1283 3427.27 
1323 3512.65 
1284 3268.13 
1324 3348.48 
1285 3395.55 
1325 3452.16 
1286 3412.43 
1326 3429.17 
1287 3413.80 
1327 3388.16 
1288 3324.70 
1328 3434.06 
1289 3234.70 
1329 3362.23 
1290 3255.25 
1330 3443.86 
1291 3141.78 
1331 3386.16 
1292 3332.68 
1332 3422.87 
1293 3266.34 
1333 3532.74 
1294 3432.30 
1334 3544.39 
1295 3353.40 
1335 3638.54 
1296 3518.89 
1336 3550.45 
1297 3176.34 
1337 3483.80 
1298 3213.38 
1338 3393.93 
1299 3126.60 
1339 3635.37 
1300 3168.97 
1340 3571.52 
1301 3259.74 
1341 3562.78 
1302 3315.78 
1342 3584.13 
1303 3316.68 
1343 3356.48 
1304 3407.00 
1344 3382.44 
1305 3372.34 
1345 3625.55 
1306 3174.98 
1346 3460.30 
1307 3464.50 
1347 3238.46 
1308 3222.04 
1348 3543.36 
1309 3431.88 
1349 3441.24 
1310 3388.98 
1350 3447.65 
1311 3290.00 
1351 3493.23 
1312 3387.52 
1352 3601.23 
1313 3249.43 
1353 3411.04 
1314 3171.03 
1354 3591.10 
1315 3469.03 
1355 3388.27 
1316 3443.04 
1356 3533.56 
1317 3253.02 
1357 3616.32 
1318 3163.94 
1358 3416.81 
1319 3367.90 
1359 3245.06 
1320 3235.17 
1360 3492.20 
1321 3489.68 
1361 3524.20 
1322 3500.16 
1362 3426.82 
1323 3269.39 
1363 3454.12 
1324 3405.95 
1364 3517.48 
1325 3382.45 
1365 3324.84 
1326 3292.89 
1366 3490.47 
1327 3413.07 
1367 3370.08 
1328 3244.13 
1368 3615.71 
1329 3330.65 
1369 3548.56 
1330 3412.22 
1370 3480.98 
1331 3461.85 
1332 3423.70 
1371 3449.71 
1333 3440.68 
1372 3535.65 
1334 3388.35 
1373 3541.32 
1335 3248.44 
1374 3440.09 
1336 3253.03 
1375 3501.27 
1337 3342.63 
1376 3557.96 
1338 3368.65 
1377 3577.21 
1339 3414.23 
1378 3559.17 
1340 3463.86 
1379 3450.61 
1341 3336.17 
1380 3571.10 
1342 3188.55 
1381 3553.92 
1343 3278.39 
1382 3358.77 
1344 3265.65 
1383 3518.12 
1345 3235.57 
1384 3509.45 
1346 3303.44 
1385 3517.88 
1347 3269.08 
1386 3524.94 
1348 3167.85 
1387 1878.74 
1349 3382.30 
1388 3551.94 
1350 3543.28 
1389 3549.05 
1351 3347.45 
1390 3581.62 
1352 3292.07 
1391 3346.67 
1353 3407.91 
1392 3643.35 
1354 3370.90 
1393 3532.92 
1355 3312.03 
1394 3506.65 
1356 3354.77 
1395 3504.19 
1357 3310.28 
1396 3390.04 
1358 3290.95 
1397 3433.12 
1359 3429.93 
1398 3367.12 
1360 3391.07 
1399 3274.83 
1361 3145.41 
1400 3373.05 
1362 2857.68 
1363 3275.57 
1364 3460.15 
1365 3316.21 
1366 3280.06 
1367 3554.63 
1368 3471.60 
1369 3436.44 
1370 3267.97 
1371 3478.81 
1372 3261.09 
1373 3503.23 
1374 3478.42 
1375 3363.21 
1376 3455.15 
1377 3308.96 
1378 3466.97 
1379 3507.69 
1380 3336.45 
1381 3432.03 
1382 3573.92 
1383 3261.87 
1384 3373.64 
1385 3525.50 
1386 3360.32 
1387 3440.34 
1388 3081.63 
1389 3376.28 
1390 3279.52 
1391 3259.36 
1392 3400.24 
1393 3378.18 
1394 3438.54 
1395 3337.05 
1396 3333.11 
1397 3414.65 
1398 3233.76 
1399 3324.80 
1400 3345.76 
