Seed 0:
0 -742.48 
1 -571.03 
2 -819.65 
3 -431.71 
4 -314.50 
5 -88.11 
6 -203.69 
7 -136.11 
8 -125.62 
9 -81.54 
10 -193.00 
11 2.88 
12 29.01 
13 116.40 
14 87.88 
15 85.42 
16 -177.35 
17 135.97 
18 126.34 
19 242.69 
20 105.65 
21 511.57 
22 340.33 
23 368.68 
24 348.93 
25 402.83 
26 462.42 
27 310.34 
28 282.72 
29 555.00 
30 717.72 
31 912.38 
32 1355.55 
33 1318.90 
34 1331.74 
35 1381.35 
36 1498.34 
37 1704.95 
38 1589.63 
39 1710.16 
40 1674.99 
41 1740.08 
42 1763.23 
43 1864.77 
44 2073.41 
45 2148.05 
46 1976.94 
47 2019.63 
48 2074.01 
49 2221.59 
50 2146.35 
51 2111.51 
52 2164.83 
53 2161.22 
54 2140.74 
55 2159.64 
56 2143.23 
57 2160.41 
58 2100.12 
59 2142.84 
60 2128.70 
61 2092.21 
62 2050.73 
63 2045.82 
64 2170.81 
65 2127.14 
66 2247.39 
67 2210.19 
68 2154.25 
69 2093.70 
70 2216.80 
71 2167.17 
72 2161.94 
73 2291.68 
74 2200.96 
75 2037.51 
76 2327.35 
77 2184.42 
78 2098.78 
79 2111.31 
80 2139.70 
81 2101.58 
82 2255.12 
83 2201.96 
84 2180.04 
85 2142.68 
86 2175.47 
87 2256.54 
88 2222.87 
89 2172.85 
90 2036.81 
91 2060.72 
92 2182.96 
93 2221.78 
94 2227.78 
95 2323.86 
96 2225.08 
97 2234.11 
98 2189.49 
99 2213.14 
100 2256.88 
101 2158.50 
102 2256.46 
103 2236.59 
104 2248.26 
105 2207.20 
106 2203.07 
107 2174.31 
108 2279.72 
109 2242.34 
110 2164.82 
111 2276.62 
112 2268.40 
113 2149.29 
114 2225.93 
115 2194.29 
116 2195.43 
117 2199.94 
118 2220.40 
119 2218.59 
120 2211.85 
121 2255.90 
122 2330.98 
123 2203.66 
124 2289.48 
125 2257.80 
126 2172.25 
127 2305.97 
128 2199.49 
129 2317.03 
130 2209.14 
131 2296.06 
132 2241.70 
133 2237.01 
134 2241.34 
135 2135.81 
136 2161.80 
137 1487.67 
138 2256.81 
139 2324.13 
140 2236.67 
141 2153.55 
142 2085.66 
143 2250.99 
144 2209.15 
145 2181.98 
146 2209.57 
147 2277.07 
148 2217.95 
149 2311.75 
150 2184.75 
151 2138.50 
152 2144.69 
153 2183.52 
154 2235.08 
155 2225.25 
156 2136.22 
157 2196.92 
158 2281.54 
159 2225.70 
160 2214.95 
161 2278.58 
162 2129.39 
163 2299.51 
164 2230.33 
165 2258.60 
166 2239.56 
167 2277.29 
168 2236.43 
169 2263.05 
170 2186.11 
171 2224.25 
172 2204.60 
173 2144.32 
174 2323.54 
175 2249.89 
176 2207.98 
177 2251.76 
178 2296.12 
179 2228.23 
180 2285.19 
181 2109.71 
182 2200.20 
183 2204.00 
184 2242.95 
185 2237.08 
186 2128.54 
187 2218.20 
188 2164.20 
189 2270.00 
190 2262.34 
191 2151.90 
192 2247.61 
193 2231.11 
194 2318.36 
195 2239.33 
196 2285.19 
197 2296.39 
198 2225.00 
199 2270.68 
200 2166.85 
201 2233.24 
202 2155.50 
203 2168.54 
204 2198.18 
205 2220.11 
206 2163.86 
207 2280.48 
208 2155.35 
209 2259.09 
210 2267.60 
211 1239.31 
212 2241.95 
213 2263.36 
214 2254.00 
215 2328.82 
216 2218.74 
217 2210.23 
218 2284.82 
219 2165.19 
220 2283.25 
221 2251.23 
222 2289.81 
223 2244.21 
224 2253.15 
225 2284.32 
226 2236.07 
227 2202.96 
228 2309.50 
229 2264.34 
230 2235.16 
231 2220.04 
232 2271.09 
233 2240.92 
234 2255.21 
235 2239.41 
236 2276.09 
237 2335.23 
238 2231.32 
239 2124.84 
240 2206.28 
241 2306.71 
242 2280.26 
243 2206.79 
244 2217.99 
245 2217.74 
246 2195.33 
247 2213.60 
248 2192.08 
249 2202.65 
250 2251.17 
251 2246.23 
252 2205.40 
253 2229.41 
254 2218.31 
255 2228.88 
256 2221.36 
257 2214.14 
258 2283.80 
259 2214.08 
260 2298.90 
261 2247.00 
262 2223.20 
263 2131.39 
264 2232.12 
265 2325.20 
266 2349.22 
267 2204.33 
268 2259.03 
269 2172.00 
270 2275.44 
271 2114.18 
272 2289.96 
273 2253.78 
274 2253.53 
275 2227.45 
276 2195.75 
277 2189.69 
278 2282.92 
279 2284.63 
280 2221.01 
281 2213.70 
282 2153.53 
283 2232.73 
284 2177.54 
285 2215.16 
286 2374.15 
287 2241.81 
288 2170.55 
289 2252.74 
290 2242.28 
291 2221.74 
292 2191.02 
293 2304.41 
294 2190.68 
295 2168.23 
296 2247.68 
297 2248.65 
298 2162.96 
299 2315.26 
300 2320.01 
301 2207.40 
302 457.35 
303 1664.22 
304 2281.18 
305 2262.84 
306 2168.07 
307 2235.17 
308 2286.89 
309 2164.77 
310 2246.04 
311 2239.07 
312 2225.79 
313 2323.64 
314 2322.88 
315 2255.72 
316 2268.46 
317 2280.21 
318 2232.67 
319 2319.09 
320 2224.14 
321 2352.18 
322 2323.00 
323 2249.83 
324 2274.77 
325 2353.57 
326 2256.51 
327 2309.82 
328 2239.97 
329 2337.47 
330 2220.84 
331 2352.05 
332 2198.25 
333 2195.67 
334 2263.01 
335 2274.44 
336 2338.97 
337 2245.98 
338 2357.03 
339 2298.00 
340 2399.62 
341 2360.93 
342 2428.32 
343 2276.30 
344 2371.63 
345 2318.17 
346 2386.74 
347 2381.48 
348 2382.32 
349 2461.83 
350 2548.90 
351 2503.77 
352 2570.75 
353 2555.63 
354 2460.53 
355 2567.28 
356 2633.13 
357 2565.73 
358 2633.42 
359 2496.36 
360 2577.15 
361 2727.51 
362 2771.01 
363 2615.70 
364 2652.02 
365 2548.56 
366 2736.75 
367 2764.71 
368 2708.57 
369 2737.01 
370 2745.57 
371 2775.61 
372 2762.48 
373 2693.02 
374 2729.71 
375 2751.97 
376 2733.68 
377 2883.03 
378 2855.05 
379 2727.79 
380 2737.16 
381 2762.24 
382 2816.11 
383 2720.39 
384 2609.78 
385 2859.36 
386 2788.70 
387 2742.91 
388 2751.58 
389 2755.13 
390 2828.40 
391 2695.07 
392 2699.80 
393 2797.59 
394 2801.36 
395 2819.53 
396 1206.00 
397 2793.65 
398 2781.17 
399 2641.47 
400 2796.77 
401 2735.73 
402 2739.97 
403 2730.46 
404 2712.11 
405 2805.65 
406 2793.04 
407 2843.90 
408 2828.51 
409 2681.26 
410 2828.64 
411 2769.95 
412 2731.80 
413 2672.46 
414 2803.98 
415 2779.91 
416 2813.13 
417 2725.55 
418 2733.49 
419 2734.69 
420 2806.63 
421 2759.26 
422 2769.40 
423 2734.26 
424 2791.29 
425 2784.03 
426 2756.12 
427 2765.68 
428 2714.29 
429 2742.66 
430 2828.81 
431 2784.13 
432 2676.73 
433 2683.54 
434 2822.94 
435 2751.21 
436 2844.49 
437 2745.58 
438 2829.06 
439 2782.15 
440 2918.21 
441 2852.29 
442 2856.04 
443 2836.58 
444 2757.14 
445 2784.88 
446 2989.64 
447 2816.46 
448 2731.25 
449 2680.29 
450 2793.51 
451 2840.76 
452 2852.30 
453 2681.73 
454 2827.09 
455 2834.03 
456 2773.95 
457 2759.38 
458 2760.28 
459 2878.55 
460 2667.76 
461 2711.46 
462 2828.87 
463 2879.97 
464 2822.93 
465 2739.69 
466 2828.78 
467 2821.30 
468 2825.63 
469 2811.47 
470 2830.03 
471 2818.90 
472 2724.37 
473 2706.46 
474 2782.65 
475 2790.60 
476 2811.07 
477 2824.37 
478 2647.52 
479 2911.55 
480 2800.40 
481 2918.72 
482 2860.51 
483 2740.31 
484 2689.69 
485 2790.46 
486 2923.26 
487 2809.49 
488 2829.30 
489 2909.49 
490 2830.57 
491 2794.26 
492 2750.33 
493 2744.33 
494 2810.25 
495 2844.40 
496 2882.77 
497 2952.81 
498 2952.79 
499 2750.95 
500 2716.63 
501 2825.73 
502 2712.77 
503 2828.85 
504 2884.75 
505 2898.53 
506 2788.09 
507 2807.56 
508 2828.95 
509 2757.61 
510 2768.73 
511 2794.77 
512 2767.07 
513 2647.63 
514 2812.95 
515 2712.53 
516 2783.63 
517 2759.57 
518 2746.46 
519 2781.10 
520 2760.77 
521 2809.42 
522 2846.06 
523 179.04 
524 2776.23 
525 2920.30 
526 2776.58 
527 2814.92 
528 2873.30 
529 -57.41 
530 2803.76 
531 2793.03 
532 2886.07 
533 2786.76 
534 2758.10 
535 2882.66 
536 2800.32 
537 2810.58 
538 2846.13 
539 2803.46 
540 2749.44 
541 2790.92 
542 2819.47 
543 2880.89 
544 2794.98 
545 2829.95 
546 2854.16 
547 2845.37 
548 2821.77 
549 2873.93 
550 2826.06 
551 2816.87 
552 2844.89 
553 2897.56 
554 2878.60 
555 2953.86 
556 2837.36 
557 2878.13 
558 2824.69 
559 2727.37 
560 2876.52 
561 2837.63 
562 2897.41 
563 2889.32 
564 2906.06 
565 2391.34 
566 2884.65 
567 2951.92 
568 2814.80 
569 2929.20 
570 2817.40 
571 2924.61 
572 2861.74 
573 2732.65 
574 2831.15 
575 2862.89 
576 2784.45 
577 2822.18 
578 2850.97 
579 2916.72 
580 2142.90 
581 2822.38 
582 2798.67 
583 2892.61 
584 2885.45 
585 2772.88 
586 2923.51 
587 2766.88 
588 2769.75 
589 2858.35 
590 2771.07 
591 2941.94 
592 2425.55 
593 2981.14 
594 2875.13 
595 2791.84 
596 2879.49 
597 2800.68 
598 2829.42 
599 2865.42 
600 2907.27 
601 2909.04 
602 2818.58 
603 3018.42 
604 2925.56 
605 2917.39 
606 2842.50 
607 2984.42 
608 2824.35 
609 2975.66 
610 254.44 
611 2870.32 
612 2965.43 
613 2923.09 
614 2877.51 
615 2881.24 
616 2987.64 
617 2900.19 
618 2942.94 
619 2865.29 
620 2807.31 
621 2807.52 
622 2825.97 
623 2818.87 
624 2782.97 
625 2959.56 
626 2962.03 
627 2887.29 
628 2892.18 
629 2808.33 
630 2858.44 
631 2936.78 
632 -39.91 
633 2789.25 
634 2873.02 
635 2713.74 
636 2966.18 
637 2838.03 
638 2904.38 
639 2804.62 
640 2852.82 
641 2757.17 
642 2851.67 
643 2924.44 
644 2916.33 
645 2950.65 
646 2845.58 
647 2716.96 
648 2846.01 
649 2948.32 
650 2877.36 
651 2865.66 
652 2918.67 
653 2812.92 
654 2871.72 
655 2806.05 
656 2883.56 
657 2859.38 
658 2865.51 
659 2844.64 
660 2800.32 
661 3013.91 
662 2879.71 
663 2933.46 
664 2807.17 
665 2904.04 
666 2911.90 
667 2905.40 
668 2815.58 
669 2872.77 
670 2965.19 
671 2915.90 
672 2815.67 
673 2860.27 
674 2792.19 
675 2855.19 
676 2910.60 
677 2972.03 
678 2813.98 
679 2975.17 
680 2913.16 
681 2956.47 
682 2886.98 
683 2922.96 
684 2876.47 
685 2886.38 
686 2875.88 
687 2829.12 
688 2884.86 
689 2942.52 
690 2871.12 
691 2907.68 
692 2977.77 
693 2981.22 
694 3082.25 
695 2926.87 
696 2878.43 
697 2908.44 
698 2997.62 
699 3005.91 
700 2940.09 
701 2843.06 
702 3037.11 
703 775.82 
704 2975.36 
705 2943.40 
706 3050.56 
707 2990.75 
708 2923.96 
709 3016.33 
710 2933.41 
711 2954.50 
712 2957.99 
713 2885.77 
714 2960.36 
715 1192.35 
716 2901.56 
717 2950.56 
718 2988.26 
719 3028.14 
720 2851.19 
721 2844.12 
722 2873.83 
723 2981.44 
724 2875.49 
725 2960.80 
726 2910.68 
727 3013.75 
728 2904.87 
729 3069.92 
730 2915.82 
731 3037.19 
732 2963.54 
733 2979.53 
734 2907.96 
735 3125.34 
736 3022.08 
737 628.59 
738 1564.54 
739 2912.83 
740 2863.73 
741 2894.19 
742 3019.49 
743 2992.01 
744 3122.32 
745 2958.90 
746 2900.47 
747 2956.63 
748 2993.41 
749 3090.17 
750 3064.25 
751 2917.78 
752 2997.16 
753 3112.21 
754 3025.05 
755 3039.82 
756 3071.37 
757 2881.92 
758 2970.14 
759 2918.70 
760 3020.45 
761 2995.46 
762 3122.93 
763 3042.25 
764 3170.56 
765 3036.28 
766 2945.59 
767 2957.20 
768 3216.28 
769 2878.07 
770 3097.98 
771 3002.56 
772 2995.24 
773 2964.68 
774 3027.74 
775 3044.05 
776 3015.64 
777 3079.17 
778 2901.91 
779 1757.31 
780 2966.76 
781 3089.74 
782 2994.51 
783 2997.54 
784 2926.95 
785 2903.05 
786 2917.07 
787 3040.17 
788 138.49 
789 3090.56 
790 3120.76 
791 3073.02 
792 3233.10 
793 2917.87 
794 3071.86 
795 3085.08 
796 2917.20 
797 3064.67 
798 3108.95 
799 2978.83 
800 3062.37 
801 2997.53 
802 3079.17 
803 3049.92 
804 3086.60 
805 3094.47 
806 3067.87 
807 3002.75 
808 3103.42 
809 3069.19 
810 3130.02 
811 3002.96 
812 2917.93 
813 3013.75 
814 3180.40 
815 3132.44 
816 3039.69 
817 3046.18 
818 3111.95 
819 3129.48 
820 3184.02 
821 3088.16 
822 2843.03 
823 2989.84 
824 3033.16 
825 2995.87 
826 3086.04 
827 2957.99 
828 2968.92 
829 3090.71 
830 3009.00 
831 3021.73 
832 3130.25 
833 3072.36 
834 2893.36 
835 3149.88 
836 3068.20 
837 3017.42 
838 3102.87 
839 1494.83 
840 2988.25 
841 3129.06 
842 3030.87 
843 3029.13 
844 3106.33 
845 3054.91 
846 3041.99 
847 2983.32 
848 3021.61 
849 3021.78 
850 3050.39 
851 3036.82 
852 3014.80 
853 3175.24 
854 3052.00 
855 3012.51 
856 3001.37 
857 3169.33 
858 3125.13 
859 3131.33 
860 3168.18 
861 3100.11 
862 3063.14 
863 3044.23 
864 3010.41 
865 3157.30 
866 3116.99 
867 572.36 
868 3095.12 
869 3120.51 
870 3054.09 
871 3125.52 
872 3022.03 
873 3061.44 
874 3085.15 
875 2988.41 
876 3073.64 
877 2950.52 
878 3005.98 
879 2952.50 
880 3200.22 
881 3132.64 
882 3215.29 
883 2992.25 
884 169.70 
885 3099.04 
886 3033.99 
887 3116.69 
888 3228.05 
889 3099.36 
890 572.68 
891 3072.39 
892 3093.96 
893 258.92 
894 3045.28 
895 3034.76 
896 3110.37 
897 3136.29 
898 3067.53 
899 3065.92 
900 3026.37 
901 3017.88 
902 3073.57 
903 2313.61 
904 318.19 
905 3258.70 
906 2981.74 
907 3128.14 
908 3018.32 
909 3146.47 
910 2978.81 
911 3069.03 
912 3111.74 
913 3101.70 
914 3049.60 
915 3129.16 
916 3198.31 
917 3225.17 
918 3043.13 
919 2941.94 
920 3106.99 
921 2579.38 
922 2970.83 
923 3049.51 
924 3025.09 
925 3026.91 
926 3071.46 
927 3104.66 
928 3161.86 
929 1670.10 
930 3115.65 
931 3117.08 
932 2959.19 
933 3166.23 
934 3026.65 
935 905.16 
936 3172.06 
937 3201.85 
938 3144.86 
939 3107.49 
940 3249.68 
941 3139.44 
942 3114.65 
943 3099.32 
944 3144.23 
945 3006.79 
946 3184.09 
947 3091.72 
948 2960.69 
949 3171.91 
950 3163.54 
951 3086.20 
952 3105.02 
953 731.95 
954 3180.12 
955 3064.64 
956 3078.39 
957 3073.07 
958 2969.50 
959 3067.84 
960 3094.83 
961 3047.81 
962 3073.92 
963 3031.74 
964 3048.41 
965 2994.49 
966 3047.72 
967 3122.70 
968 3043.22 
969 3163.88 
970 3038.26 
971 3053.31 
972 3012.85 
973 3079.33 
974 3184.66 
975 3069.89 
976 3093.70 
977 3091.32 
978 3078.57 
979 3158.67 
980 3058.52 
981 3162.42 
982 3221.47 
983 3045.59 
984 3155.00 
985 2944.07 
986 3279.67 
987 3069.41 
988 3096.92 
989 3213.29 
990 3066.40 
991 2997.33 
992 3118.83 
993 2689.84 
994 3031.66 
995 3117.23 
996 3068.65 
997 2942.58 
998 2930.41 
999 3133.15 
1000 3117.50 
1001 3100.43 
1002 3100.32 
1003 1977.75 
1004 3095.65 
1005 3009.73 
1006 3054.76 
1007 3161.05 
1008 3152.01 
1009 3051.83 
1010 3024.08 
1011 2998.90 
1012 3173.85 
1013 3112.53 
1014 3107.93 
1015 3161.37 
1016 3093.40 
1017 3119.71 
1018 3133.53 
1019 3048.41 
1020 1600.85 
1021 3112.22 
1022 3120.60 
1023 3092.63 
1024 2966.84 
1025 3071.16 
1026 3068.78 
1027 3177.09 
1028 2482.32 
1029 3072.01 
1030 3110.67 
1031 3059.82 
1032 2954.05 
1033 3099.21 
1034 1101.38 
1035 2982.12 
1036 3005.00 
1037 3088.70 
1038 3089.18 
1039 3046.40 
1040 3095.06 
1041 3074.60 
1042 3087.32 
1043 3048.52 
1044 3095.70 
1045 2979.05 
1046 3158.00 
1047 2972.60 
1048 3155.97 
1049 3045.23 
1050 3120.18 
1051 3117.39 
1052 2926.75 
1053 3188.87 
1054 3030.16 
1055 3148.06 
1056 3197.94 
1057 3115.16 
1058 3054.23 
1059 3121.92 
1060 3266.48 
1061 3080.53 
1062 3034.95 
1063 3153.32 
1064 3182.23 
1065 3102.38 
1066 3060.97 
1067 3174.69 
1068 2996.21 
1069 3178.10 
1070 3081.87 
1071 3107.91 
1072 3221.45 
1073 3176.41 
1074 3081.88 
1075 3018.17 
1076 3155.92 
1077 3196.60 
1078 3155.41 
1079 3169.57 
1080 3276.79 
1081 3115.99 
1082 3075.98 
1083 3144.41 
1084 3133.14 
1085 3035.10 
1086 2987.06 
1087 3088.85 
1088 3083.57 
1089 3028.09 
1090 3133.25 
1091 3070.27 
1092 3216.76 
1093 3170.47 
1094 3185.59 
1095 3086.96 
1096 3071.29 
1097 3119.99 
1098 3033.82 
1099 3090.62 
1100 2948.99 
1101 3155.19 
1102 3104.00 
1103 3259.62 
1104 3101.64 
1105 2970.75 
1106 3007.05 
1107 3105.26 
1108 3106.27 
1109 3239.05 
1110 3156.67 
1111 3101.32 
1112 3110.45 
1113 2977.31 
1114 3139.38 
1115 3038.39 
1116 3072.34 
1117 3083.87 
1118 3124.64 
1119 3160.32 
1120 3079.29 
1121 3118.67 
1122 3063.98 
1123 3012.00 
1124 3145.13 
1125 3050.66 
1126 3096.87 
1127 3090.67 
1128 3024.68 
1129 3064.95 
1130 3075.08 
1131 1294.93 
1132 3031.56 
1133 3090.86 
1134 3027.51 
1135 3064.98 
1136 3186.26 
1137 3097.30 
1138 3147.24 
1139 3058.11 
1140 3106.01 
1141 3165.86 
1142 3099.83 
1143 3075.39 
1144 3243.78 
1145 3001.65 
1146 3132.95 
1147 3108.69 
1148 3141.26 
1149 3174.22 
1150 3247.89 
1151 3194.75 
1152 3182.09 
1153 3139.98 
1154 3068.27 
1155 3189.49 
1156 3162.94 
1157 3144.69 
1158 3151.30 
1159 3170.37 
1160 3214.26 
1161 3099.39 
1162 3207.25 
1163 3018.34 
1164 3197.88 
1165 3101.29 
1166 3139.96 
1167 1419.52 
1168 3138.84 
1169 3068.13 
1170 2985.70 
1171 3181.16 
1172 3069.54 
1173 3041.48 
1174 3139.00 
1175 3191.81 
1176 3128.64 
1177 3215.87 
1178 294.00 
1179 3015.49 
1180 3217.44 
1181 3024.78 
1182 3196.06 
1183 3162.50 
1184 3147.26 
1185 3251.66 
1186 3152.39 
1187 3130.34 
1188 3027.36 
1189 3309.95 
1190 3106.94 
1191 3146.22 
1192 3156.46 
1193 3133.01 
1194 2985.00 
1195 3157.02 
1196 2431.48 
1197 3094.57 
1198 2998.62 
1199 3119.73 
1200 3125.86 
1201 3252.20 
1202 3115.95 
1203 3134.61 
1204 3254.83 
1205 3174.02 
1206 3127.33 
1207 3008.01 
1208 3144.14 
1209 3070.68 
1210 3232.05 
1211 3065.44 
1212 3067.88 
1213 3093.78 
1214 3085.75 
1215 3015.27 
1216 3260.37 
1217 3075.31 
1218 3088.50 
1219 3207.55 
1220 3207.99 
1221 3167.62 
1222 2087.99 
1223 3138.17 
1224 2960.90 
1225 3026.33 
1226 3151.47 
1227 3062.81 
1228 2999.37 
1229 3162.58 
1230 3273.36 
1231 3166.26 
1232 3031.87 
1233 3022.54 
1234 3117.86 
1235 3232.46 
1236 3135.97 
1237 3066.98 
1238 3155.69 
1239 3082.30 
1240 3179.17 
1241 3246.89 
1242 3142.11 
1243 3244.24 
1244 3254.12 
1245 3186.26 
1246 3116.83 
1247 3230.12 
1248 3190.18 
1249 3086.62 
1250 3180.00 
1251 3083.89 
1252 3237.32 
1253 3090.83 
1254 3237.35 
1255 3139.29 
1256 3323.60 
1257 3123.61 
1258 3204.26 
1259 3246.53 
1260 3283.03 
1261 3124.03 
1262 3183.34 
1263 3338.24 
1264 3225.16 
1265 3280.45 
1266 3140.67 
1267 3290.74 
1268 3176.76 
1269 3307.11 
1270 3027.47 
1271 3179.29 
1272 3173.01 
1273 3143.99 
1274 3174.86 
1275 3249.02 
1276 3119.05 
1277 3093.96 
1278 3215.83 
1279 3277.68 
1280 3019.61 
1281 3184.60 
1282 3163.63 
1283 3273.35 
1284 3119.48 
1285 3025.45 
1286 3204.79 
1287 3190.58 
1288 3235.25 
1289 3229.19 
1290 3247.50 
1291 3197.98 
1292 3204.53 
1293 3153.58 
1294 3105.71 
1295 3197.89 
1296 3275.72 
1297 3295.43 
1298 3266.75 
1299 3159.29 
1300 3166.22 
1301 3191.35 
1302 3280.06 
1303 3199.10 
1304 3237.78 
1305 3249.19 
1306 3197.73 
1307 3134.81 
1308 3184.48 
1309 3318.83 
1310 3268.08 
1311 3167.42 
1312 3215.20 
1313 3223.01 
1314 3173.10 
1315 2383.76 
1316 3221.53 
1317 3096.06 
1318 3212.47 
1319 3296.53 
1320 3176.72 
1321 3198.90 
1322 3181.82 
1323 3108.69 
1324 3195.69 
1325 3059.00 
1326 3140.61 
1327 3212.24 
1328 3292.32 
1329 3195.81 
1330 3212.18 
1331 3237.21 
1332 3181.64 
1333 3154.36 
1334 3213.89 
1335 3143.33 
1336 3160.90 
1337 3281.07 
1338 3278.16 
1339 1974.79 
1340 3278.26 
1341 3127.43 
1342 3127.04 
1343 3204.09 
1344 3188.66 
1345 3347.07 
1346 3228.83 
1347 3215.73 
1348 3117.79 
1349 3187.43 
1350 3221.18 
1351 3191.42 
1352 3171.37 
1353 3236.89 
1354 3214.21 
1355 3256.25 
1356 3202.41 
1357 3308.54 
1358 3204.33 
1359 3353.20 
1360 3243.98 
1361 3152.83 
1362 3215.83 
1363 3126.71 
1364 3084.82 
1365 3292.62 
1366 3246.30 
1367 3206.91 
1368 3336.70 
1369 3138.84 
1370 3267.12 
1371 3123.67 
1372 3291.48 
1373 3283.90 
1374 3155.24 
1375 3266.50 
1376 3295.04 
1377 3314.42 
1378 3217.04 
1379 3286.12 
1380 3360.19 
1381 3176.58 
1382 1062.57 
1383 3124.66 
1384 3219.59 
1385 3226.49 
1386 3271.77 
1387 3248.34 
1388 3252.62 
1389 3288.09 
1390 3290.16 
1391 3173.74 
1392 3170.63 
1393 3217.14 
1394 3251.28 
1395 3205.31 
1396 3148.33 
1397 3290.62 
1398 3158.98 
1399 3219.86 
1400 3297.59 
0 3086.27 
1 3285.56 
2 3358.07 
3 3170.37 
4 3273.48 
5 3261.72 
6 3062.69 
7 3302.05 
8 3073.60 
9 3303.62 
10 3154.62 
11 3220.05 
12 3244.85 
13 3212.32 
14 3262.83 
15 3311.89 
16 3211.24 
17 3297.50 
18 3287.12 
19 3162.04 
20 3238.61 
21 3310.92 
22 3244.12 
23 3256.55 
24 3125.54 
25 3174.31 
26 3236.37 
27 3128.32 
28 3141.35 
29 3138.93 
30 3151.19 
31 3203.22 
32 3253.74 
33 3228.46 
34 3252.32 
35 3248.85 
36 3391.31 
37 3216.06 
38 2861.87 
39 3226.61 
40 3218.54 
41 3189.77 
42 3234.45 
43 3183.08 
44 3188.02 
45 3258.96 
46 3245.10 
47 3185.39 
48 3026.39 
49 3240.01 
50 3270.66 
51 3175.25 
52 1460.55 
53 3107.07 
54 3250.58 
55 3070.58 
56 3239.69 
57 3183.62 
58 3298.20 
59 3118.20 
60 3135.20 
61 3314.63 
62 3125.61 
63 3195.70 
64 3226.49 
65 3237.03 
66 3140.03 
67 3258.69 
68 3206.25 
69 3387.69 
70 3166.49 
71 3214.26 
72 3267.66 
73 3123.89 
74 3278.28 
75 1309.84 
76 3289.88 
77 3374.45 
78 3154.12 
79 3252.13 
80 3297.29 
81 3292.24 
82 3231.37 
83 3245.14 
84 3198.06 
85 3329.53 
86 3169.04 
87 3287.01 
88 3251.62 
89 3248.42 
90 3242.15 
91 3134.54 
92 3243.32 
93 3277.39 
94 3315.06 
95 3238.87 
96 3241.42 
97 3217.41 
98 3213.18 
99 3205.66 
100 3320.37 
101 3198.81 
102 3349.66 
103 3274.67 
104 3229.26 
105 3166.04 
106 3331.75 
107 3247.47 
108 3357.58 
109 3240.75 
110 3331.70 
111 3141.83 
112 3171.76 
113 3295.62 
114 3166.61 
115 3318.55 
116 3256.41 
117 3272.78 
118 3143.64 
119 3203.45 
120 3365.33 
121 3251.41 
122 3251.62 
123 3326.76 
124 3264.22 
125 3263.69 
126 3344.40 
127 3311.16 
128 3192.66 
129 3294.85 
130 3342.37 
131 3300.07 
132 3236.49 
133 3203.76 
134 2122.22 
135 3303.58 
136 2004.67 
137 3175.60 
138 3267.56 
139 3155.83 
140 3292.93 
141 3373.10 
142 3245.36 
143 3295.44 
144 3263.63 
145 3295.92 
146 3291.05 
147 3255.49 
148 3314.69 
149 3256.55 
150 3109.85 
151 3121.02 
152 3277.01 
153 3166.38 
154 3210.82 
155 3379.68 
156 3264.76 
157 3286.79 
158 3204.99 
159 3367.21 
160 3265.91 
161 3313.60 
162 3252.24 
163 3242.02 
164 3409.15 
165 3282.46 
166 3301.95 
167 3316.20 
168 3231.39 
169 3294.06 
170 3263.76 
171 3288.09 
172 3235.51 
173 3291.89 
174 3056.84 
175 3124.13 
176 3197.08 
177 337.24 
178 3324.88 
179 3159.35 
180 3180.19 
181 3257.90 
182 3309.14 
183 3240.80 
184 3249.48 
185 3275.94 
186 3393.80 
187 3276.53 
188 3135.55 
189 3142.40 
190 3314.58 
191 3101.91 
192 3331.40 
193 3281.06 
194 3073.66 
195 3190.83 
196 3297.93 
197 3364.10 
198 3362.39 
199 3200.70 
200 3276.13 
201 3231.19 
202 3279.96 
203 3263.69 
204 3313.48 
205 3228.11 
206 3231.85 
207 3223.87 
208 3294.47 
209 3179.12 
210 3319.41 
211 3245.41 
212 911.10 
213 3179.71 
214 3210.69 
215 3293.12 
216 3109.83 
217 3251.52 
218 3171.04 
219 3232.92 
220 3212.76 
221 3218.14 
222 3176.88 
223 3292.72 
224 3266.16 
225 3277.43 
226 3185.77 
227 3105.13 
228 3250.10 
229 3147.02 
230 3288.04 
231 3250.52 
232 3248.35 
233 3271.93 
234 3152.21 
235 3237.29 
236 3116.17 
237 3304.26 
238 3220.20 
239 3164.60 
240 3188.05 
241 855.50 
242 3038.04 
243 3326.72 
244 3235.78 
245 3246.78 
246 3276.29 
247 3186.88 
248 3184.39 
249 3301.87 
250 3363.05 
251 3370.90 
252 3277.13 
253 3315.51 
254 3181.74 
255 3252.36 
256 3316.80 
257 3203.58 
258 3232.71 
259 3250.93 
260 3345.29 
261 3349.69 
262 3278.76 
263 1640.23 
264 3388.44 
265 3230.99 
266 3130.10 
267 3275.61 
268 3234.84 
269 3179.99 
270 3283.33 
271 3112.27 
272 3183.52 
273 3205.95 
274 3326.20 
275 3236.81 
276 3227.68 
277 3236.25 
278 3212.99 
279 3244.61 
280 3184.34 
281 3282.91 
282 3218.17 
283 3243.38 
284 3302.64 
285 2656.10 
286 3150.77 
287 3373.48 
288 3141.84 
289 3228.72 
290 3308.45 
291 3198.10 
292 3333.60 
293 3251.25 
294 3197.14 
295 3238.24 
296 3270.65 
297 3304.26 
298 3333.07 
299 3131.08 
300 3207.25 
301 3276.13 
302 3392.06 
303 3133.44 
304 3201.91 
305 3280.94 
306 3272.40 
307 3178.45 
308 3181.13 
309 3246.84 
310 3246.72 
311 3326.84 
312 3150.80 
313 3234.31 
314 3159.14 
315 3170.23 
316 3324.49 
317 3283.18 
318 3189.64 
319 3308.21 
320 3291.31 
321 3340.40 
322 2084.43 
323 3277.77 
324 1831.77 
325 3322.08 
326 3160.66 
327 3289.06 
328 3220.63 
329 3309.79 
330 3294.89 
331 3293.14 
332 3223.65 
333 3245.92 
334 3253.10 
335 3313.70 
336 3181.19 
337 3304.23 
338 3206.31 
339 3375.96 
340 3240.14 
341 3285.90 
342 3246.42 
343 3296.69 
344 3155.16 
345 3212.72 
346 3251.25 
347 3126.27 
348 3327.01 
349 3118.92 
350 3189.48 
351 3227.48 
352 3238.39 
353 3206.17 
354 3242.92 
355 3255.25 
356 3268.91 
357 3233.31 
358 3027.22 
359 3272.02 
360 3212.97 
361 3199.18 
362 3296.51 
363 3108.30 
364 3271.86 
365 3220.24 
366 3200.62 
367 3344.78 
368 3237.38 
369 3346.18 
370 3169.54 
371 3250.17 
372 3174.42 
373 3277.83 
374 3301.47 
375 3351.83 
376 3277.94 
377 3398.34 
378 3319.06 
379 3222.69 
380 3102.51 
381 3193.91 
382 3278.23 
383 3327.87 
384 3225.06 
385 3300.48 
386 3192.84 
387 3358.20 
388 3373.86 
389 3315.13 
390 3349.71 
391 3197.02 
392 3259.23 
393 3241.13 
394 3242.92 
395 3243.83 
396 3187.69 
397 3277.49 
398 3265.70 
399 3220.62 
400 3318.92 
401 3269.20 
402 3267.10 
403 3302.07 
404 3154.60 
405 3252.90 
406 3196.04 
407 3203.55 
408 3215.57 
409 3099.59 
410 3092.27 
411 3199.11 
412 3260.37 
413 3231.99 
414 3272.30 
415 3229.38 
416 3404.21 
417 3293.11 
418 3243.49 
419 3310.61 
420 3289.98 
421 3224.60 
422 3286.95 
423 3176.83 
424 1398.05 
425 3211.33 
426 3182.22 
427 3295.97 
428 3269.22 
429 3283.97 
430 3214.68 
431 3308.82 
432 3307.66 
433 3258.53 
434 3270.44 
435 3264.54 
436 3272.70 
437 3200.48 
438 3094.25 
439 3331.78 
440 3049.09 
441 3247.09 
442 3309.34 
443 3157.03 
444 3237.12 
445 3204.26 
446 3311.30 
447 3188.98 
448 3331.33 
449 3162.17 
450 3342.54 
451 3232.55 
452 3318.48 
453 3313.43 
454 3219.38 
455 3126.71 
456 3269.93 
457 3291.12 
458 3203.18 
459 3347.92 
460 3219.87 
461 3170.33 
462 3185.86 
463 3239.95 
464 3286.81 
465 3258.45 
466 3329.06 
467 3189.84 
468 3358.90 
469 3248.65 
470 3253.42 
471 3362.62 
472 3366.12 
473 3369.86 
474 3342.15 
475 3157.24 
476 3336.99 
477 3371.61 
478 3283.54 
479 3405.35 
480 3351.52 
481 3271.85 
482 3298.82 
483 3362.46 
484 3319.67 
485 3300.19 
486 3309.57 
487 3232.42 
488 3152.38 
489 3345.50 
490 3220.56 
491 623.94 
492 3264.49 
493 3234.03 
494 3323.34 
495 3332.73 
496 3164.84 
497 3318.62 
498 3269.30 
499 3232.39 
500 3198.16 
501 3462.97 
502 3169.43 
503 3288.21 
504 3322.20 
505 3290.58 
506 3243.76 
507 3364.07 
508 3366.74 
509 2114.85 
510 3187.18 
511 3252.59 
512 3321.15 
513 3180.52 
514 3335.79 
515 3325.81 
516 3234.18 
517 3095.91 
518 3230.72 
519 3336.63 
520 3291.78 
521 3168.25 
522 3168.94 
523 3382.78 
524 3238.82 
525 3144.20 
526 3291.79 
527 3217.30 
528 3184.57 
529 3337.83 
530 3394.57 
531 3204.21 
532 3312.44 
533 3303.01 
534 3245.73 
535 3372.48 
536 3112.05 
537 3362.00 
538 3228.68 
539 3312.40 
540 3239.06 
541 3366.14 
542 3252.33 
543 3177.57 
544 3339.75 
545 3269.34 
546 3185.78 
547 3360.61 
548 3336.45 
549 3301.74 
550 3226.67 
551 3209.94 
552 3416.89 
553 3307.24 
554 3267.78 
555 3280.89 
556 3410.58 
557 3218.50 
558 3214.22 
559 3203.20 
560 3265.35 
561 3211.58 
562 3227.67 
563 3308.02 
564 3237.79 
565 3370.05 
566 3118.07 
567 3063.02 
568 3422.02 
569 3282.55 
570 3168.72 
571 3318.61 
572 3287.81 
573 3380.47 
574 3436.68 
575 3243.42 
576 3178.44 
577 3304.41 
578 3292.24 
579 3281.93 
580 3234.98 
581 3174.75 
582 3307.39 
583 3429.10 
584 3167.59 
585 3309.19 
586 3166.28 
587 3173.44 
588 3341.69 
589 3338.57 
590 3292.66 
591 3270.88 
592 3310.25 
593 3189.63 
594 3104.47 
595 3242.03 
596 3276.37 
597 3147.84 
598 3293.41 
599 3286.18 
600 3289.51 
601 3159.38 
602 3219.91 
603 3281.68 
604 3225.69 
605 3119.81 
606 3239.26 
607 3367.43 
608 3361.19 
609 3260.56 
610 3153.56 
611 3281.12 
612 3218.27 
613 3217.59 
614 3408.81 
615 1906.18 
616 3214.44 
617 3271.94 
618 3317.56 
619 3218.48 
620 3328.98 
621 3280.45 
622 3121.02 
623 3176.25 
624 3303.42 
625 3191.17 
626 3363.33 
627 3171.95 
628 3165.53 
629 3276.89 
630 3264.78 
631 3390.63 
632 3157.47 
633 3241.01 
634 3344.89 
635 3303.48 
636 3293.57 
637 3223.36 
638 3120.20 
639 3340.56 
640 3184.09 
641 3309.91 
642 3271.60 
643 3166.90 
644 3211.23 
645 3322.37 
646 3230.09 
647 3225.74 
648 3228.75 
649 3154.48 
650 3305.67 
651 3259.60 
652 3325.20 
653 3193.04 
654 3287.73 
655 3294.37 
656 3260.73 
657 3218.28 
658 3260.79 
659 3299.08 
660 3218.03 
661 -186.31 
662 3323.39 
663 3275.97 
664 3194.64 
665 3298.34 
666 3259.26 
667 3245.90 
668 3359.13 
669 3238.43 
670 3194.65 
671 3333.67 
672 3335.23 
673 3293.70 
674 3335.75 
675 3268.03 
676 3301.18 
677 3318.38 
678 3213.87 
679 3216.00 
680 3311.56 
681 3355.54 
682 3273.32 
683 3284.58 
684 3294.60 
685 3158.99 
686 3230.38 
687 3243.90 
688 3231.58 
689 3237.06 
690 3218.97 
691 3220.12 
692 3222.36 
693 3263.88 
694 3397.41 
695 3228.69 
696 3309.71 
697 3257.92 
698 3361.24 
699 3303.64 
700 3249.51 
701 3278.55 
702 3298.85 
703 3272.10 
704 3108.79 
705 3256.50 
706 3224.93 
707 3226.15 
708 3283.15 
709 3217.82 
710 3194.83 
711 3360.36 
712 3221.16 
713 3215.75 
714 3318.34 
715 3323.22 
716 3279.73 
717 3368.16 
718 3281.90 
719 3297.55 
720 3309.78 
721 3164.46 
722 3334.02 
723 3194.83 
724 2296.37 
725 3384.82 
726 3135.39 
727 3252.04 
728 3395.26 
729 3334.75 
730 3165.00 
731 3293.24 
732 3268.23 
733 3275.01 
734 3335.75 
735 3187.97 
736 3351.68 
737 3344.77 
738 3373.21 
739 3377.32 
740 3259.89 
741 3201.78 
742 3286.94 
743 3193.11 
744 3293.48 
745 3313.50 
746 3373.02 
747 3260.28 
748 3316.63 
749 3306.15 
750 3276.79 
751 3247.36 
752 3372.63 
753 3195.82 
754 3152.23 
755 3297.71 
756 3403.91 
757 3290.10 
758 3180.65 
759 3244.94 
760 3284.21 
761 3335.51 
762 3439.23 
763 3218.99 
764 3352.89 
765 3229.74 
766 3208.55 
767 3370.67 
768 3234.22 
769 3238.33 
770 3323.90 
771 3063.46 
772 3271.50 
773 3260.54 
774 3257.87 
775 3368.84 
776 3266.32 
777 3332.26 
778 3303.35 
779 3087.45 
780 3212.98 
781 3366.86 
782 3268.94 
783 3360.70 
784 3269.60 
785 3379.76 
786 3309.34 
787 2635.53 
788 3295.38 
789 3306.46 
790 3321.26 
791 3281.43 
792 3190.48 
793 3225.55 
794 3274.25 
795 3355.68 
796 3325.63 
797 3257.89 
798 3315.35 
799 3223.97 
800 3230.18 
801 3384.26 
802 3265.92 
803 3245.86 
804 3301.75 
805 3175.39 
806 3255.45 
807 3322.94 
808 3310.55 
809 3385.46 
810 2730.05 
811 3288.93 
812 3347.70 
813 3273.67 
814 3156.28 
815 3299.84 
816 3153.20 
817 3283.45 
818 3334.71 
819 3159.07 
820 3228.11 
821 3331.76 
822 2994.57 
823 3249.49 
824 3254.95 
825 3384.79 
826 3345.02 
827 3286.23 
828 3214.67 
829 3136.57 
830 3258.02 
831 3324.51 
832 3296.76 
833 3183.17 
834 3362.47 
835 3183.17 
836 3258.04 
837 3350.74 
838 3370.65 
839 3203.43 
840 3262.88 
841 3220.97 
842 3285.87 
843 3340.42 
844 3295.66 
845 3341.63 
846 3242.83 
847 3323.85 
848 3247.31 
849 3353.95 
850 3273.98 
851 3373.87 
852 3227.81 
853 3307.38 
854 971.42 
855 3183.92 
856 3099.26 
857 3347.45 
858 3168.59 
859 3425.37 
860 3405.78 
861 3266.00 
862 3252.08 
863 3232.49 
864 3247.38 
865 3314.66 
866 3339.82 
867 3207.50 
868 3252.72 
869 3215.63 
870 3286.87 
871 3367.83 
872 3349.07 
873 3356.75 
874 3194.22 
875 3405.75 
876 3369.83 
877 3175.31 
878 3191.21 
879 3342.75 
880 3360.31 
881 3262.13 
882 3284.05 
883 3280.44 
884 3363.83 
885 2134.28 
886 3272.17 
887 3249.99 
888 3211.07 
889 3257.82 
890 3264.74 
891 3360.76 
892 3135.48 
893 3235.11 
894 3120.21 
895 3115.59 
896 3324.23 
897 3240.74 
898 3239.51 
899 3187.73 
900 3373.89 
901 912.92 
902 3196.45 
903 3238.61 
904 3269.53 
905 3227.74 
906 3376.22 
907 3287.79 
908 3304.12 
909 3434.88 
910 3302.77 
911 3327.31 
912 3386.14 
913 3229.83 
914 3310.93 
915 3229.19 
916 3287.51 
917 3267.45 
918 3511.11 
919 3340.72 
920 3283.28 
921 3266.68 
922 3258.24 
923 3269.34 
924 3301.52 
925 3326.77 
926 3270.54 
927 3363.82 
928 3312.13 
929 3284.82 
930 3333.42 
931 3320.55 
932 3257.29 
933 3233.62 
934 3340.95 
935 3195.38 
936 3150.75 
937 3239.53 
938 3273.91 
939 3177.85 
940 3203.94 
941 3278.11 
942 3385.50 
943 3285.55 
944 3289.70 
945 3302.67 
946 3331.31 
947 3270.16 
948 3185.88 
949 3311.54 
950 3360.83 
951 201.27 
952 3184.06 
953 3443.48 
954 3300.74 
955 3307.23 
956 3290.36 
957 3393.43 
958 3288.28 
959 3087.70 
960 3329.79 
961 3344.99 
962 3306.37 
963 3234.69 
964 3222.44 
965 3210.80 
966 3349.71 
967 268.61 
968 3210.96 
969 3397.88 
970 3234.94 
971 3238.92 
972 19.75 
973 3219.70 
974 3278.83 
975 3307.25 
976 3314.12 
977 3142.61 
978 2081.94 
979 3220.54 
980 1819.29 
981 3289.76 
982 3133.01 
983 3322.03 
984 3297.47 
985 3333.75 
986 3230.37 
987 3206.57 
988 519.12 
989 3319.37 
990 3385.58 
991 3348.44 
992 3292.66 
993 3286.11 
994 3475.47 
995 3227.77 
996 3237.13 
997 3286.49 
998 3316.33 
999 3156.97 
1000 3250.93 
1001 3320.05 
1002 3369.38 
1003 3321.18 
1004 3282.36 
1005 3276.99 
1006 3211.82 
1007 3262.07 
1008 3220.76 
1009 3334.88 
1010 3370.85 
1011 3252.48 
1012 3269.89 
1013 3225.98 
1014 3202.24 
1015 3273.05 
1016 3354.48 
1017 3316.98 
1018 3248.53 
1019 3288.90 
1020 3336.86 
1021 3352.71 
1022 3332.26 
1023 3329.77 
1024 3305.24 
1025 3395.19 
1026 3229.72 
1027 3136.51 
1028 3246.08 
1029 3147.28 
1030 3250.07 
1031 3312.85 
1032 3322.28 
1033 3253.12 
1034 1138.65 
1035 3259.85 
1036 3347.51 
1037 3237.94 
1038 3219.62 
1039 3317.61 
1040 3358.07 
1041 3333.51 
1042 3206.05 
1043 3313.18 
1044 3296.71 
1045 3238.26 
1046 3386.94 
1047 3239.55 
1048 3452.34 
1049 3169.97 
1050 3286.71 
1051 3227.99 
1052 3344.36 
1053 3274.00 
1054 3353.86 
1055 3321.16 
1056 531.35 
1057 3315.17 
1058 3338.64 
1059 3222.41 
1060 3355.75 
1061 3345.08 
1062 3423.86 
1063 3358.69 
1064 3263.47 
1065 3316.00 
1066 3204.84 
1067 3272.01 
1068 3341.36 
1069 3209.94 
1070 3238.00 
1071 3227.69 
1072 3233.43 
1073 3260.69 
1074 3432.77 
1075 3279.71 
1076 3274.31 
1077 3425.36 
1078 3370.76 
1079 3309.67 
1080 3267.57 
1081 3344.00 
1082 3268.26 
1083 3312.37 
1084 3365.27 
1085 3184.59 
1086 3196.30 
1087 3291.07 
1088 3153.61 
1089 3296.57 
1090 3202.99 
1091 3284.30 
1092 3190.62 
1093 3390.66 
1094 3273.51 
1095 3207.55 
1096 3331.57 
1097 3217.78 
1098 3221.99 
1099 3377.45 
1100 3334.82 
1101 3232.03 
1102 3294.06 
1103 2054.64 
1104 3436.27 
1105 3287.31 
1106 3173.93 
1107 3383.13 
1108 3373.29 
1109 3258.56 
1110 3361.93 
1111 3142.39 
1112 3323.02 
1113 3379.34 
1114 3335.54 
1115 3212.93 
1116 3440.98 
1117 3235.68 
1118 3377.12 
1119 3212.69 
1120 3301.37 
1121 3313.59 
1122 3323.93 
1123 3079.77 
1124 3362.09 
1125 3329.72 
1126 3296.11 
1127 3446.38 
1128 3304.91 
1129 3368.25 
1130 3189.84 
1131 3365.16 
1132 3344.27 
1133 3335.58 
1134 536.62 
1135 3346.14 
1136 3304.54 
1137 3342.51 
1138 3338.77 
1139 3364.26 
1140 3233.47 
1141 189.46 
1142 3332.04 
1143 3332.29 
1144 3232.61 
1145 3303.42 
1146 3400.95 
1147 3258.48 
1148 3333.40 
1149 3315.64 
1150 3335.25 
1151 3373.01 
1152 2660.34 
1153 3343.26 
1154 3348.55 
1155 3236.81 
1156 3219.96 
1157 3189.65 
1158 3396.31 
1159 3328.88 
1160 3439.02 
1161 3322.74 
1162 3427.92 
1163 3220.37 
1164 3418.84 
1165 3301.13 
1166 3366.90 
1167 3313.51 
1168 3240.04 
1169 3246.43 
1170 3267.23 
1171 3261.39 
1172 3312.80 
1173 3235.38 
1174 3340.70 
1175 3441.45 
1176 3514.08 
1177 3283.38 
1178 3303.28 
1179 3230.31 
1180 3238.34 
1181 3321.23 
1182 3384.10 
1183 3363.12 
1184 3401.46 
1185 3403.28 
1186 3151.54 
1187 3396.22 
1188 3452.70 
1189 3507.51 
1190 3261.99 
1191 1912.42 
1192 3180.40 
1193 3238.01 
1194 3359.62 
1195 3465.02 
1196 3290.75 
1197 3305.17 
1198 3425.66 
1199 3410.81 
1200 3389.38 
1201 3266.30 
1202 3435.77 
1203 3320.80 
1204 3327.09 
1205 3402.98 
1206 3323.95 
1207 3395.20 
1208 3262.96 
1209 3405.97 
1210 3324.24 
1211 3353.96 
1212 3324.06 
1213 3445.18 
1214 3232.97 
1215 3500.57 
1216 3295.94 
1217 3372.23 
0 3360.91 
1 3224.07 
2 3414.31 
3 3373.22 
4 3409.67 
5 3440.76 
6 3315.83 
7 3423.89 
8 3333.56 
9 3221.61 
10 3308.79 
11 3240.05 
12 3338.72 
13 3330.46 
14 3231.54 
15 3219.86 
16 3269.46 
17 3330.50 
18 3286.03 
19 3303.86 
20 3324.46 
21 3330.87 
22 3328.29 
23 3380.84 
24 3438.64 
25 3285.84 
26 3284.71 
27 3191.11 
28 3304.37 
29 3354.66 
30 3374.01 
31 3364.65 
32 3304.24 
33 3405.60 
34 3322.83 
35 3377.64 
36 3491.14 
37 3268.16 
38 3195.40 
39 3226.34 
40 3329.61 
41 3382.17 
42 3353.53 
43 3259.05 
44 3356.41 
45 3318.24 
46 3362.71 
47 3395.44 
48 1462.23 
49 3390.85 
50 3238.30 
51 3395.61 
52 3375.32 
53 3404.88 
54 3332.37 
55 3361.21 
56 3341.53 
57 3363.09 
58 3290.29 
59 3369.89 
60 3226.71 
61 3237.57 
62 3324.57 
63 3360.39 
64 3261.60 
65 3300.49 
66 -219.31 
67 3358.39 
68 3297.78 
69 3248.21 
70 3343.37 
71 3324.89 
72 3389.59 
73 3324.66 
74 3324.48 
75 3290.10 
76 3261.68 
77 3331.42 
78 3441.92 
79 3350.24 
80 3434.29 
81 3392.29 
82 3437.14 
83 3364.30 
84 3431.66 
85 3294.50 
86 3426.28 
87 3175.75 
88 3197.41 
89 3247.78 
90 3351.69 
91 3345.88 
92 3459.35 
93 2086.55 
94 3266.84 
95 3417.46 
96 3401.99 
97 3347.32 
98 3280.49 
99 3522.61 
100 3234.96 
101 3329.36 
102 3331.06 
103 3426.53 
104 3286.29 
105 3345.38 
106 3410.97 
107 3409.30 
108 3334.76 
109 3390.11 
110 3261.87 
111 3444.18 
112 3337.63 
113 3384.58 
114 3215.26 
115 3416.86 
116 3304.94 
117 3334.79 
118 3272.18 
119 3392.18 
120 3306.81 
121 3398.42 
122 3385.47 
123 -120.59 
124 3370.25 
125 3229.80 
126 3362.91 
127 3255.89 
128 3297.65 
129 3190.35 
130 3253.41 
131 3417.91 
132 3321.55 
133 3329.03 
134 3326.91 
135 3339.21 
136 3350.82 
137 3360.58 
138 3261.80 
139 3297.35 
140 3295.63 
141 3406.07 
142 3346.95 
143 3303.36 
144 3371.33 
145 3310.97 
146 3340.34 
147 3216.89 
148 3205.44 
149 3315.90 
150 3363.67 
151 3285.13 
152 3301.61 
153 3241.63 
154 3421.60 
155 3243.04 
156 3392.29 
157 3384.04 
158 3336.72 
159 3388.73 
160 3402.20 
161 3428.40 
162 3388.81 
163 3355.52 
164 3223.29 
165 3313.82 
166 3277.29 
167 3298.42 
168 3369.83 
169 3384.11 
170 3369.64 
171 3362.32 
172 3362.64 
173 3229.18 
174 3152.78 
175 3165.27 
176 3235.50 
177 3327.15 
178 3318.05 
179 3247.19 
180 3275.34 
181 3235.12 
182 3279.89 
183 3370.53 
184 3307.58 
185 3277.03 
186 3316.39 
187 3422.40 
188 3335.79 
189 3398.33 
190 3368.39 
191 3197.23 
192 3165.62 
193 3256.78 
194 3235.15 
195 3398.41 
196 3338.31 
197 3429.33 
198 3361.55 
199 3351.47 
200 3378.39 
201 3293.53 
202 3347.17 
203 3243.23 
204 3310.47 
205 3433.16 
206 3308.58 
207 3333.51 
208 3377.32 
209 1560.45 
210 3224.84 
211 3346.68 
212 3430.77 
213 1102.25 
214 3444.98 
215 3479.06 
216 3445.51 
217 3324.15 
218 3363.39 
219 3345.01 
220 3281.37 
221 3226.93 
222 3355.81 
223 3248.74 
224 3316.99 
225 3299.11 
226 3385.11 
227 3418.17 
228 3349.35 
229 3373.51 
230 3324.12 
231 3357.48 
232 3312.52 
233 3434.12 
234 3343.77 
235 3307.58 
236 3353.58 
237 3314.20 
238 3362.55 
239 3363.46 
240 1696.30 
241 3375.18 
242 3316.56 
243 3183.16 
244 3323.35 
245 3357.72 
246 3325.00 
247 3421.81 
248 3400.48 
249 3379.07 
250 3365.98 
251 3212.48 
252 3414.47 
253 3438.13 
254 3279.42 
255 3318.14 
256 3347.32 
257 3344.75 
258 3453.19 
259 3323.62 
260 3324.24 
261 3206.10 
262 3414.74 
263 3326.38 
264 3280.72 
265 3358.88 
266 3340.48 
267 3453.30 
268 3254.55 
269 3394.12 
270 3355.92 
271 3394.35 
272 3452.86 
273 3302.38 
274 3522.78 
275 3305.30 
276 3397.27 
277 3321.21 
278 3286.49 
279 3405.20 
280 3393.85 
281 3359.90 
282 3200.20 
283 3267.23 
284 3294.31 
285 3306.89 
286 3267.50 
287 3321.65 
288 3432.04 
289 3318.60 
290 3210.47 
291 3386.11 
292 3243.08 
293 3303.45 
294 3306.69 
295 3354.99 
296 3247.36 
297 3322.73 
298 3333.47 
299 3357.76 
300 3384.95 
301 3394.70 
302 3417.59 
303 3347.94 
304 3263.07 
305 3268.21 
306 3435.06 
307 3343.50 
308 3303.63 
309 3372.74 
310 3325.29 
311 3290.94 
312 3378.03 
313 3305.76 
314 3377.13 
315 3281.14 
316 3309.23 
317 3362.98 
318 3352.13 
319 3507.46 
320 3455.19 
321 3352.21 
322 3380.99 
323 3321.16 
324 3393.13 
325 3418.93 
326 3364.06 
327 3375.14 
328 3344.44 
329 3455.95 
330 3358.61 
331 3320.42 
332 3389.22 
333 3259.16 
334 3275.35 
335 3241.36 
336 3264.37 
337 3287.35 
338 3230.83 
339 3269.39 
340 3370.98 
341 3337.27 
342 3243.72 
343 3341.95 
344 3323.33 
345 3307.96 
346 3415.89 
347 3206.34 
348 3391.59 
349 3283.29 
350 3329.16 
351 3277.33 
352 3206.13 
353 3336.60 
354 3201.93 
355 1496.09 
356 3334.80 
357 1999.01 
358 3378.31 
359 3253.60 
360 3315.83 
361 3325.36 
362 3303.13 
363 3345.40 
364 3354.65 
365 3413.47 
366 3377.51 
367 3320.08 
368 3441.51 
369 3356.61 
370 471.63 
371 3423.43 
372 1910.52 
373 3457.43 
374 3292.36 
375 3509.22 
376 3134.38 
377 3330.89 
378 3299.35 
379 3291.84 
380 974.65 
381 3392.59 
382 3357.41 
383 3422.04 
384 3221.40 
385 1199.01 
386 3265.61 
387 3296.55 
388 3428.14 
389 3311.54 
390 3366.01 
391 3304.35 
392 3329.69 
393 3382.37 
394 3326.54 
395 3381.65 
396 3258.04 
397 3393.90 
398 2485.39 
399 3387.83 
400 3334.37 
401 3435.83 
402 3278.32 
403 3424.21 
404 3300.98 
405 3351.46 
406 3270.00 
407 3389.57 
408 3265.18 
409 3329.63 
410 3389.27 
411 3343.93 
412 3172.36 
413 3449.53 
414 3195.94 
415 3335.63 
416 3396.28 
417 3271.98 
418 3443.27 
419 3380.72 
420 3356.04 
421 3342.54 
422 3305.87 
423 3388.72 
424 3411.74 
425 3359.42 
426 3371.50 
427 3276.45 
428 3310.54 
429 3399.80 
430 3384.11 
431 3405.64 
432 3343.55 
433 426.43 
434 3412.85 
435 922.67 
436 3297.56 
437 3217.68 
438 3263.43 
439 3298.39 
440 3390.00 
441 3309.92 
442 3403.44 
443 3065.25 
444 3104.47 
445 3336.31 
446 3391.84 
447 3354.67 
448 3364.27 
449 3356.30 
450 3283.86 
451 3328.33 
452 3357.30 
453 3282.78 
454 155.27 
455 3308.48 
456 2938.78 
457 3361.80 
458 3430.88 
459 3374.49 
460 3324.62 
461 3320.40 
462 3374.97 
463 3350.15 
464 3329.31 
465 316.15 
466 3358.01 
467 3300.07 
468 3275.99 
469 3258.66 
470 3322.87 
471 3183.09 
472 3256.84 
473 3329.45 
474 3246.26 
475 3342.10 
476 3267.16 
477 2443.39 
478 3315.83 
479 3285.83 
480 3313.55 
481 3327.91 
482 3415.47 
483 3259.99 
484 3449.97 
485 2201.60 
486 3225.69 
487 3373.38 
488 3361.92 
489 3326.21 
490 3463.91 
491 3334.54 
492 3476.53 
493 3347.52 
494 3365.88 
495 3400.24 
496 3410.36 
497 3318.66 
498 3304.44 
499 3384.86 
500 3259.34 
501 3359.76 
502 3314.31 
503 3351.77 
504 3387.62 
505 3361.31 
506 3405.87 
507 3335.03 
508 3330.11 
509 3359.82 
510 3387.67 
511 3422.07 
512 3367.89 
513 3297.02 
514 3302.72 
515 3319.97 
516 3400.17 
517 3416.95 
518 3407.02 
519 3375.78 
520 3390.57 
521 3447.57 
522 3399.40 
523 3254.00 
524 3371.42 
525 3380.21 
526 3397.58 
527 3228.90 
528 3221.83 
529 3391.05 
530 3308.86 
531 3351.08 
532 3413.92 
533 3214.52 
534 3414.63 
535 3289.75 
536 3439.76 
537 3374.88 
538 3392.43 
539 3339.93 
540 3386.13 
541 3458.58 
542 3273.00 
543 1925.63 
544 3437.67 
545 3378.92 
546 3399.59 
547 985.90 
548 3376.19 
549 3336.74 
550 3478.81 
551 3281.58 
552 3343.42 
553 3439.29 
554 3395.90 
555 3326.07 
556 3300.44 
557 3431.00 
558 3384.45 
559 3273.32 
560 3425.33 
561 3362.73 
562 3266.22 
563 3412.67 
564 3470.95 
565 3340.33 
566 3339.39 
567 1961.54 
568 3306.84 
569 3319.66 
570 3302.92 
571 3298.19 
572 3433.92 
573 3437.65 
574 3333.42 
575 3246.04 
576 3456.98 
577 3354.50 
578 3295.35 
579 3265.24 
580 3416.36 
581 3340.37 
582 3338.31 
583 3334.55 
584 3396.88 
585 3353.88 
586 3411.19 
587 3368.47 
588 3305.94 
589 3265.03 
590 3450.83 
591 3315.70 
592 3410.15 
593 3441.09 
594 3349.52 
595 3306.38 
596 3316.05 
597 3281.95 
598 861.38 
599 3361.93 
600 3380.32 
601 3260.75 
602 3506.89 
603 3276.25 
604 3433.73 
605 3479.59 
606 3443.91 
607 3413.64 
608 3427.33 
609 3360.43 
610 3442.79 
611 3500.75 
612 3416.14 
613 3284.29 
614 3420.86 
615 3503.33 
616 3376.34 
617 3398.26 
618 3492.52 
619 3329.02 
620 3370.68 
621 3488.94 
622 3281.48 
623 3356.99 
624 3390.22 
625 3351.93 
626 3352.22 
627 3352.57 
628 3408.98 
629 3392.95 
630 1533.82 
631 3323.92 
632 3397.13 
633 3231.04 
634 3448.46 
635 3270.27 
636 3366.88 
637 3369.88 
638 3364.09 
639 3283.72 
640 3392.65 
641 3402.41 
642 3391.71 
643 3400.03 
644 3314.91 
645 3440.55 
646 3320.95 
647 3273.85 
648 3270.50 
649 3418.54 
650 3376.03 
651 3394.41 
652 3358.38 
653 3348.31 
654 3320.41 
655 3281.14 
656 3276.94 
657 3310.11 
658 3481.43 
659 3297.25 
660 3439.42 
661 3383.81 
662 3397.00 
663 3359.78 
664 3267.61 
665 3390.58 
666 3327.45 
667 3310.59 
668 3415.64 
669 3278.85 
670 3354.01 
671 3205.15 
672 3350.67 
673 3402.88 
674 3317.60 
675 3307.43 
676 3453.56 
677 3457.55 
678 3331.17 
679 3320.40 
680 3347.98 
681 3309.53 
682 3258.77 
683 2580.92 
684 3398.26 
685 3312.56 
686 3240.86 
687 3215.15 
688 3325.25 
689 3334.84 
690 3344.09 
691 3416.54 
692 3331.59 
693 3367.18 
694 3257.34 
695 3272.66 
696 3338.25 
697 3280.99 
698 3297.18 
699 3270.05 
700 3361.72 
701 3379.02 
702 3410.39 
703 3429.72 
704 3516.18 
705 3403.47 
706 3370.47 
707 3399.62 
708 3412.93 
709 3301.66 
710 3381.51 
711 3513.79 
712 3202.94 
713 3376.59 
714 3390.20 
715 3446.66 
716 3393.35 
717 3320.45 
718 3426.48 
719 3496.84 
720 3390.99 
721 3427.91 
722 3424.43 
723 3322.06 
724 3428.72 
725 3388.29 
726 3326.08 
727 3309.12 
728 3290.35 
729 3266.72 
730 3400.87 
731 3385.18 
732 3332.47 
733 3351.34 
734 3388.54 
735 3429.97 
736 3381.63 
737 3389.41 
738 3375.14 
739 3362.79 
740 3291.22 
741 3238.82 
742 3392.66 
743 3272.25 
744 3319.38 
745 3306.82 
746 3459.51 
747 3331.36 
748 3352.54 
749 1297.54 
750 3353.87 
751 3289.80 
752 3358.53 
753 3398.18 
754 3439.07 
755 3208.24 
756 3530.59 
757 3463.07 
758 3414.73 
759 3420.91 
760 3235.32 
761 3313.57 
762 3366.85 
763 3468.97 
764 177.72 
765 3448.03 
766 3367.02 
767 3307.25 
768 3365.40 
769 3463.16 
770 687.53 
771 3324.91 
772 3344.37 
773 3375.37 
774 3517.53 
775 3449.73 
776 3417.78 
777 3457.36 
778 3395.90 
779 3368.92 
780 3273.93 
781 3276.29 
782 3421.14 
783 3384.36 
784 3379.06 
785 3379.13 
786 3307.88 
787 3283.34 
788 3429.38 
789 3353.08 
790 727.80 
791 3423.61 
792 3395.88 
793 3182.47 
794 3355.32 
795 3282.17 
796 3232.40 
797 3295.91 
798 3440.08 
799 3407.36 
800 2149.87 
801 3361.77 
802 3400.30 
803 3359.73 
804 3298.94 
805 3427.49 
806 3344.01 
807 3336.63 
808 3277.17 
809 3377.45 
810 3334.98 
811 3374.89 
812 3254.88 
813 3405.98 
814 3248.29 
815 3380.46 
816 3283.11 
817 3385.59 
818 3250.17 
819 3448.54 
820 3341.30 
821 3358.33 
822 3380.17 
823 3462.81 
824 3334.26 
825 3336.78 
826 3352.86 
827 607.19 
828 3284.45 
829 3491.27 
830 3354.21 
831 3333.25 
832 3353.74 
833 3455.89 
834 3404.67 
835 3387.75 
836 3384.79 
837 3349.97 
838 3354.34 
839 3437.81 
840 3437.75 
841 3328.81 
842 3352.33 
843 3496.54 
844 3389.54 
845 3378.91 
846 3353.82 
847 3491.35 
848 3422.93 
849 3349.60 
850 3188.22 
851 3192.54 
852 2889.02 
853 3288.50 
854 3425.90 
855 3332.85 
856 3403.10 
857 3414.05 
858 3372.82 
859 3269.04 
860 3333.83 
861 3410.81 
862 3432.05 
863 3400.54 
864 3458.83 
865 3301.83 
866 3458.88 
867 3254.98 
868 3372.84 
869 3312.68 
870 3417.04 
871 3417.44 
872 3479.30 
873 3302.69 
874 3494.73 
875 3362.26 
876 3404.71 
877 3462.28 
878 3440.24 
879 3311.54 
880 3329.47 
881 3285.75 
882 3312.73 
883 3329.82 
884 3235.39 
885 3359.49 
886 3434.31 
887 3330.70 
888 3420.06 
889 3370.65 
890 3445.53 
891 3408.87 
892 3378.29 
893 3349.47 
894 3325.72 
895 3433.60 
896 3418.79 
897 3278.57 
898 3413.81 
899 3299.36 
900 3283.18 
901 3244.96 
902 3420.97 
903 3454.20 
904 3417.77 
905 3423.34 
906 3346.38 
907 3269.51 
908 3439.78 
909 3351.45 
910 3253.52 
911 3369.93 
912 3295.78 
913 3251.61 
914 3402.85 
915 3337.69 
916 3251.73 
917 3329.71 
918 3379.52 
919 3400.63 
920 3235.95 
921 3399.38 
922 3316.03 
923 3199.59 
924 3313.89 
925 3361.47 
926 3443.65 
927 3343.86 
928 641.91 
929 3269.65 
930 3396.55 
931 3386.80 
932 3325.87 
933 3457.53 
934 3418.38 
935 3277.52 
936 3308.50 
937 3389.53 
938 3480.28 
939 3543.69 
940 3447.78 
941 3482.59 
942 3418.72 
943 3333.89 
944 3454.03 
945 3404.77 
946 3334.84 
947 3409.08 
948 3516.69 
949 3354.33 
950 3444.40 
951 3425.08 
952 3465.21 
953 3382.12 
954 3416.16 
955 3379.70 
956 3266.86 
957 3336.47 
958 3385.25 
959 3466.98 
960 3388.16 
961 3319.85 
962 3470.36 
963 3475.62 
964 3311.80 
965 3277.76 
966 3252.39 
967 3379.50 
968 3344.44 
969 3412.90 
970 3397.01 
971 3349.01 
972 3369.91 
973 3504.95 
974 3274.34 
975 3372.48 
976 3360.19 
977 3348.98 
978 3274.59 
979 3316.18 
980 3378.41 
981 3428.02 
982 3436.74 
983 3351.29 
984 233.26 
985 3389.44 
986 3314.93 
987 3317.77 
988 3413.03 
989 3410.61 
990 3452.25 
991 3295.69 
992 3331.42 
993 3428.09 
994 3241.45 
995 3401.25 
996 3447.45 
997 3287.30 
998 3362.09 
999 3480.98 
1000 3414.27 
1001 3404.10 
1002 3397.73 
1003 3354.18 
1004 3514.70 
1005 3389.95 
1006 3400.90 
1007 3313.92 
1008 3436.35 
1009 3296.92 
1010 3265.77 
1011 3348.33 
1012 3400.37 
1013 3393.81 
1014 3338.30 
1015 3444.11 
1016 3395.80 
1017 3382.37 
1018 3391.23 
1019 1727.64 
1020 3371.81 
1021 3362.89 
1022 3424.75 
1023 3470.48 
1024 3346.36 
1025 3281.12 
1026 3353.01 
1027 3453.43 
1028 3249.43 
1029 3422.06 
1030 3424.30 
1031 3369.83 
1032 3408.82 
1033 3520.39 
1034 3356.30 
1035 3441.47 
1036 3358.35 
1037 3513.35 
1038 3322.73 
1039 3351.24 
1040 3397.17 
1041 3309.77 
1042 3311.14 
1043 3374.90 
1044 3511.80 
1045 3283.60 
1046 3276.57 
1047 3231.71 
1048 3449.27 
1049 3423.40 
1050 3244.27 
1051 3295.99 
1052 3365.16 
1053 3382.90 
1054 3290.49 
1055 3313.16 
1056 3448.16 
1057 3199.38 
1058 3398.63 
1059 3313.76 
1060 3421.61 
1061 3388.05 
1062 3271.75 
1063 3328.69 
1064 3334.48 
1065 3439.43 
1066 3474.12 
1067 3301.91 
1068 3472.85 
1069 3310.32 
1070 3370.44 
1071 3260.22 
1072 3364.38 
1073 3328.38 
1074 3448.11 
1075 3292.51 
1076 3384.22 
1077 3348.14 
1078 3468.25 
1079 3309.26 
1080 3378.63 
1081 3350.67 
1082 3314.71 
1083 3378.00 
1084 2082.39 
1085 3427.61 
1086 3422.82 
1087 3394.17 
1088 3335.58 
1089 3416.77 
1090 3201.82 
1091 3376.67 
1092 3393.09 
1093 3303.51 
1094 3345.77 
1095 3412.94 
1096 3342.16 
1097 3492.33 
1098 3400.01 
1099 3358.50 
1100 3428.07 
1101 3279.64 
1102 649.29 
1103 3357.18 
1104 3261.17 
1105 3371.11 
1106 3433.77 
1107 3311.88 
1108 3450.32 
1109 3401.57 
1110 3381.17 
1111 3474.90 
1112 3311.74 
1113 3315.45 
1114 3324.25 
1115 3323.26 
1116 3455.33 
1117 3515.71 
1118 3352.32 
1119 3471.70 
1120 3436.65 
1121 3386.40 
1122 3371.39 
1123 3363.79 
1124 3297.89 
1125 3436.83 
1126 3379.44 
1127 3379.22 
1128 3295.42 
1129 3398.61 
1130 3305.55 
1131 3378.85 
1132 3348.12 
1133 3488.33 
1134 3523.14 
1135 3385.88 
1136 3428.27 
1137 3273.45 
1138 889.96 
1139 3317.93 
1140 3392.22 
1141 3343.71 
1142 549.96 
1143 3303.21 
1144 3348.46 
1145 3316.30 
1146 3316.25 
1147 3424.85 
1148 3444.43 
1149 3364.69 
1150 3365.31 
1151 3341.77 
1152 3376.07 
1153 3414.06 
1154 3423.05 
1155 3375.68 
1156 3451.18 
1157 3398.09 
1158 1375.04 
1159 3372.39 
1160 3333.71 
1161 3356.85 
1162 3308.69 
1163 3374.78 
1164 3385.98 
1165 3367.19 
1166 3250.97 
1167 1153.88 
1168 3305.02 
1169 3404.30 
1170 3385.54 
1171 3383.45 
1172 3363.78 
1173 3406.70 
1174 3464.55 
1175 1145.68 
1176 3537.18 
1177 3367.82 
1178 3432.37 
1179 3376.39 
1180 3300.56 
1181 3351.93 
1182 3331.50 
1183 3380.28 
1184 3324.99 
1185 3495.49 
1186 3405.70 
1187 3314.05 
1188 3427.18 
1189 3348.68 
1190 3466.68 
1191 3395.79 
1192 3345.73 
1193 3444.97 
1194 3460.64 
1195 3426.29 
1196 3289.10 
1197 3436.92 
1198 3462.77 
1199 3282.88 
1200 1563.14 
1201 3305.63 
1202 3424.63 
1203 3347.39 
1204 3391.23 
1205 3356.59 
1206 3402.60 
1207 3465.38 
1208 3282.33 
1209 3296.34 
1210 3345.99 
1211 3491.13 
1212 3440.58 
1213 3464.49 
1214 3497.11 
1215 3332.64 
1216 3427.28 
1217 3407.02 
1218 3385.80 
1219 3442.83 
1220 3394.61 
1221 3366.62 
1222 3360.84 
1223 3379.45 
1224 3457.27 
1225 3324.24 
1226 3378.51 
1227 3327.13 
1228 3446.83 
1229 3312.94 
1230 3396.19 
1231 3401.58 
1232 3436.56 
1233 3419.66 
1234 3340.98 
1235 3395.29 
1236 3370.17 
1237 3350.85 
1238 3336.92 
1239 3344.37 
1240 3415.53 
1241 3341.06 
1242 3467.04 
1243 3412.09 
1244 3106.21 
1245 3378.16 
1246 3331.39 
1247 3401.34 
1248 3369.67 
1249 3355.16 
1250 3400.96 
1251 3310.14 
1252 3289.37 
1253 3401.56 
1254 3417.59 
1255 3388.37 
1256 -37.72 
1257 990.14 
1258 3415.43 
1259 3356.61 
1260 3303.16 
1261 3322.36 
1262 3305.95 
1263 3336.70 
1264 1190.47 
1265 3318.91 
1266 3300.92 
1267 3461.21 
1268 3478.95 
1269 3289.88 
1270 3288.99 
1271 3394.33 
1272 3254.64 
1273 3295.07 
1274 3466.95 
1275 3391.17 
1276 3309.43 
1277 3364.91 
1278 3408.47 
1279 3524.42 
1280 3391.35 
1281 3456.37 
1282 3360.78 
1283 3413.89 
1284 3415.50 
1285 3382.71 
1286 3339.50 
1287 3427.16 
1288 3401.01 
1289 3487.76 
1290 3337.09 
1291 3404.38 
1292 3349.62 
1293 3321.59 
1294 3373.61 
1295 3324.56 
1296 3434.98 
1297 3495.63 
1298 3358.95 
1299 3366.28 
1300 3449.73 
1301 3313.04 
1302 3319.55 
1303 3276.28 
1304 3491.72 
1305 707.45 
1306 3417.02 
1307 3406.90 
1308 3369.67 
1309 3480.72 
1310 3239.64 
1311 3406.56 
1312 3338.56 
1313 3415.82 
1314 3297.22 
1315 3470.72 
1316 3420.39 
1317 3370.71 
1318 3483.36 
1319 3247.42 
1320 3493.62 
1321 3289.99 
1322 3394.92 
1323 3395.90 
1324 3507.05 
1325 3472.71 
1326 3413.85 
1327 3407.06 
1328 3384.98 
1329 3297.64 
1330 3432.52 
1331 3354.04 
1332 3473.88 
1333 3450.25 
1334 3377.59 
1335 3352.03 
1336 3410.37 
1337 3402.47 
1338 3481.15 
1339 3387.77 
1340 3346.54 
1341 3448.67 
1342 3360.29 
1343 3440.65 
1344 3210.30 
1345 3411.83 
1346 3401.19 
1347 3381.33 
1348 3335.65 
1349 3418.28 
1350 3386.12 
1351 3362.35 
1352 3451.28 
1353 3410.00 
1354 3280.58 
1355 3375.50 
1356 3380.29 
1357 3485.06 
1358 3383.36 
1359 3511.34 
1360 3349.78 
1361 3438.35 
1362 3408.49 
1363 3336.65 
1364 3417.83 
1365 3358.06 
1366 3474.73 
1367 3417.04 
1368 3415.31 
1369 3375.11 
1370 3481.77 
1371 3528.75 
1372 3332.25 
1373 3436.28 
1374 3366.14 
1375 3340.90 
1376 3382.68 
1377 3433.98 
1378 3483.90 
1379 3464.75 
1380 3462.46 
1381 3400.98 
1382 3462.69 
1383 3414.16 
1384 3393.32 
1385 3524.01 
1386 3406.93 
1387 3359.06 
1388 3474.91 
1389 3291.74 
1390 3478.85 
1391 3228.52 
1392 3297.37 
1393 3484.16 
1394 3239.09 
1395 3337.04 
1396 3472.99 
1397 3372.29 
1398 3446.32 
1399 3330.88 
1400 3414.57 
