Seed 0:
0 -297.74 
1 -321.36 
2 -300.28 
3 -255.94 
4 -284.17 
5 -279.41 
6 -161.62 
7 -170.24 
8 -192.09 
9 -149.68 
10 -154.16 
11 -108.95 
12 -93.74 
13 -156.91 
14 -68.82 
15 -112.10 
16 29.34 
17 -2.70 
18 97.14 
19 76.21 
20 63.49 
21 55.79 
22 90.36 
23 138.57 
24 105.07 
25 9.37 
26 280.88 
27 270.24 
28 411.57 
29 485.13 
30 633.89 
31 706.17 
32 722.31 
33 750.51 
34 791.96 
35 662.31 
36 650.68 
37 836.17 
38 902.58 
39 817.87 
40 933.86 
41 981.02 
42 919.23 
43 991.95 
44 831.83 
45 858.44 
46 1004.33 
47 -131.75 
48 1135.71 
49 878.95 
50 857.73 
51 1013.39 
52 894.83 
53 1040.27 
54 886.37 
55 955.34 
56 983.86 
57 987.56 
58 -461.70 
59 1028.94 
60 -364.53 
61 1042.43 
62 1022.26 
63 1115.79 
64 1011.02 
65 293.94 
66 983.03 
67 1189.37 
68 1060.16 
69 1049.39 
70 1011.23 
71 994.58 
72 950.38 
73 937.93 
74 1090.90 
75 1025.33 
76 1056.96 
77 817.94 
78 1026.99 
79 1067.65 
80 1173.89 
81 1075.42 
82 51.67 
83 1089.77 
84 1197.26 
85 1193.38 
86 1017.81 
87 1057.35 
88 1202.21 
89 1009.89 
90 1061.35 
91 996.83 
92 954.09 
93 971.32 
94 1150.72 
95 1122.95 
96 1157.64 
97 1058.07 
98 1086.46 
99 1076.45 
100 1176.35 
101 1171.73 
102 1043.62 
103 1140.95 
104 1188.04 
105 1139.60 
106 1220.19 
107 1184.87 
108 1100.74 
109 1158.50 
110 1056.34 
111 1071.66 
112 1160.79 
113 1287.12 
114 1057.12 
115 1101.49 
116 995.10 
117 1264.18 
118 1126.13 
119 1070.77 
120 1099.61 
121 1050.33 
122 1273.26 
123 1244.07 
124 1161.47 
125 1148.56 
126 1240.73 
127 1055.76 
128 1186.09 
129 1182.87 
130 1180.72 
131 1144.83 
132 1015.61 
133 1324.50 
134 1153.48 
135 134.56 
136 1190.35 
137 1158.37 
138 1075.25 
139 1009.56 
140 15.37 
141 1198.93 
142 113.06 
143 1211.32 
144 1200.23 
145 1228.82 
146 1341.35 
147 1183.89 
148 1196.81 
149 1229.82 
150 1301.41 
151 1146.70 
152 1057.98 
153 1189.58 
154 1138.14 
155 1216.38 
156 1134.94 
157 1121.37 
158 1163.25 
159 1141.32 
160 1290.63 
161 1215.51 
162 1224.58 
163 1124.21 
164 1171.56 
165 1256.93 
166 -202.34 
167 383.35 
168 1165.40 
169 1217.86 
170 1226.52 
171 1213.68 
172 1207.28 
173 1396.76 
174 1143.17 
175 1307.66 
176 1292.03 
177 1133.75 
178 1146.36 
179 1317.02 
180 1231.29 
181 1300.33 
182 1231.34 
183 1211.86 
184 1363.61 
185 1233.62 
186 1028.51 
187 1130.39 
188 1236.46 
189 1341.59 
190 1163.74 
191 1198.24 
192 1096.41 
193 1198.86 
194 1194.33 
195 1172.16 
196 1208.11 
197 1187.53 
198 1335.53 
199 1139.87 
200 1176.92 
201 1127.75 
202 1196.98 
203 1321.03 
204 1153.97 
205 1187.38 
206 1066.64 
207 1225.21 
208 1176.95 
209 1398.90 
210 1197.07 
211 1267.77 
212 1105.61 
213 1224.03 
214 1231.22 
215 1112.44 
216 1374.30 
217 1218.77 
218 1166.62 
219 1246.58 
220 1362.45 
221 335.19 
222 1464.06 
223 1185.71 
224 1256.65 
225 1193.02 
226 1309.52 
227 1155.44 
228 1218.96 
229 1043.62 
230 1417.26 
231 1130.03 
232 1260.07 
233 1260.13 
234 1153.25 
235 1230.24 
236 1195.38 
237 1083.94 
238 1110.58 
239 1259.13 
240 1188.93 
241 1144.54 
242 1192.56 
243 1250.22 
244 1261.73 
245 1214.41 
246 1380.84 
247 1358.94 
248 1367.22 
249 1291.15 
250 1148.85 
251 1490.30 
252 1370.83 
253 1222.25 
254 1276.50 
255 1271.23 
256 1191.03 
257 1206.00 
258 1332.03 
259 1252.68 
260 1333.89 
261 1385.44 
262 1333.20 
263 1187.40 
264 1257.96 
265 1399.85 
266 1056.73 
267 1388.74 
268 1430.40 
269 1248.79 
270 1212.76 
271 1355.60 
272 1375.35 
273 1331.59 
274 1204.66 
275 1231.30 
276 1528.28 
277 1343.89 
278 1299.79 
279 1259.12 
280 1435.34 
281 1197.04 
282 1329.68 
283 1344.27 
284 1363.22 
285 1437.21 
286 1279.81 
287 1149.84 
288 1296.15 
289 1322.55 
290 1299.91 
291 1350.02 
292 1347.13 
293 1112.81 
294 1185.08 
295 1265.15 
296 1216.83 
297 1450.16 
298 1389.89 
299 1506.80 
300 1374.32 
301 1267.38 
302 1395.00 
303 1466.80 
304 1421.51 
305 1368.74 
306 1360.41 
307 1405.35 
308 1393.84 
309 1224.93 
310 1233.73 
311 1331.76 
312 1457.85 
313 1463.76 
314 1514.47 
315 1244.55 
316 1454.53 
317 1407.26 
318 1307.06 
319 1458.39 
320 1405.63 
321 1299.51 
322 1446.87 
323 1508.09 
324 1448.76 
325 1326.75 
326 1268.85 
327 1360.12 
328 1644.05 
329 1470.87 
330 1329.13 
331 1562.87 
332 1206.19 
333 1302.74 
334 1204.64 
335 -135.16 
336 1680.66 
337 1548.59 
338 1460.44 
339 1442.64 
340 1354.91 
341 1421.14 
342 1358.73 
343 1259.37 
344 1486.46 
345 1629.49 
346 1737.19 
347 1395.73 
348 1663.77 
349 1355.26 
350 1445.17 
351 1569.48 
352 1603.42 
353 1511.18 
354 1321.10 
355 1518.00 
356 1433.97 
357 1688.75 
358 1324.49 
359 1421.88 
360 1528.83 
361 1338.14 
362 1504.92 
363 1491.11 
364 1655.13 
365 1600.22 
366 1349.10 
367 1541.32 
368 1593.46 
369 1590.27 
370 1486.70 
371 1184.48 
372 1688.09 
373 1536.19 
374 1785.95 
375 1468.73 
376 1449.55 
377 1639.99 
378 1437.80 
379 1536.40 
380 1364.50 
381 1714.32 
382 1727.85 
383 1713.33 
384 1598.17 
385 1646.82 
386 1711.92 
387 1659.81 
388 1601.06 
389 1596.86 
390 1517.21 
391 1328.41 
392 1466.82 
393 1542.93 
394 1710.03 
395 1760.79 
396 1696.59 
397 1613.02 
398 1842.74 
399 1321.58 
400 1664.88 
401 1831.23 
402 1548.82 
403 1714.22 
404 1457.15 
405 1811.55 
406 1579.22 
407 1593.94 
408 1737.80 
409 1748.80 
410 1719.15 
411 1714.55 
412 1804.71 
413 2073.42 
414 1742.67 
415 1770.73 
416 1747.57 
417 1975.70 
418 1859.92 
419 1737.84 
420 1671.33 
421 1990.61 
422 1743.89 
423 1659.20 
424 1826.91 
425 1976.28 
426 1818.23 
427 1710.16 
428 1730.30 
429 1804.67 
430 1865.85 
431 1610.10 
432 1748.77 
433 1862.04 
434 1913.82 
435 1770.08 
436 1521.71 
437 2096.37 
438 1984.57 
439 1952.78 
440 1979.77 
441 1919.61 
442 2111.44 
443 1850.19 
444 2028.99 
445 1988.51 
446 2080.29 
447 1790.67 
448 1821.37 
449 2086.20 
450 2087.36 
451 2093.61 
452 1897.80 
453 1915.43 
454 1964.46 
455 2065.31 
456 2053.16 
457 1974.71 
458 1998.43 
459 1603.07 
460 1884.78 
461 2164.18 
462 2215.25 
463 2018.83 
464 2070.16 
465 1922.14 
466 2417.58 
467 1955.44 
468 2031.01 
469 2132.51 
470 1944.50 
471 2076.34 
472 1882.58 
473 2215.89 
474 2182.99 
475 2179.60 
476 2264.96 
477 1902.61 
478 2149.95 
479 2310.12 
480 2040.44 
481 1932.44 
482 2299.62 
483 1954.45 
484 2068.26 
485 2131.73 
486 2202.64 
487 1997.22 
488 2217.12 
489 2179.12 
490 1850.43 
491 1943.46 
492 2166.69 
493 1988.89 
494 2171.32 
495 1966.39 
496 2177.44 
497 2171.45 
498 2081.89 
499 2048.04 
500 2038.32 
501 1974.43 
502 1999.16 
503 2017.25 
504 2018.53 
505 1878.28 
506 2166.49 
507 2153.87 
508 2057.85 
509 1948.94 
510 2161.28 
511 2084.32 
512 1932.13 
513 2210.36 
514 2188.45 
515 1904.04 
516 2128.83 
517 2075.77 
518 2048.22 
519 2106.78 
520 2298.65 
521 2306.03 
522 2128.36 
523 2104.10 
524 2178.79 
525 2037.35 
526 2170.53 
527 2401.85 
528 2047.64 
529 1670.52 
530 2061.49 
531 2120.78 
532 2177.08 
533 2177.43 
534 2016.13 
535 2264.99 
536 2247.90 
537 2037.24 
538 2001.53 
539 1896.00 
540 2168.20 
541 2148.33 
542 2229.59 
543 2151.20 
544 1986.73 
545 2087.65 
546 2101.22 
547 2229.22 
548 1992.95 
549 2149.61 
550 2250.77 
551 2230.49 
552 1952.61 
553 2106.50 
554 2216.95 
555 2188.17 
556 1939.92 
557 2031.65 
558 1977.26 
559 2155.08 
560 2056.37 
561 2190.18 
562 2148.05 
563 2092.29 
564 2327.27 
565 2197.38 
566 2085.10 
567 2183.88 
568 2104.72 
569 1995.79 
570 2219.32 
571 2040.75 
572 2032.78 
573 1962.94 
574 2297.11 
575 2310.12 
576 2011.51 
577 1925.13 
578 2167.37 
579 2171.49 
580 2188.06 
581 2067.12 
582 2343.41 
583 2173.64 
584 2309.60 
585 2281.77 
586 2223.43 
587 1991.81 
588 2081.08 
589 2226.16 
590 2211.17 
591 2030.75 
592 2288.80 
593 2386.23 
594 1999.19 
595 2187.21 
596 2112.68 
597 2288.58 
598 1849.73 
599 2138.79 
600 1984.18 
601 2034.35 
602 1917.99 
603 2204.87 
604 2186.15 
605 2386.33 
606 1917.08 
607 2365.99 
608 2236.81 
609 2160.68 
610 2371.47 
611 2154.48 
612 2050.61 
613 2038.19 
614 2122.72 
615 2355.33 
616 2044.03 
617 1879.63 
618 2253.29 
619 2235.76 
620 1959.16 
621 2320.50 
622 2252.65 
623 2112.52 
624 2123.40 
625 1949.42 
626 2325.39 
627 2452.66 
628 2252.00 
629 2300.58 
630 2199.33 
631 2102.68 
632 2100.88 
633 1908.77 
634 2132.80 
635 2223.94 
636 2277.50 
637 2052.88 
638 2171.91 
639 2174.42 
640 1845.62 
641 2078.62 
642 2208.86 
643 2349.94 
644 2153.65 
645 2296.72 
646 2219.95 
647 2150.12 
648 2217.05 
649 1979.95 
650 2174.06 
651 2034.08 
652 2102.61 
653 2307.65 
654 1950.43 
655 2153.58 
656 2035.98 
657 2346.06 
658 2066.34 
659 2125.43 
660 2201.75 
661 2041.50 
662 2159.75 
663 2055.61 
664 2043.56 
665 2201.55 
666 2423.98 
667 2214.23 
668 1964.36 
669 2345.91 
670 2116.51 
671 2128.51 
672 2006.64 
673 2308.26 
674 2097.02 
675 2229.59 
676 2119.20 
677 2156.73 
678 2233.78 
679 2276.31 
680 2076.46 
681 2275.02 
682 2227.56 
683 2161.42 
684 2152.12 
685 2178.30 
686 2166.32 
687 2198.37 
688 1995.51 
689 2100.91 
690 2126.18 
691 2267.42 
692 2205.00 
693 2205.81 
694 2357.58 
695 2056.81 
696 2136.62 
697 2199.79 
698 2358.76 
699 2220.60 
700 2100.74 
701 2232.83 
702 2415.97 
703 2280.73 
704 2220.27 
705 2112.17 
706 2121.52 
707 2236.61 
708 2037.50 
709 2201.43 
710 2317.65 
711 2376.40 
712 2054.34 
713 2375.08 
714 2217.95 
715 2210.70 
716 2283.11 
717 2143.08 
718 2380.01 
719 2144.72 
720 2149.75 
721 2255.89 
722 2236.25 
723 2233.99 
724 2243.16 
725 2253.49 
726 2095.73 
727 2405.87 
728 2096.89 
729 2313.61 
730 2089.84 
731 2296.69 
732 2147.31 
733 2418.68 
734 2177.26 
735 2274.09 
736 2108.34 
737 2223.68 
738 2173.19 
739 2081.57 
740 2196.11 
741 2058.40 
742 2173.28 
743 2375.96 
744 2120.77 
745 2151.76 
746 2101.34 
747 2110.91 
748 2296.57 
749 2253.02 
750 2169.84 
751 2354.80 
752 2065.85 
753 2195.97 
754 2246.07 
755 2346.41 
756 2141.21 
757 2235.81 
758 2143.03 
759 2164.54 
760 1972.90 
761 1939.52 
762 2214.03 
763 2001.22 
764 2146.07 
765 2122.70 
766 2318.17 
767 2152.85 
768 2255.29 
769 2478.76 
770 2117.08 
771 2235.90 
772 2202.51 
773 1987.05 
774 2291.33 
775 2027.50 
776 2084.78 
777 2052.06 
778 2206.50 
779 2189.02 
780 2243.79 
781 2170.45 
782 2054.23 
783 2201.10 
784 2083.32 
785 2235.27 
786 2191.08 
787 1961.91 
788 2286.29 
789 2202.53 
790 2424.87 
791 2289.41 
792 2337.12 
793 2282.22 
794 2241.07 
795 2304.32 
796 2295.35 
797 2189.93 
798 2050.78 
799 2024.55 
800 2188.53 
801 2161.89 
802 2105.90 
803 2328.07 
804 2243.46 
805 2217.04 
806 2418.36 
807 2253.27 
808 2251.86 
809 2135.50 
810 2108.38 
811 2043.13 
812 2200.36 
813 2111.87 
814 2284.39 
815 2309.53 
816 2261.57 
817 2124.04 
818 2383.54 
819 2218.90 
820 2331.28 
821 2226.12 
822 2148.19 
823 2248.35 
824 2272.53 
825 2264.79 
826 2264.67 
827 2075.07 
828 2323.89 
829 2492.34 
830 2209.53 
831 2253.47 
832 2385.32 
833 2062.85 
834 2127.31 
835 2209.77 
836 2371.94 
837 2372.25 
838 2238.36 
839 2181.57 
840 2347.58 
841 2223.31 
842 2359.86 
843 2357.16 
844 2399.17 
845 2137.01 
846 2400.72 
847 1966.76 
848 2258.98 
849 2358.31 
850 2466.03 
851 2418.76 
852 2261.84 
853 2382.87 
854 2169.29 
855 2398.99 
856 2445.36 
857 2339.01 
858 2338.25 
859 2110.74 
860 2270.46 
861 2291.28 
862 2077.21 
863 114.07 
864 2076.70 
865 2262.04 
866 2359.73 
867 2230.70 
868 2198.02 
869 2427.95 
870 1987.42 
871 2175.25 
872 2160.46 
873 2027.75 
874 1994.01 
875 2483.18 
876 2395.10 
877 2141.97 
878 2148.70 
879 2216.01 
880 2185.23 
881 2256.76 
882 2173.51 
883 2210.77 
884 2216.32 
885 2168.38 
886 2179.70 
887 2183.03 
888 2473.78 
889 2397.78 
890 2386.26 
891 1904.33 
892 2174.94 
893 2183.97 
894 2242.61 
895 2033.56 
896 2287.10 
897 2163.06 
898 2086.21 
899 2102.77 
900 2034.84 
901 2171.94 
902 2319.37 
903 2162.59 
904 2142.48 
905 2293.46 
906 2301.43 
907 2267.51 
908 2065.41 
909 2231.05 
910 2127.31 
911 2167.11 
912 2154.33 
913 2143.19 
914 2252.30 
915 2306.42 
916 2086.96 
917 1883.11 
918 2300.37 
919 2493.29 
920 2210.66 
921 2169.42 
922 2435.76 
923 2103.12 
924 2203.28 
925 2157.49 
926 2177.08 
927 2106.54 
928 2075.14 
929 2270.15 
930 2298.81 
931 2200.12 
932 2134.28 
933 2242.37 
934 2205.32 
935 2463.68 
936 2235.09 
937 2357.23 
938 2268.62 
939 2117.19 
940 2444.46 
941 2192.02 
942 2219.14 
943 2297.71 
944 2467.51 
945 2127.42 
946 2123.03 
947 2546.21 
948 2254.68 
949 2236.84 
950 2328.32 
951 2210.01 
952 2402.43 
953 2409.94 
954 2218.88 
955 2346.09 
956 2092.14 
957 2082.48 
958 2285.01 
959 2191.72 
960 2323.77 
961 2295.48 
962 2410.30 
963 2158.09 
964 2217.12 
965 2094.03 
966 2418.00 
967 2294.09 
968 2299.13 
969 2382.16 
970 2231.56 
971 2440.22 
972 2119.62 
973 2048.67 
974 1969.62 
975 2203.28 
976 2131.35 
977 2357.15 
978 2202.01 
979 2458.26 
980 2219.32 
981 2239.66 
982 2185.03 
983 2346.71 
984 2144.49 
985 2417.61 
986 2278.28 
987 2260.35 
988 2343.84 
989 2238.88 
990 2151.05 
991 2269.51 
992 2063.41 
993 2246.39 
994 2192.59 
995 2155.09 
996 2135.14 
997 2233.93 
998 2228.50 
999 2258.97 
1000 2327.06 
1001 2216.17 
1002 2427.97 
1003 2117.25 
1004 2399.24 
1005 2260.81 
1006 2257.04 
1007 2170.47 
1008 2246.06 
1009 2435.44 
1010 2045.19 
1011 2312.62 
1012 2080.47 
1013 2290.50 
1014 2206.31 
1015 2232.99 
1016 2041.46 
1017 2433.64 
1018 2366.17 
1019 2143.14 
1020 2157.78 
1021 2268.37 
1022 2358.68 
1023 2238.52 
1024 2142.30 
1025 2293.85 
1026 2076.12 
1027 2164.32 
1028 2242.84 
1029 2294.91 
1030 2525.74 
1031 2381.16 
1032 2338.89 
1033 2135.30 
1034 2214.28 
1035 2298.39 
1036 2228.76 
1037 2192.31 
1038 1966.17 
1039 1996.10 
1040 2096.48 
1041 2047.96 
1042 2315.00 
1043 2349.34 
1044 2210.57 
1045 2208.67 
1046 2186.81 
1047 2146.45 
1048 2571.52 
1049 2229.43 
1050 2388.94 
1051 2393.30 
1052 2080.37 
1053 2365.18 
1054 2137.28 
1055 2044.59 
1056 2442.30 
1057 2163.62 
1058 2270.33 
1059 2194.20 
1060 2213.26 
1061 2397.32 
1062 2062.70 
1063 2314.43 
1064 2235.20 
1065 2273.66 
1066 2102.66 
1067 2265.79 
1068 2324.81 
1069 2295.48 
1070 2256.27 
1071 2527.89 
1072 2311.66 
1073 2250.06 
1074 2314.94 
1075 2302.17 
1076 2544.44 
1077 1898.88 
1078 2372.75 
1079 2247.97 
1080 2356.09 
1081 2223.80 
1082 2254.45 
1083 1886.12 
1084 2354.94 
1085 2198.98 
1086 2257.83 
1087 2459.98 
1088 2121.44 
1089 2311.74 
1090 2079.43 
1091 2345.28 
1092 2409.78 
1093 2270.08 
1094 2209.48 
1095 2314.51 
1096 2250.86 
1097 2187.16 
1098 2031.38 
1099 2262.79 
1100 2406.09 
1101 2299.58 
1102 2309.90 
1103 2099.73 
1104 2046.52 
1105 2073.63 
1106 2394.49 
1107 2207.22 
1108 2271.62 
1109 2545.48 
1110 2199.36 
1111 2320.11 
1112 2377.95 
1113 2245.33 
1114 2253.02 
1115 2122.45 
1116 2356.07 
1117 2387.33 
1118 2162.73 
1119 2243.26 
1120 2388.00 
1121 2130.41 
1122 2271.98 
1123 2416.86 
1124 2550.18 
1125 2292.87 
1126 2382.11 
1127 2437.17 
1128 2325.19 
1129 2278.15 
1130 2334.86 
1131 2317.90 
1132 2165.55 
1133 2162.46 
1134 2175.86 
1135 2062.88 
1136 2062.82 
1137 2146.89 
1138 2283.00 
1139 2108.43 
1140 2395.06 
1141 2120.88 
1142 2278.44 
1143 1929.66 
1144 2103.83 
1145 2409.32 
1146 2335.32 
1147 2189.39 
1148 2398.44 
1149 2502.39 
1150 2106.26 
1151 2364.65 
1152 2257.52 
1153 2234.94 
1154 2308.61 
1155 2386.80 
1156 2488.54 
1157 2212.82 
1158 2233.93 
1159 2286.74 
1160 2395.89 
1161 2518.44 
1162 2457.57 
1163 2055.29 
1164 2290.89 
1165 2285.16 
1166 2293.68 
1167 2390.42 
1168 2218.30 
1169 2234.20 
1170 2366.81 
1171 2388.17 
1172 2202.38 
1173 2202.15 
1174 2411.28 
1175 2099.00 
1176 2236.89 
1177 2119.27 
1178 2278.40 
1179 2166.15 
1180 2208.54 
1181 2292.42 
1182 2329.81 
1183 1868.63 
1184 2345.90 
1185 2050.86 
1186 2132.46 
1187 2299.53 
1188 2299.89 
1189 2123.60 
1190 2165.29 
1191 2092.62 
1192 2216.28 
1193 2457.03 
1194 2180.93 
1195 2108.17 
1196 2209.76 
1197 2363.99 
1198 2232.62 
1199 2394.35 
1200 2369.85 
1201 2223.82 
1202 2155.20 
1203 2247.22 
1204 2238.47 
1205 2199.28 
1206 2377.77 
1207 2096.60 
1208 2406.93 
1209 2384.43 
1210 2207.11 
1211 2201.86 
1212 2272.03 
1213 2404.21 
1214 2208.70 
1215 2336.32 
1216 2372.77 
1217 2068.81 
1218 2251.05 
1219 2134.79 
1220 2318.41 
1221 2401.36 
1222 2181.39 
1223 2138.13 
1224 2136.96 
1225 2390.55 
1226 2223.05 
1227 2336.80 
1228 2225.18 
1229 2438.39 
1230 2396.57 
1231 2297.11 
1232 1979.06 
1233 2039.38 
1234 2271.58 
1235 1968.99 
1236 2312.10 
1237 2342.55 
1238 2228.02 
1239 2403.56 
1240 2315.88 
1241 2066.75 
1242 2332.18 
1243 2432.80 
1244 2297.86 
1245 2407.68 
1246 2221.74 
1247 2211.70 
1248 2322.93 
1249 2125.47 
1250 2124.88 
1251 2392.85 
1252 2209.62 
1253 2342.54 
1254 2234.23 
1255 2304.24 
1256 2391.72 
1257 2207.62 
1258 2310.91 
1259 2153.75 
1260 2167.18 
1261 2355.95 
1262 2114.02 
1263 2075.25 
1264 2383.21 
1265 2409.47 
1266 2468.16 
1267 2395.51 
1268 2234.70 
1269 2118.86 
1270 2389.14 
1271 2330.93 
1272 2360.36 
1273 2165.14 
1274 2358.65 
1275 2470.79 
1276 2447.20 
1277 2455.23 
1278 2130.91 
1279 2323.65 
1280 2324.27 
1281 2253.97 
1282 2327.15 
1283 2337.57 
1284 2322.88 
1285 2217.76 
1286 2234.41 
1287 2168.77 
1288 2333.39 
1289 2306.01 
1290 2270.13 
1291 2229.73 
1292 2310.95 
1293 2318.20 
1294 2134.03 
1295 2355.13 
1296 2279.58 
1297 2321.07 
1298 2101.61 
1299 2425.28 
1300 2249.77 
1301 2283.47 
1302 2460.36 
1303 2237.88 
1304 2180.01 
1305 2418.10 
1306 2273.82 
1307 2380.07 
1308 2433.51 
1309 2204.05 
1310 2398.85 
1311 2244.61 
1312 2386.78 
1313 2101.40 
1314 2231.91 
1315 2436.20 
1316 2015.60 
1317 2275.74 
1318 2340.67 
1319 2312.22 
1320 2328.18 
1321 2294.93 
1322 2314.06 
1323 2134.82 
1324 2104.43 
1325 2306.78 
1326 2336.30 
1327 2191.51 
1328 2246.20 
1329 2333.29 
1330 2219.13 
1331 2458.68 
1332 2159.71 
1333 2393.38 
1334 2557.08 
1335 2342.10 
1336 2446.59 
1337 2189.82 
1338 2315.53 
1339 2581.69 
1340 2417.38 
1341 2402.28 
1342 2347.83 
1343 2011.32 
1344 2294.12 
1345 2351.65 
1346 2202.75 
1347 2192.98 
1348 2480.98 
1349 2201.04 
1350 2479.33 
1351 2399.75 
1352 2216.01 
1353 2297.81 
1354 2312.33 
1355 2237.69 
1356 2215.41 
1357 2111.64 
1358 2092.24 
1359 2317.93 
1360 2182.19 
1361 2440.22 
1362 2094.22 
1363 2280.03 
1364 2287.17 
1365 2105.55 
1366 2027.77 
1367 2215.62 
1368 2442.28 
1369 2251.17 
1370 2381.95 
1371 2447.11 
1372 2203.24 
1373 2315.48 
1374 2283.95 
1375 2398.79 
1376 2494.45 
1377 2435.86 
1378 2392.73 
1379 2233.34 
1380 2472.48 
1381 2284.03 
1382 1913.13 
1383 2148.24 
1384 2176.47 
1385 2196.10 
1386 2165.68 
1387 1987.07 
1388 2180.82 
1389 2466.28 
1390 2122.67 
1391 2192.74 
1392 2233.18 
1393 2198.72 
1394 2268.62 
1395 2264.62 
1396 2170.80 
1397 2260.00 
1398 2456.14 
1399 2309.34 
1400 2348.78 
0 2277.86 
1 2064.74 
2 2099.39 
3 2309.79 
4 2347.04 
5 2298.54 
6 2355.73 
7 2348.57 
8 2114.48 
9 2283.10 
10 2214.15 
11 2240.18 
12 2236.79 
13 2168.17 
14 2281.15 
15 2336.34 
16 2171.44 
17 2446.41 
18 2168.06 
19 2159.40 
20 2260.56 
21 2238.40 
22 2435.08 
23 2350.88 
24 2345.39 
25 2358.16 
26 2149.49 
27 2318.24 
28 2250.55 
29 2315.51 
30 2386.23 
31 2481.37 
32 2319.37 
33 2143.72 
34 2383.23 
35 2107.81 
36 2279.21 
37 2355.90 
38 2539.00 
39 2365.19 
40 2467.31 
41 2236.97 
42 2140.91 
43 2237.03 
44 2211.59 
45 2035.97 
46 2264.63 
47 2381.22 
48 2226.22 
49 2227.19 
50 2034.41 
51 2490.13 
52 2137.99 
53 2154.17 
54 2343.43 
55 2340.89 
56 2370.55 
57 2386.46 
58 2252.19 
59 2138.88 
60 2440.47 
61 2339.87 
62 2168.24 
63 2384.98 
64 2191.37 
65 2149.16 
66 2262.31 
67 2382.90 
68 2132.19 
69 2041.85 
70 2216.92 
71 2197.61 
72 2068.73 
73 2333.58 
74 2307.91 
75 2463.46 
76 2539.18 
77 2198.44 
78 2334.21 
79 2340.71 
80 2188.58 
81 2221.98 
82 2214.72 
83 2155.47 
84 2225.63 
85 2445.91 
86 2320.78 
87 2456.41 
88 2339.69 
89 2380.49 
90 2225.59 
91 2215.20 
92 2315.46 
93 2294.56 
94 2189.99 
95 2198.00 
96 2293.07 
97 2326.29 
98 2524.32 
99 2522.58 
100 2317.93 
101 2195.95 
102 2211.84 
103 2345.26 
104 2325.36 
105 2321.73 
106 2348.56 
107 1996.53 
108 2273.35 
109 2316.01 
110 2223.60 
111 2202.20 
112 2188.03 
113 2270.46 
114 2512.62 
115 2516.25 
116 2391.73 
117 2344.47 
118 2277.31 
119 2354.28 
120 2368.36 
121 2408.44 
122 2218.60 
123 2569.97 
124 2268.94 
125 2109.77 
126 2363.53 
127 2220.15 
128 2233.62 
129 2358.67 
130 2350.65 
131 2568.10 
132 2210.63 
133 2346.65 
134 2127.63 
135 2254.46 
136 2198.74 
137 2370.67 
138 2286.71 
139 2445.36 
140 2545.04 
141 2163.52 
142 2256.69 
143 2076.44 
144 2243.75 
145 2443.15 
146 2246.13 
147 2143.47 
148 2344.83 
149 2241.83 
150 2347.58 
151 2428.28 
152 2526.39 
153 2050.91 
154 2395.83 
155 2496.96 
156 2306.20 
157 2281.48 
158 2216.16 
159 2155.49 
160 2384.88 
161 2329.94 
162 2056.74 
163 2330.61 
164 2224.13 
165 2592.76 
166 2332.30 
167 2292.02 
168 2382.50 
169 2260.45 
170 2356.41 
171 2346.96 
172 2027.71 
173 2251.48 
174 2252.82 
175 2492.28 
176 2259.14 
177 2155.41 
178 2297.38 
179 2355.31 
180 2179.76 
181 2419.93 
182 2136.42 
183 2169.06 
184 2290.98 
185 2431.50 
186 1880.83 
187 2112.52 
188 2201.44 
189 2195.54 
190 2164.24 
191 2490.25 
192 2358.67 
193 2216.59 
194 2288.38 
195 2138.25 
196 2310.37 
197 2376.80 
198 2198.88 
199 2285.09 
200 2312.25 
201 2552.46 
202 2325.07 
203 2266.43 
204 2473.99 
205 2269.71 
206 2426.88 
207 2347.28 
208 2190.94 
209 2248.96 
210 2263.89 
211 2317.97 
212 2384.43 
213 2358.83 
214 2111.24 
215 2317.86 
216 2220.44 
217 1907.26 
218 2074.76 
219 2308.64 
220 2203.54 
221 2608.62 
222 2141.31 
223 2364.45 
224 2295.52 
225 2394.14 
226 2185.33 
227 2309.68 
228 2350.74 
229 2299.12 
230 2211.80 
231 2246.08 
232 2454.42 
233 2234.54 
234 2443.16 
235 2320.88 
236 2191.08 
237 2213.97 
238 2504.98 
239 2386.85 
240 2002.12 
241 2293.31 
242 2183.83 
243 2173.55 
244 2296.87 
245 2502.32 
246 2166.47 
247 2379.09 
248 2150.53 
249 2355.96 
250 2178.30 
251 2475.88 
252 2439.26 
253 2400.76 
254 2453.43 
255 2353.67 
256 2366.54 
257 2110.07 
258 2382.75 
259 2534.33 
260 2332.84 
261 2438.72 
262 2376.96 
263 2475.26 
264 2284.08 
265 2146.88 
266 2295.68 
267 2320.49 
268 2388.33 
269 2247.73 
270 2472.98 
271 2401.15 
272 2270.05 
273 2363.44 
274 2332.73 
275 2388.06 
276 2361.31 
277 2266.82 
278 2308.67 
279 2204.81 
280 2100.12 
281 2226.67 
282 2390.85 
283 2560.76 
284 2347.78 
285 2481.63 
286 2468.10 
287 2243.19 
288 2200.65 
289 2288.73 
290 2240.10 
291 2143.23 
292 2314.01 
293 2512.16 
294 2193.29 
295 2408.07 
296 2508.81 
297 2174.91 
298 2289.21 
299 2365.00 
300 2076.64 
301 2369.68 
302 2136.33 
303 2254.19 
304 2289.65 
305 2174.81 
306 2273.19 
307 2272.68 
308 2430.00 
309 2337.39 
310 2404.32 
311 2235.82 
312 2361.19 
313 2275.36 
314 2275.79 
315 2377.00 
316 2178.92 
317 2365.01 
318 2314.45 
319 2531.58 
320 2485.33 
321 2156.53 
322 2389.10 
323 2313.34 
324 2428.14 
325 2243.21 
326 2129.03 
327 2466.75 
328 2317.32 
329 2361.44 
330 2388.61 
331 2417.73 
332 2342.61 
333 2170.81 
334 2356.64 
335 2463.94 
336 2235.17 
337 2175.59 
338 2299.66 
339 2448.84 
340 2399.56 
341 2435.55 
342 2297.09 
343 2187.61 
344 2056.33 
345 2302.73 
346 2448.71 
347 2161.67 
348 2527.30 
349 2267.48 
350 2223.73 
351 2367.03 
352 2439.75 
353 2289.97 
354 2361.67 
355 2125.67 
356 2238.33 
357 2444.47 
358 2301.14 
359 2363.72 
360 2487.67 
361 2301.55 
362 2344.87 
363 2520.34 
364 2092.13 
365 2407.09 
366 2284.66 
367 2346.14 
368 2267.76 
369 2345.49 
370 2282.51 
371 2152.47 
372 2347.33 
373 2550.09 
374 2336.83 
375 2249.75 
376 2280.71 
377 2158.30 
378 2256.93 
379 2419.47 
380 2318.69 
381 2369.32 
382 2422.45 
383 2258.28 
384 2199.31 
385 2170.74 
386 2452.96 
387 2521.99 
388 2151.87 
389 2521.83 
390 2179.47 
391 2154.76 
392 2397.54 
393 1985.81 
394 2128.32 
395 2066.61 
396 2281.63 
397 2271.52 
398 2393.20 
399 2318.74 
400 2255.36 
401 2414.21 
402 2066.68 
403 2117.09 
404 2203.33 
405 2118.29 
406 2207.24 
407 2328.56 
408 2220.53 
409 2096.29 
410 2103.66 
411 2065.86 
412 2334.36 
413 2225.24 
414 2248.87 
415 2201.16 
416 2608.60 
417 2368.02 
418 2322.39 
419 2209.25 
420 2194.46 
421 2257.75 
422 2158.27 
423 2261.51 
424 2262.61 
425 2180.29 
426 2189.66 
427 2409.42 
428 2447.77 
429 2317.93 
430 2200.43 
431 2175.97 
432 2306.91 
433 2215.98 
434 2186.77 
435 2332.77 
436 2273.16 
437 2152.95 
438 2352.91 
439 2355.21 
440 2324.60 
441 2238.75 
442 2394.19 
443 2501.89 
444 2349.04 
445 2165.19 
446 2295.86 
447 2227.29 
448 2349.49 
449 2324.22 
450 2215.57 
451 2651.65 
452 2432.71 
453 2419.15 
454 2264.89 
455 2378.60 
456 2358.97 
457 2619.33 
458 2237.29 
459 2359.94 
460 2344.28 
461 2153.93 
462 2296.72 
463 2114.10 
464 2323.12 
465 2402.27 
466 2339.69 
467 2286.88 
468 2321.84 
469 2280.99 
470 2449.38 
471 2403.11 
472 2407.22 
473 2202.11 
474 2366.54 
475 2282.73 
476 2165.16 
477 2365.40 
478 2461.22 
479 2426.10 
480 2383.24 
481 2262.17 
482 2505.35 
483 2185.94 
484 2246.19 
485 2252.20 
486 2186.45 
487 2385.92 
488 2271.57 
489 2359.64 
490 2422.89 
491 2065.47 
492 2156.84 
493 2348.67 
494 2266.85 
495 1983.58 
496 2423.72 
497 2392.58 
498 2256.44 
499 2234.62 
500 2347.88 
501 2376.31 
502 2459.14 
503 2115.00 
504 2307.77 
505 2188.97 
506 2150.58 
507 2423.48 
508 2269.12 
509 1977.77 
510 1991.65 
511 2466.95 
512 2212.37 
513 2242.45 
514 2082.42 
515 2360.53 
516 2114.12 
517 2305.06 
518 2148.87 
519 2222.00 
520 2297.57 
521 2265.32 
522 2165.39 
523 2346.49 
524 2040.51 
525 2353.44 
526 2222.49 
527 2349.33 
528 2153.80 
529 2246.86 
530 2158.69 
531 2334.48 
532 2384.71 
533 2248.95 
534 2162.83 
535 2485.87 
536 2286.64 
537 2157.03 
538 2186.91 
539 2385.56 
540 2433.82 
541 2023.63 
542 2257.03 
543 2281.56 
544 2332.43 
545 2343.24 
546 2181.49 
547 2492.42 
548 2337.82 
549 2389.83 
550 2175.74 
551 2376.82 
552 2350.42 
553 2368.00 
554 2330.88 
555 2307.13 
556 2069.30 
557 2258.33 
558 2219.32 
559 2246.36 
560 2156.41 
561 2254.09 
562 2341.31 
563 2408.60 
564 2383.73 
565 2049.42 
566 2187.24 
567 2527.17 
568 2287.09 
569 2375.90 
570 2197.33 
571 2218.05 
572 2233.30 
573 2347.61 
574 2363.64 
575 2271.23 
576 2453.70 
577 2287.57 
578 2297.21 
579 2403.01 
580 2269.75 
581 2359.45 
582 2221.41 
583 2190.39 
584 2318.09 
585 2081.48 
586 2133.60 
587 2199.00 
588 2336.75 
589 2574.65 
590 2342.82 
591 2406.30 
592 2347.18 
593 2431.28 
594 2190.79 
595 2459.13 
596 2220.46 
597 2401.06 
598 2439.19 
599 2243.62 
600 2348.63 
601 2182.41 
602 2273.94 
603 2485.53 
604 2372.45 
605 1889.75 
606 2359.39 
607 2218.16 
608 2152.43 
609 1939.16 
610 2385.10 
611 2105.84 
612 2388.87 
613 2339.72 
614 2340.35 
615 2142.57 
616 2365.77 
617 2310.87 
618 2162.87 
619 2368.61 
620 2187.31 
621 2365.65 
622 2188.56 
623 2512.14 
624 2454.39 
625 2401.16 
626 2496.62 
627 2251.57 
628 2217.84 
629 2413.42 
630 2369.14 
631 2431.99 
632 2328.45 
633 2471.56 
634 2530.69 
635 2366.81 
636 2277.89 
637 2498.76 
638 2236.47 
639 2251.28 
640 2253.46 
641 2064.40 
642 2374.63 
643 2273.08 
644 2369.86 
645 2201.25 
646 2149.24 
647 2466.95 
648 2572.92 
649 2330.39 
650 2179.35 
651 2249.42 
652 1998.16 
653 2576.07 
654 2131.01 
655 2276.85 
656 2326.35 
657 2197.32 
658 2377.86 
659 1999.71 
660 2180.38 
661 2340.27 
662 2028.04 
663 2158.56 
664 2347.31 
665 2453.33 
666 2406.46 
667 2460.17 
668 2295.11 
669 2324.16 
670 2390.40 
671 2470.42 
672 2354.35 
673 2318.76 
674 2197.36 
675 2312.36 
676 2242.61 
677 2262.77 
678 2386.64 
679 2300.94 
680 2356.09 
681 2287.34 
682 2264.61 
683 2379.99 
684 2267.09 
685 2479.79 
686 2247.89 
687 2423.84 
688 2355.82 
689 2357.73 
690 2476.38 
691 2060.87 
692 2341.22 
693 2176.23 
694 2309.07 
695 2139.04 
696 2181.92 
697 2345.89 
698 2488.13 
699 2237.30 
700 2231.46 
701 2282.28 
702 2374.47 
703 2124.01 
704 2328.26 
705 2461.98 
706 2420.59 
707 2314.26 
708 2152.76 
709 2332.90 
710 2288.11 
711 2356.30 
712 2318.56 
713 2446.35 
714 2245.93 
715 2245.53 
716 2336.04 
717 2289.11 
718 2095.04 
719 2467.05 
720 2362.75 
721 2295.25 
722 2250.49 
723 2205.50 
724 2403.38 
725 2367.65 
726 2518.24 
727 2428.38 
728 2174.17 
729 2317.32 
730 2376.89 
731 2249.44 
732 2413.19 
733 2190.57 
734 2202.01 
735 2173.22 
736 2468.01 
737 2416.23 
738 2386.47 
739 2427.34 
740 2205.43 
741 2152.79 
742 2384.10 
743 2385.07 
744 2496.98 
745 2308.08 
746 2208.99 
747 2316.14 
748 2613.03 
749 2202.79 
750 2402.75 
751 2227.91 
752 2386.65 
753 2555.33 
754 2253.18 
755 2338.55 
756 2429.46 
757 2323.47 
758 2138.74 
759 2505.47 
760 2368.29 
761 2073.20 
762 2210.87 
763 2373.61 
764 2219.75 
765 2446.42 
766 2287.68 
767 2343.89 
768 2252.41 
769 1947.56 
770 2461.94 
771 2338.24 
772 2224.99 
773 2238.53 
774 2309.29 
775 2225.82 
776 2260.35 
777 2257.47 
778 2321.91 
779 2181.95 
780 2282.99 
781 2426.87 
782 2260.73 
783 2346.27 
784 2341.37 
785 2658.04 
786 2126.11 
787 2500.24 
788 2136.14 
789 2281.04 
790 2288.55 
791 2288.36 
792 2344.79 
793 2221.45 
794 2395.92 
795 2196.58 
796 2130.82 
797 2239.97 
798 2125.75 
799 2362.50 
800 2115.14 
801 2401.14 
802 2294.96 
803 2426.38 
804 2387.73 
805 2145.10 
806 2243.06 
807 2370.63 
808 2344.11 
809 2348.75 
810 2350.99 
811 2311.79 
812 2263.05 
813 2332.45 
814 2438.95 
815 2170.62 
816 2322.55 
817 2320.48 
818 2390.52 
819 2332.26 
820 2103.70 
821 2379.76 
822 2420.35 
823 2405.27 
824 2319.56 
825 2151.76 
826 2449.97 
827 2336.62 
828 2312.63 
829 2406.30 
830 2378.62 
831 2133.86 
832 2317.64 
833 2157.66 
834 2277.34 
835 2235.68 
836 2327.47 
837 1987.48 
838 2246.33 
839 2404.62 
840 2505.12 
841 2370.32 
842 2351.25 
843 2378.83 
844 2449.44 
845 2111.05 
846 2323.73 
847 2350.99 
848 2261.15 
849 2312.92 
850 2353.49 
851 2155.29 
852 2427.91 
853 2357.73 
854 2266.21 
855 2148.94 
856 2537.52 
857 2271.03 
858 2263.56 
859 2355.46 
860 2523.25 
861 2317.67 
862 2193.68 
863 2147.81 
864 2372.45 
865 2300.51 
866 2199.17 
867 2290.82 
868 2294.41 
869 2386.20 
870 2008.95 
871 2283.18 
872 2329.48 
873 2430.25 
874 2110.72 
875 2276.07 
876 2401.56 
877 2267.03 
878 2369.17 
879 2249.93 
880 2350.28 
881 2436.76 
882 2568.47 
883 2228.52 
884 2202.31 
885 2436.51 
886 2389.50 
887 2304.21 
888 2589.64 
889 2335.27 
890 2448.41 
891 2346.89 
892 2283.52 
893 2414.49 
894 2370.71 
895 2258.98 
896 2316.75 
897 2242.07 
898 2194.89 
899 2361.43 
900 2230.79 
901 2252.12 
902 1952.78 
903 2298.88 
904 2583.14 
905 2273.79 
906 2206.83 
907 2308.28 
908 2464.12 
909 2290.96 
910 2374.58 
911 2211.25 
912 2522.30 
913 2342.27 
914 2207.16 
915 2175.12 
916 2356.71 
917 2037.30 
918 2461.94 
919 2365.34 
920 2283.78 
921 2043.67 
922 2424.45 
923 2283.07 
924 2469.38 
925 2282.62 
926 2314.16 
927 2319.96 
928 2365.54 
929 2164.81 
930 2260.68 
931 2271.44 
932 2201.96 
933 2386.03 
934 2434.22 
935 2203.90 
936 2198.55 
937 2625.98 
938 2240.58 
939 2361.03 
940 2359.05 
941 2405.69 
942 2314.63 
943 2480.43 
944 2222.44 
945 2142.04 
946 2373.41 
947 2366.69 
948 2242.34 
949 2213.09 
950 2291.92 
951 2428.87 
952 2364.78 
953 2349.84 
954 2574.45 
955 2395.24 
956 2415.65 
957 2386.37 
958 2312.80 
959 2219.25 
960 2468.35 
961 2227.63 
962 2238.66 
963 2259.85 
964 2308.03 
965 2423.24 
966 2242.52 
967 2145.50 
968 2366.57 
969 2355.48 
970 2435.33 
971 2344.56 
972 2235.73 
973 2233.73 
974 2519.72 
975 2386.11 
976 2344.46 
977 2252.27 
978 2269.66 
979 2135.16 
980 2267.91 
981 2180.79 
982 2176.62 
983 2349.69 
984 2335.19 
985 2268.52 
986 2459.58 
987 2476.52 
988 2426.84 
989 2383.99 
990 2176.23 
991 2455.44 
992 2121.36 
993 2448.97 
994 2379.23 
995 2367.63 
996 2252.63 
997 2324.08 
998 2450.24 
999 2080.98 
1000 2325.00 
1001 2231.32 
1002 2489.32 
1003 2260.40 
1004 2136.58 
1005 2344.25 
1006 2280.88 
1007 2201.39 
1008 2322.52 
1009 2452.08 
1010 2271.74 
1011 2260.56 
1012 2520.14 
1013 2502.13 
1014 2115.33 
1015 2327.40 
1016 2256.95 
1017 2375.27 
1018 2247.62 
1019 2315.78 
1020 2032.54 
1021 2209.13 
1022 2249.21 
1023 2206.76 
1024 2237.21 
1025 2216.05 
1026 2508.65 
1027 2081.68 
1028 2229.71 
1029 2416.79 
1030 2228.30 
1031 2221.57 
1032 2133.60 
1033 2331.90 
1034 2429.22 
1035 2285.89 
1036 2468.20 
1037 2375.19 
1038 2093.95 
1039 2320.87 
1040 2188.49 
1041 2602.84 
1042 2470.79 
1043 2418.24 
1044 2316.24 
1045 2278.94 
1046 2371.37 
1047 2334.56 
1048 2431.55 
1049 2241.88 
1050 2489.37 
1051 2373.64 
1052 2655.07 
1053 2218.07 
1054 2385.20 
1055 2368.50 
1056 2031.51 
1057 2473.48 
1058 2412.25 
1059 2613.24 
1060 2421.13 
1061 2261.29 
1062 2279.80 
1063 2227.42 
1064 2268.26 
1065 2171.50 
1066 2505.77 
1067 2316.87 
1068 2502.79 
1069 2341.63 
1070 2286.73 
1071 2273.71 
1072 2242.64 
1073 2300.46 
1074 2356.91 
1075 2307.15 
1076 2277.80 
1077 2343.21 
1078 2478.19 
1079 2317.54 
1080 2174.18 
1081 2221.27 
1082 2432.79 
1083 2295.08 
1084 2363.23 
1085 2338.29 
1086 2296.14 
1087 2268.43 
1088 2183.70 
1089 2223.83 
1090 2386.08 
1091 2395.16 
1092 2480.49 
1093 2356.49 
1094 2355.62 
1095 2514.36 
1096 2365.59 
1097 2387.72 
1098 2493.88 
1099 2015.60 
1100 2296.77 
1101 2282.97 
1102 2268.49 
1103 2299.91 
1104 2416.79 
1105 2406.34 
1106 2168.12 
1107 2248.10 
1108 2273.84 
1109 2327.98 
1110 1984.59 
1111 2425.14 
1112 2324.55 
1113 2211.74 
1114 2461.37 
1115 2191.89 
1116 2264.74 
1117 2180.61 
1118 2260.16 
1119 2145.55 
1120 2262.91 
1121 2201.28 
1122 2215.83 
1123 2480.17 
1124 2305.37 
1125 2338.04 
1126 2451.90 
1127 2440.80 
1128 2315.62 
1129 2146.02 
1130 2314.32 
1131 2404.29 
1132 2318.63 
1133 2342.17 
1134 2183.12 
1135 2534.60 
1136 2277.65 
1137 2332.28 
1138 2274.51 
1139 2356.85 
1140 2243.91 
1141 2341.66 
1142 2370.04 
1143 2221.74 
1144 2241.47 
1145 2309.53 
1146 2521.87 
1147 2403.65 
1148 2200.54 
1149 2297.19 
1150 2418.06 
1151 2554.85 
1152 2387.43 
1153 2277.56 
1154 2279.06 
1155 2237.22 
1156 2157.89 
1157 2214.21 
1158 2492.23 
1159 2430.14 
1160 2195.26 
1161 2300.03 
1162 2262.35 
1163 2324.55 
1164 2390.13 
1165 2319.57 
1166 2274.45 
1167 2216.36 
1168 2440.92 
1169 2319.50 
1170 2347.66 
1171 2358.58 
1172 2237.53 
1173 2260.17 
1174 2338.23 
1175 1997.78 
1176 2317.54 
1177 2253.61 
1178 2331.68 
1179 2361.50 
1180 2405.01 
1181 2161.64 
1182 2296.29 
1183 2254.82 
1184 2362.27 
1185 2136.35 
1186 2208.11 
1187 2336.46 
1188 2412.04 
1189 2238.79 
1190 2259.82 
1191 2270.52 
1192 2176.53 
1193 2203.78 
1194 2211.94 
1195 2269.61 
1196 2538.75 
1197 2183.69 
1198 2477.92 
1199 2450.46 
1200 2227.14 
1201 2414.25 
1202 2254.77 
1203 2392.97 
1204 2157.18 
1205 2244.80 
1206 2378.60 
1207 2248.95 
1208 2385.01 
1209 2320.07 
1210 2336.28 
1211 2352.89 
1212 2283.33 
1213 2396.48 
1214 2534.04 
1215 1969.34 
1216 2415.18 
1217 2377.20 
1218 2277.94 
1219 2456.94 
1220 2217.52 
1221 2236.08 
1222 2409.40 
1223 2189.64 
1224 2284.69 
1225 2427.47 
1226 2211.87 
1227 2368.42 
1228 2269.80 
1229 2428.85 
1230 2517.72 
1231 2537.93 
1232 2430.53 
1233 2429.30 
1234 2417.47 
1235 2335.65 
1236 2499.58 
1237 2081.10 
1238 2446.84 
1239 2363.81 
1240 2534.08 
1241 2284.45 
1242 2179.92 
1243 2205.53 
1244 2252.41 
1245 2292.43 
1246 2241.14 
1247 2435.82 
1248 2403.90 
1249 2214.83 
1250 2422.59 
1251 2282.44 
1252 2141.37 
1253 2413.81 
1254 2378.19 
1255 2264.50 
1256 2217.83 
1257 2324.06 
1258 2550.50 
1259 2403.67 
1260 2113.48 
1261 2477.66 
1262 2115.20 
1263 2290.33 
1264 2184.53 
1265 2348.08 
1266 2127.76 
1267 2363.81 
1268 2194.56 
1269 2539.12 
1270 2424.62 
1271 2220.07 
1272 2279.82 
1273 2413.44 
1274 2526.13 
1275 2074.89 
1276 2340.03 
1277 2463.88 
1278 2518.61 
1279 2423.26 
1280 1984.03 
1281 2213.62 
1282 2489.16 
1283 2128.01 
1284 2399.50 
1285 2319.31 
1286 2398.40 
1287 2112.39 
1288 2300.26 
1289 2296.44 
1290 2253.83 
1291 2302.28 
1292 2094.43 
1293 2323.06 
1294 2215.10 
1295 2374.90 
1296 2391.42 
1297 2078.90 
1298 2323.33 
1299 2359.59 
1300 2089.57 
1301 2298.16 
1302 2191.22 
1303 2078.81 
1304 2137.72 
1305 2108.66 
1306 2585.01 
1307 2534.77 
1308 2363.55 
1309 2352.50 
1310 2380.85 
1311 2366.68 
1312 2207.47 
1313 2348.92 
1314 2403.89 
1315 2228.60 
1316 2202.63 
1317 2409.80 
1318 2375.39 
1319 2580.53 
1320 2352.70 
1321 2347.30 
1322 2357.72 
1323 2384.98 
1324 2493.89 
1325 2240.27 
1326 2322.41 
1327 2271.95 
1328 2365.05 
1329 2289.27 
1330 2349.15 
1331 2403.42 
1332 2410.24 
1333 2116.53 
1334 2098.42 
1335 2104.76 
1336 2193.97 
1337 2244.22 
1338 2365.01 
1339 2390.63 
1340 2325.89 
1341 2472.34 
1342 2310.39 
1343 2346.45 
1344 2421.74 
1345 2184.54 
1346 2333.42 
1347 2336.56 
1348 2443.14 
1349 2414.02 
1350 2294.99 
1351 2305.98 
1352 2458.67 
1353 2176.05 
1354 2386.35 
1355 2408.47 
1356 2327.35 
1357 2215.00 
1358 2226.04 
1359 2299.31 
1360 2434.51 
1361 2155.26 
1362 2063.18 
1363 2347.84 
1364 2407.24 
1365 2556.55 
1366 2269.56 
1367 2202.06 
1368 2441.11 
1369 2370.05 
1370 2468.96 
1371 2149.93 
1372 2344.45 
1373 2165.54 
1374 2527.20 
1375 2260.05 
1376 2407.59 
1377 2500.03 
1378 2326.75 
1379 2469.30 
1380 2270.64 
1381 2545.56 
1382 2298.25 
1383 2440.73 
1384 2176.73 
1385 2415.31 
1386 2168.92 
1387 2474.67 
1388 2447.95 
1389 2572.32 
1390 2499.11 
1391 2310.51 
1392 2486.23 
1393 2315.47 
1394 2480.32 
1395 2387.51 
1396 2468.88 
1397 2412.20 
1398 2249.93 
1399 2162.79 
1400 2404.83 
0 2187.44 
1 2342.17 
2 2290.43 
3 2293.97 
4 2213.08 
5 2157.82 
6 2191.02 
7 2354.17 
8 2239.15 
9 2367.74 
10 2258.83 
11 2386.53 
12 2490.98 
13 2458.33 
14 2271.54 
15 2067.10 
16 2211.67 
17 2248.89 
18 2343.09 
19 2292.62 
20 2264.84 
21 2519.90 
22 2418.38 
23 2397.17 
24 2496.09 
25 2261.10 
26 2463.37 
27 2170.81 
28 2436.57 
29 2312.39 
30 2312.77 
31 2521.63 
32 2408.50 
33 2277.56 
34 2260.08 
35 2373.79 
36 2295.38 
37 2138.02 
38 2187.46 
39 2539.55 
40 2463.14 
41 2281.40 
42 2682.96 
43 2330.54 
44 2299.61 
45 2363.38 
46 2571.58 
47 2586.78 
48 2243.98 
49 2487.23 
50 2359.22 
51 2354.61 
52 2335.98 
53 2337.34 
54 2309.58 
55 2185.47 
56 2281.41 
57 2070.05 
58 2318.58 
59 2354.22 
60 2657.38 
61 2375.57 
62 2331.67 
63 2147.85 
64 2408.43 
65 2324.34 
66 1902.18 
67 2478.33 
68 2138.62 
69 2478.47 
70 2252.29 
71 2267.89 
72 2161.75 
73 2342.43 
74 2626.56 
75 2433.03 
76 2513.05 
77 2281.71 
78 2264.55 
79 2265.93 
80 2201.63 
81 2199.22 
82 2350.01 
83 2168.51 
84 2303.44 
85 2356.57 
86 2361.03 
87 2342.51 
88 2466.66 
89 2331.73 
90 2142.12 
91 2292.80 
92 2468.39 
93 2532.32 
94 2231.12 
95 2222.87 
96 2232.44 
97 2211.99 
98 2577.37 
99 2363.34 
100 2341.03 
101 2375.53 
102 2286.15 
103 2399.93 
104 2253.72 
105 2345.31 
106 2541.22 
107 2311.24 
108 2307.56 
109 2419.06 
110 2414.62 
111 2311.28 
112 2261.14 
113 2232.22 
114 2268.41 
115 2267.21 
116 2264.18 
117 2494.75 
118 2290.80 
119 2304.86 
120 2467.74 
121 2447.07 
122 2258.95 
123 2321.26 
124 2115.54 
125 2380.02 
126 2528.29 
127 2497.37 
128 2300.17 
129 2325.18 
130 2197.33 
131 2299.57 
132 2356.79 
133 2520.68 
134 2314.20 
135 2238.50 
136 2420.42 
137 2046.36 
138 2415.06 
139 1870.48 
140 2191.74 
141 2477.26 
142 2277.64 
143 2417.93 
144 2210.75 
145 2239.91 
146 2457.42 
147 2189.47 
148 2207.67 
149 2205.24 
150 2426.39 
151 2283.11 
152 2325.12 
153 2292.58 
154 2306.31 
155 2441.59 
156 2542.77 
157 2410.14 
158 2385.29 
159 2508.08 
160 2165.12 
161 2464.49 
162 2397.98 
163 2363.31 
164 2248.54 
165 2453.05 
166 2320.67 
167 2227.10 
168 2408.55 
169 2167.43 
170 2645.21 
171 2397.23 
172 2435.64 
173 2203.83 
174 2368.49 
175 2275.72 
176 2256.26 
177 2298.32 
178 2440.81 
179 2438.08 
180 2245.07 
181 2344.25 
182 2374.50 
183 2471.30 
184 2297.80 
185 2270.43 
186 2390.00 
187 2417.91 
188 2303.85 
189 2204.02 
190 2350.43 
191 2395.88 
192 2288.26 
193 2267.21 
194 2598.32 
195 2492.92 
196 2303.66 
197 2361.39 
198 2363.06 
199 2258.23 
200 2518.32 
201 2322.21 
202 2235.93 
203 2402.92 
204 2355.80 
205 2394.27 
206 2284.81 
207 2465.08 
208 2423.60 
209 2269.99 
210 2495.91 
211 2281.24 
212 2378.29 
213 2410.60 
214 2435.84 
215 2415.36 
216 2399.87 
217 2392.33 
218 2371.31 
219 2372.69 
220 2308.62 
221 2428.57 
222 2507.19 
223 2459.64 
224 2378.87 
225 2527.95 
226 2480.14 
227 2313.91 
228 2499.19 
229 2384.07 
230 2500.27 
231 2388.57 
232 2428.91 
233 2336.27 
234 2210.79 
235 2428.51 
236 2333.96 
237 2466.82 
238 2331.33 
239 2377.09 
240 2308.93 
241 2530.45 
242 2427.26 
243 2337.49 
244 2341.04 
245 2481.49 
246 2376.06 
247 2478.48 
248 2435.58 
249 2432.17 
250 2509.10 
251 2220.94 
252 2221.28 
253 2329.88 
254 2412.66 
255 2251.70 
256 2284.72 
257 2374.31 
258 2536.96 
259 2397.14 
260 2251.45 
261 2505.31 
262 2095.70 
263 2478.21 
264 2307.74 
265 2336.94 
266 2496.96 
267 2181.40 
268 2395.78 
269 2256.01 
270 2222.16 
271 2297.84 
272 2517.34 
273 2354.87 
274 2224.35 
275 2326.65 
276 2370.86 
277 2304.89 
278 2104.15 
279 2247.34 
280 2534.64 
281 2453.33 
282 2239.29 
283 2268.99 
284 2477.69 
285 2474.78 
286 2251.85 
287 2505.20 
288 2537.07 
289 2481.60 
290 2337.29 
291 2347.97 
292 2302.06 
293 2362.59 
294 2338.96 
295 2414.25 
296 2612.08 
297 2314.60 
298 2308.86 
299 2397.95 
300 2670.44 
301 2285.81 
302 2384.89 
303 2444.95 
304 2426.32 
305 2374.21 
306 2387.67 
307 2344.17 
308 2373.30 
309 2471.55 
310 2321.41 
311 2349.71 
312 2354.84 
313 2225.61 
314 2366.55 
315 2464.47 
316 2455.44 
317 2439.14 
318 2280.37 
319 2089.97 
320 2348.13 
321 2366.34 
322 2304.70 
323 2256.83 
324 2320.74 
325 2626.80 
326 2447.12 
327 2389.85 
328 2616.79 
329 2224.78 
330 2180.64 
331 2556.66 
332 2295.95 
333 2223.67 
334 2387.43 
335 2562.16 
336 2315.66 
337 2599.16 
338 2355.46 
339 2332.19 
340 2660.34 
341 2438.71 
342 2512.86 
343 2245.55 
344 2346.19 
345 2478.70 
346 2358.35 
347 2303.26 
348 2327.68 
349 2525.93 
350 2496.41 
351 2336.42 
352 2438.59 
353 2534.78 
354 2261.44 
355 2494.88 
356 2370.21 
357 2450.12 
358 2537.36 
359 2697.36 
360 2184.49 
361 2455.77 
362 2361.20 
363 2567.71 
364 2489.71 
365 2290.69 
366 2168.73 
367 2535.35 
368 2402.53 
369 2343.19 
370 2216.28 
371 2433.16 
372 2396.94 
373 2557.80 
374 2284.00 
375 2365.70 
376 2457.06 
377 2434.18 
378 2457.96 
379 2368.41 
380 2648.37 
381 2361.89 
382 2391.70 
383 2674.39 
384 2322.60 
385 2539.28 
386 2463.93 
387 2452.67 
388 2510.55 
389 2515.68 
390 2440.17 
391 2464.50 
392 2495.09 
393 2539.68 
394 2529.27 
395 2394.86 
396 2314.60 
397 2527.97 
398 2353.55 
399 2356.74 
400 2374.30 
401 2664.50 
402 2461.24 
403 2496.36 
404 2442.94 
405 2549.26 
406 2442.01 
407 2276.25 
408 2301.65 
409 2300.19 
410 2191.94 
411 2506.56 
412 2215.61 
413 2337.66 
414 2437.15 
415 2364.29 
416 2370.67 
417 2533.13 
418 2331.36 
419 2256.44 
420 2428.75 
421 2366.29 
422 2405.30 
423 2436.47 
424 2429.82 
425 2551.33 
426 2385.97 
427 2394.14 
428 2459.17 
429 2549.29 
430 2295.81 
431 2346.12 
432 2434.22 
433 2518.89 
434 2339.58 
435 2218.21 
436 2528.28 
437 2505.10 
438 2598.80 
439 2444.89 
440 2496.02 
441 2447.04 
442 2455.02 
443 2493.60 
444 2678.25 
445 2582.78 
446 2169.87 
447 2456.07 
448 2397.39 
449 2266.88 
450 2402.89 
451 2450.55 
452 2566.50 
453 2313.50 
454 2466.78 
455 2507.42 
456 2549.79 
457 2476.33 
458 2279.10 
459 2473.62 
460 2605.66 
461 2253.25 
462 2626.28 
463 2260.61 
464 2566.80 
465 2511.37 
466 2437.25 
467 2697.41 
468 2543.54 
469 2602.58 
470 2464.67 
471 2326.26 
472 2453.66 
473 2577.52 
474 2702.37 
475 2503.93 
476 2385.99 
477 2312.48 
478 2429.23 
479 2494.11 
480 2449.16 
481 2548.41 
482 2532.41 
483 2334.41 
484 2478.47 
485 2657.78 
486 2372.61 
487 2634.95 
488 2449.16 
489 2567.49 
490 2204.00 
491 2609.30 
492 2132.31 
493 2355.89 
494 2280.34 
495 2302.47 
496 2507.51 
497 2249.12 
498 2392.08 
499 2504.12 
500 2539.57 
501 2335.09 
502 2394.47 
503 2384.31 
504 2536.67 
505 2245.77 
506 2373.73 
507 2695.28 
508 2515.82 
509 2619.22 
510 2532.90 
511 2435.65 
512 2530.61 
513 2522.60 
514 2185.85 
515 2505.84 
516 2592.70 
517 2390.35 
518 2362.08 
519 2433.97 
520 2236.12 
521 2243.30 
522 2586.87 
523 2574.29 
524 2339.28 
525 2273.81 
526 2234.83 
527 2519.19 
528 2516.75 
529 2592.91 
530 2418.10 
531 2511.19 
532 2585.95 
533 2728.68 
534 2483.70 
535 2565.78 
536 2298.46 
537 2432.64 
538 2381.95 
539 2555.38 
540 2318.63 
541 2528.61 
542 2508.56 
543 2512.50 
544 2561.33 
545 2642.39 
546 2505.59 
547 2481.15 
548 2351.03 
549 2652.54 
550 2462.54 
551 2600.70 
552 2394.94 
553 2588.27 
554 2379.34 
555 2248.90 
556 2449.13 
557 2507.13 
558 2342.24 
559 2612.73 
560 2439.88 
561 2499.49 
562 2525.72 
563 2381.26 
564 2475.94 
565 2570.25 
566 2262.64 
567 2700.20 
568 2460.53 
569 2349.35 
570 2345.01 
571 2239.33 
572 2473.60 
573 2340.23 
574 2401.65 
575 2479.03 
576 2653.50 
577 2602.23 
578 2638.31 
579 2674.26 
580 2497.36 
581 2693.51 
582 2467.35 
583 2434.46 
584 2453.93 
585 2269.90 
586 2317.58 
587 2493.60 
588 2420.56 
589 2646.95 
590 2488.31 
591 2570.49 
592 2306.53 
593 2630.71 
594 2550.47 
595 2430.96 
596 2421.21 
597 2465.60 
598 2085.42 
599 2692.40 
600 2578.86 
601 2690.32 
602 2533.89 
603 2662.81 
604 2483.72 
605 2393.61 
606 2478.02 
607 2515.19 
608 2479.50 
609 2642.74 
610 2609.45 
611 2591.81 
612 2480.68 
613 2615.29 
614 2426.76 
615 2277.65 
616 2558.84 
617 2512.85 
618 2589.40 
619 2487.60 
620 2388.70 
621 2519.95 
622 2349.72 
623 2442.76 
624 2419.32 
625 2425.96 
626 1953.18 
627 2778.98 
628 2587.33 
629 2476.33 
630 2659.74 
631 2127.54 
632 2468.18 
633 2480.55 
634 2495.11 
635 2562.04 
636 2277.35 
637 2554.26 
638 2321.46 
639 2483.16 
640 2515.28 
641 2350.28 
642 2431.49 
643 2363.02 
644 2354.13 
645 2537.37 
646 2512.02 
647 2441.16 
648 2451.66 
649 2607.36 
650 2560.30 
651 2589.53 
652 2460.43 
653 2616.28 
654 2437.29 
655 2251.50 
656 2299.25 
657 2418.11 
658 2406.78 
659 2185.41 
660 2714.22 
661 2560.78 
662 2511.01 
663 2571.27 
664 2490.46 
665 2403.03 
666 2506.63 
667 2720.41 
668 2614.05 
669 2423.32 
670 2543.08 
671 2273.51 
672 2577.50 
673 2314.52 
674 2305.19 
675 2539.39 
676 2512.10 
677 2476.86 
678 2440.26 
679 2333.45 
680 2314.65 
681 2297.48 
682 2341.53 
683 2525.91 
684 2509.45 
685 2435.22 
686 2486.30 
687 2453.94 
688 2294.00 
689 2448.84 
690 2372.78 
691 2335.02 
692 2580.34 
693 2554.78 
694 2353.18 
695 2461.86 
696 2554.25 
697 2557.57 
698 2406.70 
699 2362.79 
700 2323.76 
701 2554.39 
702 2419.40 
703 2483.67 
704 2455.74 
705 2475.23 
706 2405.27 
707 2500.81 
708 2421.17 
709 2217.41 
710 2453.68 
711 2377.18 
712 2426.12 
713 2497.32 
714 2529.16 
715 2518.99 
716 2569.98 
717 2480.51 
718 2456.16 
719 2299.97 
720 2346.56 
721 2606.20 
722 2547.42 
723 2627.95 
724 2681.94 
725 2350.41 
726 2537.90 
727 2571.72 
728 2459.52 
729 2217.11 
730 2437.44 
731 2477.74 
732 2656.13 
733 2500.33 
734 2481.26 
735 2576.72 
736 2502.73 
737 2522.73 
738 2720.59 
739 2604.46 
740 2664.10 
741 2557.61 
742 2521.26 
743 2416.27 
744 2206.05 
745 2343.14 
746 2500.25 
747 2495.55 
748 2464.27 
749 2654.12 
750 2480.07 
751 2359.85 
752 2380.59 
753 2741.64 
754 2413.17 
755 2431.96 
756 2676.07 
757 2589.80 
758 2478.75 
759 2391.54 
760 2597.23 
761 2382.31 
762 2486.89 
763 2579.23 
764 2527.61 
765 2499.84 
766 2547.69 
767 2710.08 
768 2426.79 
769 2631.87 
770 2496.75 
771 2557.69 
772 2375.47 
773 2485.91 
774 2630.56 
775 2668.18 
776 2293.78 
777 2721.97 
778 2481.50 
779 2496.31 
780 2457.21 
781 2408.44 
782 2613.22 
783 2332.72 
784 2429.96 
785 2367.40 
786 2597.77 
787 2658.20 
788 2621.83 
789 2543.89 
790 2375.93 
791 2501.85 
792 2367.47 
793 2519.74 
794 2471.48 
795 2564.86 
796 2351.53 
797 2551.74 
798 2671.88 
799 2679.11 
800 2620.31 
801 2511.66 
802 2474.58 
803 2365.10 
804 2633.30 
805 2422.46 
806 2351.34 
807 2540.36 
808 2469.27 
809 2539.10 
810 2703.81 
811 2678.77 
812 2327.85 
813 2490.98 
814 2575.59 
815 2421.36 
816 2476.88 
817 2546.13 
818 2523.33 
819 2603.61 
820 2422.17 
821 2546.75 
822 2506.66 
823 2615.59 
824 2485.52 
825 2443.95 
826 2535.76 
827 2598.27 
828 2551.56 
829 2496.31 
830 2495.33 
831 2500.10 
832 2348.13 
833 2551.56 
834 2564.38 
835 2342.09 
836 2455.33 
837 2484.90 
838 2736.79 
839 2434.62 
840 2833.55 
841 2657.98 
842 2461.93 
843 2347.42 
844 2519.03 
845 2608.21 
846 2429.26 
847 2615.80 
848 2533.75 
849 2848.82 
850 2525.50 
851 2460.82 
852 2294.08 
853 2408.53 
854 2388.25 
855 2522.20 
856 2184.78 
857 2672.13 
858 2569.78 
859 2571.66 
860 2599.99 
861 2465.75 
862 2381.43 
863 2527.90 
864 2451.67 
865 2553.37 
866 2597.46 
867 2503.46 
868 2563.59 
869 2426.80 
870 2785.94 
871 2825.51 
872 2468.47 
873 2767.23 
874 2637.50 
875 2431.83 
876 2144.75 
877 2618.83 
878 2480.77 
879 2649.70 
880 2485.16 
881 2681.67 
882 2423.11 
883 2519.72 
884 2559.08 
885 2677.94 
886 2346.23 
887 2402.64 
888 2357.71 
889 2517.94 
890 2665.99 
891 2656.42 
892 2743.66 
893 2447.01 
894 2426.98 
895 2447.50 
896 2148.96 
897 2575.19 
898 2604.77 
899 2465.02 
900 2631.39 
901 2434.08 
902 2658.41 
903 2532.82 
904 2441.34 
905 2607.27 
906 2509.73 
907 2414.15 
908 2501.39 
909 2528.23 
910 2731.18 
911 2313.44 
912 2538.85 
913 2149.36 
914 2510.19 
915 2618.28 
916 2650.73 
917 2599.09 
918 2593.03 
919 2463.68 
920 2483.19 
921 2595.42 
922 2459.74 
923 2637.91 
924 2471.81 
925 2427.02 
926 2628.51 
927 2593.06 
928 2427.29 
929 2463.10 
930 2574.15 
931 2524.70 
932 2640.81 
933 2566.70 
934 2427.73 
935 2410.59 
936 2647.06 
937 2520.53 
938 2652.09 
939 2489.60 
940 2444.55 
941 2673.11 
942 2236.49 
943 2301.79 
944 2442.84 
945 2328.21 
946 2522.65 
947 2545.56 
948 2519.03 
949 2445.82 
950 2497.21 
951 2601.12 
952 2492.82 
953 2595.82 
954 2627.74 
955 2621.45 
956 2442.04 
957 2470.17 
958 2521.46 
959 2581.07 
960 2768.02 
961 2707.14 
962 2587.97 
963 2209.68 
964 2460.64 
965 2748.39 
966 2587.91 
967 2388.93 
968 2687.15 
969 2777.18 
970 2682.73 
971 2375.58 
972 2445.84 
973 2500.54 
974 2672.62 
975 2601.16 
976 2535.75 
977 2505.11 
978 2730.22 
979 2609.36 
980 2355.98 
981 2507.53 
982 2596.30 
983 2507.54 
984 2381.00 
985 2530.56 
986 2285.99 
987 2591.39 
988 2581.57 
989 2336.32 
990 2393.94 
991 2486.61 
992 2471.75 
993 2173.36 
994 2435.16 
995 2512.83 
996 2539.89 
997 2542.56 
998 2352.44 
999 2645.92 
1000 2699.67 
1001 2588.49 
1002 2357.30 
1003 2328.15 
1004 2538.66 
1005 2469.72 
1006 2492.91 
1007 2459.28 
1008 2518.41 
1009 2527.15 
1010 2407.55 
1011 2602.74 
1012 2650.88 
1013 2508.36 
1014 2456.89 
1015 2834.19 
1016 2590.23 
1017 2466.17 
1018 2434.82 
1019 2555.37 
1020 2297.13 
1021 2431.42 
1022 2475.98 
1023 2465.23 
1024 2571.73 
1025 2563.71 
1026 2548.95 
1027 2661.43 
1028 2382.05 
1029 2662.83 
1030 2431.25 
1031 2474.98 
1032 2662.06 
1033 2532.93 
1034 2461.59 
1035 2462.04 
1036 2534.36 
1037 2543.71 
1038 2497.05 
1039 2759.35 
1040 2531.64 
1041 2675.73 
1042 2560.38 
1043 2672.60 
1044 2442.89 
1045 2263.71 
1046 2346.59 
1047 2628.94 
1048 2464.13 
1049 2578.37 
1050 2445.02 
1051 2487.50 
1052 2567.47 
1053 2525.97 
1054 2494.36 
1055 2389.07 
1056 2687.53 
1057 2533.88 
1058 2641.76 
1059 2270.39 
1060 2482.66 
1061 2544.00 
1062 2493.27 
1063 2710.44 
1064 2687.68 
1065 2576.15 
1066 2359.62 
1067 2467.32 
1068 2578.31 
1069 2543.40 
1070 2398.30 
1071 2275.10 
1072 2688.16 
1073 2459.42 
1074 2261.95 
1075 2527.89 
1076 2482.81 
1077 2241.83 
1078 2377.53 
1079 2311.88 
1080 2443.47 
1081 2509.92 
1082 2353.21 
1083 2529.02 
1084 2434.45 
1085 2538.48 
1086 2331.97 
1087 2701.67 
1088 2216.18 
1089 2630.84 
1090 2526.33 
1091 2481.41 
1092 2493.98 
1093 2608.36 
1094 2830.40 
1095 2644.17 
1096 2556.68 
1097 2547.04 
1098 2355.98 
1099 2497.16 
1100 2539.74 
1101 2473.66 
1102 2337.40 
1103 2433.19 
1104 2308.44 
1105 2461.04 
1106 2192.35 
1107 2491.08 
1108 2452.98 
1109 2299.75 
1110 2426.79 
1111 2463.13 
1112 2522.22 
1113 2540.73 
1114 2586.85 
1115 2460.53 
1116 2401.77 
1117 2469.64 
1118 2663.02 
1119 2624.68 
1120 2501.58 
1121 2177.78 
1122 2487.93 
1123 2507.26 
1124 2702.80 
1125 2531.67 
1126 2404.73 
1127 2586.18 
1128 2516.81 
1129 2526.70 
1130 2271.86 
1131 2648.50 
1132 2344.50 
1133 2198.78 
1134 2385.68 
1135 2495.62 
1136 2617.42 
1137 2558.87 
1138 2601.38 
1139 2505.41 
1140 2257.88 
1141 2361.21 
1142 2191.77 
1143 2538.87 
1144 2552.94 
1145 2550.59 
1146 2693.63 
1147 2311.05 
1148 2471.03 
1149 2559.73 
1150 2742.21 
1151 2514.27 
1152 2552.82 
1153 2634.95 
1154 2697.22 
1155 2624.55 
1156 2454.25 
1157 2489.02 
1158 2592.79 
1159 2437.37 
1160 2346.21 
1161 2330.57 
1162 2676.66 
1163 2655.69 
1164 2532.02 
1165 2619.60 
1166 2492.98 
1167 2420.65 
1168 2647.83 
1169 2330.14 
1170 2537.31 
1171 2553.67 
1172 2474.17 
1173 2286.90 
1174 2542.94 
1175 2439.94 
1176 2485.21 
1177 2464.13 
1178 2602.43 
1179 2416.64 
1180 2577.54 
1181 2387.53 
1182 2249.96 
1183 2449.10 
1184 2360.26 
1185 2403.60 
1186 2504.25 
1187 2326.49 
1188 2436.17 
1189 2368.28 
1190 2593.83 
1191 2655.38 
1192 2563.75 
1193 2477.57 
1194 2442.26 
1195 2383.56 
1196 2309.27 
1197 2555.93 
1198 2495.02 
1199 2494.42 
1200 2537.84 
1201 2556.78 
1202 2256.09 
1203 2617.00 
1204 2628.32 
1205 2389.30 
1206 2613.92 
1207 2447.90 
1208 2440.17 
1209 2527.09 
1210 2666.49 
1211 2340.36 
1212 2741.52 
1213 2570.88 
1214 2567.18 
1215 2644.53 
1216 2550.33 
1217 2603.34 
1218 2660.10 
1219 2611.62 
1220 2610.39 
1221 2468.05 
1222 2911.96 
1223 2521.36 
1224 2542.09 
1225 2429.23 
1226 2453.82 
1227 2529.82 
1228 2358.72 
1229 2563.99 
1230 2445.20 
1231 2543.66 
1232 2575.82 
1233 2481.66 
1234 2535.33 
1235 2442.28 
1236 2461.52 
1237 2601.59 
1238 2592.26 
1239 2494.98 
1240 2498.31 
1241 2529.38 
1242 1971.38 
1243 2604.39 
1244 2574.09 
1245 2598.86 
1246 2755.10 
1247 2597.32 
1248 2367.96 
1249 2554.83 
1250 2436.15 
1251 2227.58 
1252 2564.56 
1253 2222.17 
1254 2552.32 
1255 2638.65 
1256 2463.98 
1257 2542.35 
1258 2473.72 
1259 2694.73 
1260 2604.29 
1261 2278.82 
1262 2378.86 
1263 2625.65 
1264 2315.69 
1265 2748.58 
1266 2572.84 
1267 2682.75 
1268 2472.71 
1269 2545.63 
1270 2475.23 
1271 2366.50 
1272 2428.33 
1273 2593.04 
1274 2557.54 
1275 2505.26 
1276 2624.61 
1277 2481.71 
1278 2582.04 
1279 2860.33 
1280 2457.17 
1281 2644.61 
1282 2650.35 
1283 2570.70 
1284 2464.05 
1285 2460.52 
1286 2419.81 
1287 2173.00 
1288 2371.27 
1289 2564.40 
1290 2529.99 
1291 2522.25 
1292 2564.85 
1293 2514.03 
1294 2410.75 
1295 2508.19 
1296 2701.39 
1297 2586.81 
1298 2442.29 
1299 2308.26 
1300 2542.65 
1301 2730.42 
1302 2605.72 
1303 2319.26 
1304 2418.52 
1305 2605.56 
1306 2558.63 
1307 2534.85 
1308 2505.53 
1309 2577.94 
1310 2618.62 
1311 2642.16 
1312 2382.51 
1313 2453.93 
1314 2452.35 
1315 2441.30 
1316 2412.36 
1317 2486.81 
1318 2448.13 
1319 2292.26 
1320 2695.74 
1321 2658.19 
1322 2286.71 
1323 2673.66 
1324 2537.61 
1325 2690.67 
1326 2776.49 
1327 2363.95 
1328 2602.85 
1329 2615.25 
1330 2501.72 
1331 2530.23 
1332 2606.78 
1333 2639.40 
1334 2365.89 
1335 2478.40 
1336 2458.95 
1337 2377.01 
1338 2283.23 
1339 2489.44 
1340 2563.44 
1341 2353.22 
1342 2455.00 
1343 2340.89 
1344 2593.20 
1345 2420.07 
1346 2611.07 
1347 2492.27 
1348 2299.26 
1349 2577.15 
1350 2453.39 
1351 2576.51 
1352 2491.12 
1353 2481.11 
1354 2496.40 
1355 2634.40 
1356 2557.35 
1357 2638.15 
1358 2543.80 
1359 2481.60 
1360 2351.53 
1361 2693.27 
1362 2648.76 
1363 2634.77 
1364 2503.45 
1365 2858.29 
1366 2382.34 
1367 2678.76 
1368 2502.17 
1369 2614.40 
1370 2424.29 
1371 2697.27 
1372 2499.71 
1373 2405.24 
1374 2828.22 
1375 2504.86 
1376 2670.15 
1377 2457.29 
1378 2657.37 
1379 2514.10 
1380 2394.25 
1381 2496.60 
1382 2563.65 
1383 2351.26 
1384 2428.99 
1385 2419.83 
1386 2479.24 
1387 2667.49 
1388 2253.19 
1389 2471.85 
1390 2432.85 
1391 2391.64 
1392 2502.47 
1393 2429.39 
1394 2628.94 
1395 2495.59 
1396 2466.72 
1397 2421.82 
1398 2532.01 
1399 2398.88 
1400 2357.57 
