Seed 0:
0 -155.34 
1 -141.11 
2 -221.44 
3 -97.63 
4 -128.01 
5 -110.33 
6 -126.29 
7 -327.44 
8 -123.85 
9 -92.21 
10 -76.34 
11 -233.57 
12 -96.45 
13 -1.72 
14 -222.96 
15 -128.87 
16 -100.89 
17 -135.62 
18 -145.25 
19 -108.45 
20 -121.18 
21 -53.69 
22 -196.61 
23 -143.69 
24 -153.67 
25 25.08 
26 -136.89 
27 -120.20 
28 -146.38 
29 -131.44 
30 -211.49 
31 -227.16 
32 -150.61 
33 -124.97 
34 -101.43 
35 -133.26 
36 -208.65 
37 -147.13 
38 -127.85 
39 -108.43 
40 -128.26 
41 -110.11 
42 -171.45 
43 -134.22 
44 -115.93 
45 -88.27 
46 -135.91 
47 -109.43 
48 -82.01 
49 -106.16 
50 -91.68 
51 -52.02 
52 -150.33 
53 -137.38 
54 -192.69 
55 -20.45 
56 -144.20 
57 -122.71 
58 -135.82 
59 -182.99 
60 -78.11 
61 -91.27 
62 -145.69 
63 -127.77 
64 -104.73 
65 -72.63 
66 -146.83 
67 -106.65 
68 -59.46 
69 -190.05 
70 -70.91 
71 -72.99 
72 -108.10 
73 -116.54 
74 -137.15 
75 -95.49 
76 -67.91 
77 -344.04 
78 -64.17 
79 -59.31 
80 -83.20 
81 -87.32 
82 -66.36 
83 -18.64 
84 -86.91 
85 -87.87 
86 -22.97 
87 -135.22 
88 -105.58 
89 -109.23 
90 -66.30 
91 -224.81 
92 -71.91 
93 -102.22 
94 30.03 
95 -62.26 
96 -50.70 
97 -72.77 
98 -82.98 
99 -55.26 
100 -83.13 
101 -49.13 
102 -34.46 
103 -29.26 
104 -65.75 
105 -71.76 
106 -46.12 
107 -51.11 
108 -57.76 
109 -66.26 
110 -24.52 
111 -32.60 
112 -29.91 
113 -73.06 
114 -16.92 
115 -76.26 
116 -60.26 
117 -18.74 
118 -63.86 
119 -45.38 
120 -19.22 
121 -88.76 
122 -27.74 
123 -23.13 
124 -67.52 
125 -46.83 
126 -30.85 
127 -36.55 
128 -20.68 
129 -40.01 
130 -76.21 
131 24.53 
132 2.36 
133 -0.16 
134 -20.21 
135 -9.20 
136 -23.94 
137 -11.19 
138 -31.89 
139 18.81 
140 -51.04 
141 -19.19 
142 122.92 
143 -2.80 
144 3.11 
145 -25.11 
146 -13.66 
147 -62.38 
148 -11.16 
149 45.69 
150 -1.91 
151 -8.48 
152 14.40 
153 5.66 
154 6.61 
155 -2.91 
156 -16.05 
157 -30.67 
158 33.91 
159 -11.95 
160 6.09 
161 18.51 
162 -34.60 
163 -19.45 
164 -8.97 
165 -30.46 
166 -26.16 
167 1.50 
168 11.78 
169 -35.27 
170 -11.64 
171 10.74 
172 -0.69 
173 4.20 
174 -34.29 
175 -42.59 
176 17.59 
177 -2.76 
178 2.73 
179 -28.41 
180 -45.69 
181 26.76 
182 -7.76 
183 -4.49 
184 -14.80 
185 -11.07 
186 -4.18 
187 -11.61 
188 -9.55 
189 1.20 
190 33.04 
191 21.65 
192 1.26 
193 -3.25 
194 15.13 
195 1.12 
196 10.04 
197 5.06 
198 10.72 
199 26.19 
200 -36.46 
201 -19.21 
202 4.33 
203 -5.10 
204 -27.67 
205 -13.81 
206 32.60 
207 0.95 
208 8.93 
209 41.66 
210 22.87 
211 -10.30 
212 -31.16 
213 21.44 
214 23.79 
215 -21.22 
216 15.25 
217 -0.33 
218 139.95 
219 0.28 
220 47.52 
221 11.00 
222 -29.23 
223 -21.21 
224 14.63 
225 0.23 
226 -17.42 
227 48.69 
228 -0.31 
229 8.81 
230 15.82 
231 14.11 
232 41.94 
233 12.14 
234 -4.49 
235 11.30 
236 60.28 
237 -1.16 
238 66.44 
239 26.35 
240 9.88 
241 22.60 
242 -13.12 
243 -2.38 
244 -41.85 
245 -10.72 
246 -28.80 
247 18.80 
248 -31.17 
249 -25.17 
250 30.17 
251 30.10 
252 16.08 
253 -3.51 
254 30.33 
255 11.41 
256 -3.31 
257 53.14 
258 -34.09 
259 1.73 
260 45.59 
261 34.49 
262 47.91 
263 44.12 
264 35.22 
265 36.26 
266 66.55 
267 30.98 
268 236.83 
269 23.10 
270 243.89 
271 21.06 
272 16.46 
273 169.36 
274 155.65 
275 43.98 
276 -4.36 
277 172.77 
278 56.30 
279 216.21 
280 112.08 
281 59.48 
282 242.02 
283 219.10 
284 -0.63 
285 64.56 
286 60.64 
287 222.16 
288 28.59 
289 39.26 
290 96.82 
291 260.77 
292 115.91 
293 48.22 
294 20.52 
295 25.22 
296 -3.40 
297 147.53 
298 235.01 
299 115.04 
300 58.83 
301 45.41 
302 27.79 
303 188.13 
304 98.75 
305 14.73 
306 89.42 
307 145.11 
308 170.14 
309 286.35 
310 41.41 
311 6.39 
312 250.99 
313 111.24 
314 65.51 
315 204.44 
316 199.93 
317 68.78 
318 234.64 
319 247.77 
320 281.87 
321 183.00 
322 202.18 
323 29.23 
324 107.29 
325 80.08 
326 230.64 
327 71.00 
328 57.82 
329 44.54 
330 90.23 
331 175.35 
332 210.52 
333 259.25 
334 213.93 
335 118.99 
336 203.22 
337 245.56 
338 273.70 
339 230.31 
340 229.61 
341 271.29 
342 236.08 
343 229.88 
344 -159.25 
345 -54.20 
346 223.65 
347 223.57 
348 210.04 
349 130.18 
350 256.17 
351 46.30 
352 93.86 
353 164.59 
354 278.06 
355 263.90 
356 67.16 
357 240.19 
358 280.26 
359 246.06 
360 81.41 
361 268.95 
362 291.08 
363 267.69 
364 192.15 
365 98.75 
366 83.45 
367 175.90 
368 236.85 
369 245.32 
370 190.06 
371 64.35 
372 262.28 
373 222.15 
374 246.11 
375 253.15 
376 283.54 
377 206.08 
378 270.03 
379 186.09 
380 235.77 
381 250.01 
382 216.93 
383 46.99 
384 39.27 
385 258.61 
386 266.35 
387 47.78 
388 37.13 
389 38.59 
390 98.68 
391 80.55 
392 103.13 
393 213.52 
394 244.95 
395 108.07 
396 238.10 
397 -18.06 
398 43.40 
399 259.94 
400 95.54 
