Seed 0:
0 -960.78 
1 -865.41 
2 -1098.33 
3 -419.52 
4 -149.00 
5 -194.22 
6 -221.53 
7 -191.96 
8 -188.06 
9 -196.49 
10 -213.92 
11 -190.97 
12 -194.82 
13 -241.96 
14 -271.54 
15 -211.82 
16 -283.45 
17 -294.43 
18 -292.50 
19 -302.52 
20 -205.58 
21 209.84 
22 404.48 
23 298.49 
24 417.62 
25 376.89 
26 668.66 
27 575.84 
28 689.49 
29 751.92 
30 784.57 
31 791.21 
32 1079.53 
33 1124.96 
34 1289.20 
35 1402.53 
36 1462.59 
37 1444.67 
38 1463.77 
39 1246.74 
40 1551.24 
41 1295.81 
42 1331.32 
43 1296.21 
44 1408.88 
45 1475.15 
46 1361.04 
47 1498.13 
48 1375.99 
49 1642.73 
50 1690.53 
51 1545.12 
52 1660.46 
53 1633.73 
54 1261.27 
55 1546.24 
56 1430.26 
57 1429.60 
58 1453.11 
59 1550.57 
60 1447.94 
61 1462.98 
62 1467.34 
63 1737.23 
64 1653.46 
65 1664.30 
66 1632.14 
67 1632.19 
68 1734.42 
69 1716.66 
70 1725.72 
71 1596.41 
72 1754.11 
73 1528.53 
74 1618.50 
75 1842.48 
76 1541.71 
77 1712.64 
78 1767.46 
79 1548.13 
80 1589.52 
81 1874.32 
82 1556.17 
83 1623.24 
84 1592.12 
85 1647.39 
86 1763.01 
87 1563.44 
88 1567.90 
89 1522.90 
90 1771.39 
91 1851.89 
92 1905.97 
93 1674.21 
94 1905.62 
95 1670.08 
96 1744.10 
97 1516.11 
98 1844.32 
99 1783.96 
100 1877.48 
101 1915.16 
102 1860.04 
103 1868.46 
104 1877.23 
105 1793.83 
106 1956.60 
107 1972.49 
108 1646.70 
109 1839.54 
110 1896.73 
111 1763.15 
112 1739.48 
113 1654.05 
114 1443.34 
115 1623.74 
116 1903.06 
117 1941.49 
118 2006.76 
119 1975.77 
120 1929.34 
121 1989.01 
122 1785.62 
123 1866.49 
124 1931.37 
125 1727.52 
126 1874.31 
127 1730.05 
128 1943.96 
129 1876.02 
130 1674.93 
131 1806.96 
132 2161.51 
133 1835.57 
134 1990.39 
135 1929.80 
136 1744.18 
137 1926.10 
138 1800.62 
139 2243.65 
140 1999.53 
141 2078.46 
142 1814.60 
143 2119.19 
144 2053.35 
145 1813.84 
146 2104.61 
147 1787.21 
148 1835.95 
149 2090.79 
150 1931.65 
151 1919.24 
152 1875.54 
153 2230.14 
154 1984.25 
155 2099.14 
156 1759.41 
157 2064.50 
158 1745.87 
159 2101.11 
160 2090.09 
161 1792.06 
162 1751.22 
163 1870.30 
164 2154.68 
165 2077.06 
166 1718.74 
167 1853.06 
168 1925.11 
169 2131.44 
170 2165.78 
171 1776.12 
172 2010.74 
173 1935.98 
174 2082.81 
175 2002.81 
176 1996.23 
177 1779.55 
178 1916.20 
179 2146.18 
180 2005.39 
181 1811.25 
182 2051.01 
183 1974.25 
184 2075.73 
185 2394.38 
186 2208.43 
187 1866.61 
188 2187.29 
189 2216.31 
190 2155.90 
191 2044.14 
192 2078.98 
193 1918.40 
194 1983.46 
195 1940.96 
196 2097.24 
197 1881.38 
198 2030.21 
199 1984.74 
200 2147.42 
201 1857.46 
202 2039.17 
203 2110.05 
204 1912.76 
205 1772.31 
206 2084.71 
207 1920.93 
208 2355.28 
209 2175.12 
210 2297.31 
211 2277.13 
212 2059.35 
213 2271.85 
214 2219.80 
215 2044.84 
216 2200.46 
217 2274.32 
218 2047.05 
219 1796.30 
220 2113.86 
221 2032.35 
222 1953.02 
223 2324.16 
224 1877.18 
225 2153.42 
226 2122.23 
227 1946.72 
228 2223.53 
229 2189.65 
230 2041.21 
231 1929.31 
232 2094.48 
233 2190.97 
234 2316.71 
235 2037.57 
236 2125.96 
237 2190.46 
238 2289.00 
239 2210.32 
240 1888.61 
241 2119.77 
242 2121.13 
243 2130.55 
244 2164.69 
245 1965.88 
246 2144.50 
247 1895.70 
248 2148.58 
249 2169.65 
250 1988.62 
251 1869.33 
252 1951.17 
253 2006.78 
254 2248.81 
255 2312.91 
256 2601.23 
257 2158.63 
258 2168.79 
259 2312.81 
260 2146.30 
261 2317.21 
262 2127.22 
263 1892.05 
264 2020.82 
265 2103.38 
266 1909.15 
267 2271.88 
268 2153.64 
269 2087.22 
270 2370.44 
271 1947.77 
272 2391.37 
273 2039.61 
274 2146.55 
275 1865.41 
276 2064.33 
277 1904.11 
278 2069.46 
279 1991.51 
280 2205.18 
281 1953.22 
282 2324.32 
283 2058.74 
284 1979.36 
285 2289.44 
286 1934.60 
287 2025.96 
288 1981.51 
289 2161.52 
290 2088.75 
291 2337.91 
292 2009.06 
293 2352.09 
294 2208.35 
295 1996.67 
296 2144.14 
297 1848.44 
298 1961.66 
299 2102.27 
300 2280.09 
301 1995.89 
302 2295.54 
303 2147.12 
304 2359.05 
305 2447.74 
306 2046.02 
307 2212.02 
308 2224.33 
309 2161.03 
310 2078.76 
311 2289.06 
312 2137.89 
313 2112.92 
314 2146.11 
315 2006.82 
316 2223.05 
317 2145.21 
318 2420.02 
319 2169.39 
320 2200.08 
321 2595.48 
322 2210.71 
323 2382.26 
324 1971.91 
325 2216.96 
326 1956.03 
327 2289.18 
328 2190.63 
329 1961.95 
330 2276.84 
331 2123.97 
332 2133.56 
333 2058.35 
334 2310.94 
335 2158.68 
336 1997.57 
337 2140.76 
338 1991.30 
339 2099.79 
340 2430.10 
341 1818.21 
342 2213.96 
343 2317.67 
344 2220.93 
345 2382.02 
346 2092.32 
347 2187.47 
348 2261.85 
349 2284.10 
350 2074.56 
351 2098.46 
352 2017.33 
353 1981.44 
354 2086.23 
355 2231.83 
356 2225.58 
357 2008.23 
358 2116.00 
359 2263.97 
360 2199.75 
361 2225.12 
362 2506.29 
363 2284.30 
364 2202.24 
365 2233.84 
366 2227.37 
367 2315.39 
368 2096.24 
369 2209.33 
370 2230.90 
371 2184.91 
372 2166.60 
373 2277.89 
374 2053.90 
375 2134.34 
376 2185.36 
377 2404.41 
378 2273.96 
379 2384.60 
380 2218.03 
381 2118.92 
382 2384.00 
383 2148.48 
384 2110.48 
385 2043.21 
386 2396.64 
387 2358.89 
388 2361.52 
389 2106.31 
390 2329.43 
391 2029.25 
392 2247.57 
393 2161.17 
394 2274.74 
395 2241.52 
396 2358.14 
397 2192.38 
398 2270.74 
399 2198.32 
400 2150.63 
401 2409.76 
402 2224.38 
403 2035.46 
404 2147.99 
405 2226.54 
406 2406.97 
407 2121.39 
408 2262.00 
409 2223.27 
410 1950.23 
411 2217.10 
412 2329.55 
413 2135.88 
414 1077.40 
415 2324.59 
416 2159.64 
417 1963.80 
418 2338.78 
419 2031.90 
420 2317.63 
421 2086.76 
422 2015.75 
423 2114.09 
424 2383.48 
425 2151.42 
426 2193.04 
427 1845.53 
428 2313.98 
429 2124.13 
430 2081.27 
431 1810.77 
432 2183.26 
433 2017.01 
434 2226.38 
435 2334.62 
436 2275.84 
437 2301.15 
438 2186.04 
439 2320.90 
440 2322.18 
441 2088.60 
442 2092.14 
443 2214.46 
444 2200.46 
445 2334.40 
446 2351.05 
447 1909.60 
448 2209.43 
449 2076.60 
450 2322.00 
451 2095.54 
452 2373.07 
453 2384.09 
454 2354.11 
455 2289.60 
456 2244.45 
457 2343.03 
458 2160.09 
459 2183.08 
460 2160.21 
461 2376.85 
462 2106.27 
463 1996.10 
464 2415.42 
465 2180.46 
466 2383.80 
467 2313.29 
468 2097.07 
469 2025.11 
470 2449.26 
471 2229.60 
472 2192.94 
473 2544.22 
474 2398.16 
475 2170.88 
476 2157.09 
477 2205.14 
478 2296.25 
479 2517.77 
480 2280.49 
481 2190.99 
482 2318.67 
483 2160.66 
484 2242.98 
485 2016.18 
486 2395.61 
487 2444.65 
488 2423.30 
489 2112.87 
490 2352.42 
491 2133.63 
492 2026.98 
493 2380.22 
494 2313.29 
495 2195.53 
496 2220.02 
497 2477.66 
498 2383.82 
499 2269.60 
500 2326.92 
501 2231.55 
502 2282.34 
503 2453.35 
504 2262.28 
505 2216.33 
506 1928.08 
507 2510.89 
508 2304.08 
509 2236.84 
510 2201.83 
511 2507.47 
512 2364.88 
513 2276.65 
514 2181.17 
515 2459.61 
516 2171.92 
517 2202.52 
518 2209.27 
519 2337.63 
520 2255.19 
521 2005.15 
522 2042.84 
523 2393.69 
524 1991.83 
525 2280.44 
526 2074.51 
527 2091.10 
528 2368.32 
529 2489.57 
530 2100.25 
531 2353.00 
532 2158.48 
533 2394.26 
534 2087.45 
535 2294.45 
536 2336.00 
537 2161.21 
538 2339.88 
539 2643.59 
540 2418.85 
541 2583.43 
542 2310.19 
543 2158.15 
544 2200.57 
545 2322.85 
546 2452.91 
547 2333.49 
548 2174.27 
549 2333.09 
550 2152.48 
551 2055.52 
552 2172.31 
553 2175.90 
554 2271.42 
555 2436.40 
556 2088.58 
557 2370.30 
558 2179.59 
559 2188.15 
560 2137.86 
561 2084.80 
562 2637.70 
563 2227.04 
564 2443.45 
565 2046.30 
566 2313.44 
567 2337.00 
568 2446.89 
569 2399.21 
570 2135.31 
571 2405.81 
572 2072.18 
573 2505.05 
574 2494.67 
575 2166.60 
576 2153.40 
577 1879.79 
578 2592.82 
579 2031.12 
580 2319.76 
581 2234.66 
582 2303.08 
583 2347.78 
584 2490.66 
585 2471.77 
586 2410.57 
587 2363.51 
588 2051.63 
589 2496.61 
590 2175.61 
591 2076.61 
592 2058.39 
593 2178.00 
594 2348.29 
595 2111.62 
596 2102.08 
597 2320.72 
598 2320.75 
599 2127.47 
600 2250.75 
601 2334.87 
602 2053.92 
603 2273.57 
604 2155.66 
605 2377.18 
606 2327.03 
607 2427.24 
608 2426.69 
609 2178.62 
610 2383.88 
611 1968.39 
612 2118.43 
613 2354.14 
614 2005.04 
615 2401.02 
616 2563.37 
617 2356.64 
618 2253.13 
619 2138.62 
620 2412.94 
621 2050.72 
622 2042.02 
623 2293.18 
624 2085.03 
625 2353.41 
626 2235.69 
627 2129.93 
628 2247.18 
629 2300.77 
630 2264.94 
631 2257.26 
632 2199.35 
633 2469.22 
634 2102.43 
635 2189.64 
636 2169.37 
637 2229.98 
638 2005.72 
639 2493.09 
640 2368.38 
641 1919.06 
642 1796.42 
643 2404.55 
644 2257.50 
645 2214.35 
646 2248.20 
647 2311.16 
648 2078.71 
649 2327.98 
650 2219.30 
651 2340.41 
652 2374.49 
653 2402.29 
654 2387.24 
655 2284.07 
656 2070.51 
657 1983.95 
658 1893.24 
659 2277.76 
660 1979.88 
661 2363.61 
662 2195.77 
663 2240.70 
664 2308.75 
665 2202.65 
666 2238.16 
667 2282.75 
668 2304.18 
669 2468.29 
670 2365.89 
671 2472.43 
672 2160.44 
673 2125.26 
674 2252.12 
675 2249.99 
676 2070.57 
677 2384.62 
678 2373.77 
679 2285.37 
680 2313.14 
681 2426.16 
682 2432.53 
683 2103.54 
684 2333.11 
685 2102.98 
686 2324.56 
687 2367.96 
688 2178.72 
689 2247.22 
690 2387.02 
691 2109.17 
692 2409.43 
693 2149.97 
694 2325.61 
695 2284.23 
696 2301.52 
697 2308.15 
698 2349.76 
699 2504.24 
700 2387.24 
701 2347.00 
702 2003.83 
703 2486.72 
704 2252.00 
705 2641.21 
706 2484.12 
707 2213.89 
708 2242.02 
709 2213.12 
710 2295.92 
711 2380.40 
712 2440.70 
713 2255.01 
714 2294.48 
715 2417.51 
716 2386.91 
717 2094.41 
718 1821.94 
719 2154.13 
720 2272.14 
721 2079.66 
722 2034.42 
723 2337.48 
724 2190.76 
725 2393.30 
726 2457.80 
727 2506.28 
728 2453.61 
729 2143.33 
730 2328.67 
731 2428.74 
732 2422.51 
733 2170.84 
734 2199.17 
735 2120.01 
736 2449.99 
737 2153.12 
738 2428.32 
739 2179.70 
740 2395.35 
741 2325.53 
742 2466.45 
743 2136.37 
744 2282.81 
745 2149.53 
746 2444.18 
747 2391.28 
748 2316.89 
749 2422.25 
750 1976.75 
751 2334.70 
752 2413.56 
753 2232.47 
754 2355.62 
755 2204.36 
756 2205.44 
757 2256.52 
758 2274.76 
759 1822.28 
760 2374.46 
761 2208.64 
762 2068.35 
763 2186.67 
764 2395.50 
765 2398.22 
766 2228.11 
767 2362.31 
768 2352.36 
769 2360.00 
770 2280.04 
771 2453.71 
772 1995.64 
773 2210.48 
774 2621.81 
775 2518.19 
776 2145.36 
777 2218.56 
778 2297.21 
779 2068.34 
780 2332.08 
781 2550.01 
782 2267.89 
783 2380.15 
784 2092.98 
785 2360.97 
786 2328.04 
787 2010.55 
788 2370.55 
789 2632.51 
790 1972.13 
791 2202.38 
792 2472.83 
793 1956.39 
794 2272.06 
795 2505.69 
796 2191.36 
797 2169.61 
798 2107.44 
799 2486.27 
800 2316.65 
801 2464.21 
802 2327.29 
803 2103.76 
804 2272.26 
805 2344.81 
806 2175.64 
807 2450.76 
808 2265.03 
809 2512.27 
810 2145.44 
811 2255.28 
812 2448.76 
813 2336.96 
814 2348.88 
815 2472.23 
816 2433.80 
817 2166.10 
818 2427.14 
819 2236.88 
820 2267.59 
821 2189.14 
822 2328.36 
823 2301.09 
824 2484.15 
825 2119.36 
826 2266.98 
827 2212.60 
828 2568.94 
829 2343.31 
830 2340.97 
831 2475.70 
832 2256.83 
833 2203.33 
834 2307.57 
835 2619.63 
836 2293.72 
837 2198.48 
838 2326.64 
839 2301.19 
840 2130.07 
841 2192.48 
842 2391.58 
843 2409.16 
844 2207.54 
845 2558.67 
846 2337.19 
847 2179.09 
848 2467.79 
849 2479.28 
850 2112.10 
851 2284.05 
852 2219.86 
853 2150.61 
854 2594.21 
855 2432.67 
856 2294.99 
857 2376.32 
858 2292.19 
859 2167.10 
860 2323.72 
861 2315.69 
862 2311.21 
863 2055.27 
864 2297.09 
865 2277.94 
866 2249.39 
867 2515.42 
868 2321.76 
869 2414.43 
870 1964.82 
871 1781.14 
872 2657.00 
873 2364.27 
874 2186.05 
875 2462.03 
876 2388.74 
877 2308.38 
878 2504.45 
879 2181.54 
880 2345.29 
881 2208.61 
882 2460.13 
883 2307.52 
884 2666.07 
885 2355.67 
886 2141.18 
887 2165.51 
888 2292.69 
889 2400.53 
890 2281.79 
891 2344.59 
892 2413.78 
893 2395.89 
894 2370.50 
895 2531.23 
896 2281.12 
897 2354.12 
898 2004.91 
899 2451.53 
900 2327.48 
901 2556.98 
902 1974.55 
903 2426.00 
904 2502.95 
905 2109.84 
906 2165.59 
907 2344.75 
908 1852.64 
909 2393.71 
910 1990.58 
911 2328.52 
912 2622.75 
913 2102.14 
914 2337.89 
915 2454.85 
916 2122.78 
917 2433.66 
918 2521.49 
919 2170.85 
920 2296.56 
921 2090.54 
922 2357.54 
923 2332.29 
924 2285.87 
925 2390.34 
926 2437.97 
927 2265.64 
928 2365.52 
929 2393.00 
930 2352.17 
931 2516.69 
932 2472.64 
933 2318.09 
934 2616.53 
935 2101.37 
936 2056.61 
937 2224.70 
938 2638.78 
939 2220.54 
940 2224.46 
941 2242.11 
942 2422.70 
943 2573.49 
944 2437.93 
945 2346.04 
946 2244.58 
947 2309.13 
948 2461.56 
949 2184.52 
950 2339.27 
951 2250.28 
952 2411.85 
953 2328.54 
954 2342.15 
955 2379.29 
956 2394.95 
957 2208.01 
958 2123.61 
959 2336.30 
960 2374.87 
961 2015.96 
962 2468.35 
963 2149.54 
964 2115.70 
965 2369.64 
966 2346.71 
967 2343.60 
968 2161.33 
969 2573.14 
970 2069.34 
971 2042.96 
972 1946.91 
973 2322.80 
974 2282.39 
975 2576.13 
976 2492.86 
977 2175.34 
978 2533.38 
979 2089.43 
980 2341.50 
981 2084.56 
982 2120.18 
983 2290.14 
984 2270.88 
985 2358.38 
986 2373.27 
987 2482.57 
988 2483.63 
989 2384.24 
990 2618.72 
991 2104.40 
992 2159.27 
993 2097.61 
994 2343.90 
995 2620.74 
996 2326.73 
997 2270.69 
998 2240.78 
999 2450.75 
1000 2422.27 
1001 2496.32 
1002 2249.85 
1003 2137.19 
1004 2429.79 
1005 2369.90 
1006 2212.09 
1007 2154.90 
1008 2100.32 
1009 2277.81 
1010 2306.57 
1011 2445.78 
1012 2262.15 
1013 2460.18 
1014 2460.54 
0 2315.19 
1 2570.84 
2 2129.62 
3 2430.00 
4 2406.88 
5 2323.93 
6 2212.88 
7 2431.63 
8 2349.12 
9 2147.83 
10 2287.12 
11 2488.57 
12 2130.62 
13 2326.53 
14 2000.25 
15 2369.61 
16 2079.02 
17 2617.76 
18 2285.32 
19 2108.50 
20 2345.15 
21 2222.77 
22 2141.17 
23 2580.29 
24 2431.41 
25 2363.74 
26 2445.26 
27 2414.09 
28 2469.45 
29 2568.93 
30 2149.51 
31 2215.01 
32 2312.08 
33 2622.36 
34 2197.20 
35 2002.53 
36 2287.17 
37 2552.50 
38 2631.68 
39 2575.13 
40 2328.12 
41 2120.18 
42 2404.52 
43 2379.31 
44 2172.65 
45 2113.23 
46 2244.20 
47 2280.51 
48 2221.50 
49 2186.66 
50 2281.20 
51 2308.24 
52 2217.21 
53 2382.99 
54 2492.41 
55 2402.04 
56 2561.43 
57 2490.33 
58 1954.17 
59 2099.63 
60 2203.09 
61 2455.95 
62 2298.12 
63 2397.02 
64 2061.74 
65 2421.43 
66 2496.44 
67 2414.43 
68 2492.63 
69 2405.54 
70 2422.45 
71 2288.82 
72 2296.70 
73 2338.27 
74 2447.07 
75 2341.27 
76 2133.16 
77 2292.33 
78 2290.88 
79 2328.69 
80 2144.63 
81 2202.86 
82 2425.53 
83 2219.41 
84 2443.07 
85 2105.58 
86 2376.67 
87 2353.83 
88 2075.69 
89 2278.01 
90 2937.95 
91 2105.86 
92 2448.87 
93 2324.42 
94 2602.34 
95 2476.45 
96 2427.54 
97 2477.82 
98 2366.24 
99 2034.37 
100 2119.06 
101 2278.20 
102 2539.65 
103 2640.23 
104 2362.35 
105 2358.47 
106 2122.53 
107 2379.61 
108 2505.60 
109 2178.29 
110 2411.29 
111 2452.56 
112 2092.06 
113 2120.16 
114 2168.40 
115 2341.80 
116 2349.60 
117 2313.68 
118 2114.87 
119 2353.45 
120 2052.60 
121 2554.20 
122 2276.73 
123 2417.07 
124 2508.73 
125 2367.03 
126 2361.50 
127 2283.58 
128 2445.39 
129 2402.03 
130 2231.89 
131 2128.43 
132 2401.81 
133 2400.13 
134 2550.00 
135 2227.26 
136 2399.50 
137 2224.59 
138 2295.55 
139 2065.58 
140 2266.81 
141 2498.66 
142 2053.65 
143 2403.91 
144 2632.81 
145 2464.32 
146 2317.67 
147 2294.84 
148 2531.07 
149 2452.90 
150 2114.11 
151 2025.51 
152 2407.38 
153 2527.57 
154 2024.72 
155 2501.18 
156 2420.94 
157 2263.07 
158 2488.13 
159 2402.25 
160 2459.46 
161 2318.47 
162 2368.64 
163 2540.97 
164 2087.68 
165 2313.75 
166 2477.74 
167 2073.69 
168 2173.69 
169 2579.06 
170 2525.85 
171 2379.03 
172 2266.54 
173 2053.01 
174 2254.30 
175 2319.50 
176 2479.78 
177 2298.51 
178 2143.02 
179 2524.42 
180 2316.19 
181 2237.92 
182 2299.69 
183 2333.55 
184 2328.26 
185 2148.16 
186 2485.84 
187 2424.96 
188 2371.16 
189 2543.05 
190 2383.09 
191 2214.46 
192 2286.94 
193 2326.47 
194 2316.94 
195 2398.65 
196 2719.12 
197 2173.47 
198 2454.05 
199 2132.73 
200 2414.22 
201 2477.38 
202 2351.15 
203 2440.98 
204 2136.65 
205 2288.78 
206 2549.55 
207 2436.33 
208 2223.94 
209 2127.57 
210 2423.82 
211 2288.86 
212 2298.50 
213 2487.83 
214 2408.65 
215 2147.35 
216 2173.53 
217 2395.09 
218 2337.62 
219 2210.90 
220 2595.65 
221 2085.83 
222 2398.03 
223 2529.96 
224 1955.26 
225 1985.92 
226 2303.05 
227 2781.37 
228 2651.87 
229 2414.58 
230 2423.93 
231 2215.31 
232 2348.01 
233 2339.19 
234 2561.51 
235 2472.37 
236 2614.00 
237 2450.74 
238 2195.99 
239 2156.26 
240 2374.27 
241 2394.66 
242 2152.11 
243 2337.71 
244 2590.44 
245 2541.10 
246 2309.63 
247 2495.59 
248 2184.98 
249 2212.94 
250 2614.83 
251 2317.30 
252 2393.23 
253 2545.81 
254 2427.34 
255 2387.24 
256 2304.50 
257 2030.84 
258 2357.82 
259 2107.53 
260 2490.94 
261 2366.77 
262 2266.72 
263 1828.17 
264 2474.05 
265 2397.56 
266 2198.35 
267 2462.90 
268 2353.59 
269 2196.36 
270 2240.48 
271 2254.26 
272 2368.13 
273 2540.05 
274 2380.73 
275 2193.94 
276 2054.71 
277 2039.25 
278 2323.48 
279 2459.09 
280 2220.01 
281 2278.15 
282 2483.36 
283 2375.21 
284 2650.68 
285 2332.08 
286 2571.44 
287 2388.96 
288 2488.29 
289 2442.91 
290 2250.13 
291 2410.50 
292 2496.77 
293 2372.27 
294 2467.32 
295 2506.97 
296 2520.49 
297 2478.28 
298 1735.73 
299 2514.45 
300 2304.08 
301 2382.89 
302 2282.74 
303 2213.30 
304 2254.77 
305 2589.53 
306 2235.35 
307 2073.34 
308 2040.75 
309 2323.41 
310 2060.90 
311 2163.02 
312 2111.62 
313 2306.02 
314 2529.40 
315 2552.20 
316 2491.67 
317 2401.70 
318 2074.26 
319 2373.47 
320 2181.19 
321 2499.29 
322 2519.65 
323 2125.28 
324 2084.93 
325 2189.35 
326 2561.81 
327 2527.44 
328 2428.98 
329 2259.96 
330 2229.82 
331 2573.11 
332 2668.97 
333 2607.45 
334 2498.21 
335 2411.75 
336 2044.16 
337 2079.51 
338 2361.15 
339 2194.76 
340 2267.74 
341 2403.73 
342 2474.68 
343 2400.13 
344 2240.33 
345 2357.35 
346 2329.93 
347 2404.95 
348 2125.93 
349 2348.62 
350 2144.19 
351 2315.18 
352 2547.38 
353 2223.42 
354 2383.71 
355 2369.87 
356 2488.17 
357 2260.16 
358 2236.64 
359 1834.07 
360 2279.05 
361 2100.60 
362 2536.32 
363 2437.48 
364 2408.40 
365 2299.80 
366 2448.19 
367 2433.84 
368 2039.25 
369 2600.79 
370 2258.30 
371 2308.73 
372 2046.93 
373 2662.36 
374 1952.52 
375 2115.71 
376 2117.63 
377 2423.58 
378 2364.52 
379 2465.50 
380 2341.91 
381 2410.29 
382 2435.41 
383 2422.75 
384 2619.54 
385 2461.09 
386 2173.32 
387 2299.61 
388 2108.77 
389 1872.15 
390 2435.37 
391 2482.32 
392 2598.04 
393 2103.43 
394 2207.93 
395 2527.82 
396 2061.23 
397 2274.13 
398 2459.51 
399 2223.85 
400 2596.16 
401 2366.43 
402 2279.93 
403 2132.61 
404 2373.30 
405 2415.06 
406 2368.00 
407 2442.36 
408 2325.79 
409 2385.02 
410 2434.47 
411 2428.70 
412 2265.47 
413 2502.94 
414 2462.76 
415 2456.00 
416 2508.25 
417 2230.26 
418 1917.16 
419 2166.59 
420 2346.43 
421 2381.42 
422 2549.04 
423 2208.03 
424 2515.17 
425 2632.06 
426 2461.60 
427 2433.54 
428 2330.79 
429 2373.32 
430 2401.75 
431 2617.95 
432 2352.77 
433 2432.86 
434 2123.50 
435 2384.36 
436 2322.57 
437 2449.30 
438 2372.55 
439 2357.98 
440 2289.44 
441 2427.44 
442 2609.51 
443 2300.82 
444 2347.07 
445 2293.31 
446 2383.18 
447 2400.01 
448 2289.63 
449 2294.63 
450 2356.53 
451 2331.53 
452 2248.24 
453 2481.31 
454 2534.07 
455 2238.00 
456 2497.98 
457 2364.56 
458 2248.11 
459 2506.84 
460 2222.51 
461 2517.38 
462 2353.88 
463 2659.83 
464 2462.15 
465 2560.40 
466 2550.88 
467 2649.28 
468 2314.61 
469 2719.86 
470 2113.56 
471 2415.48 
472 2550.52 
473 2504.57 
474 2458.06 
475 2172.28 
476 2224.65 
477 2102.40 
478 2194.49 
479 2266.34 
480 2508.08 
481 1922.93 
482 2566.97 
483 2442.27 
484 2537.05 
485 2104.60 
486 2507.17 
487 2252.91 
488 2227.75 
489 2063.66 
490 2357.38 
491 2230.26 
492 2478.88 
493 2494.82 
494 2215.31 
495 2529.37 
496 2474.67 
497 2441.43 
498 2493.36 
499 2595.07 
500 2304.34 
501 2351.66 
502 2529.39 
503 2228.87 
504 2589.03 
505 2555.09 
506 2603.85 
507 2348.88 
508 2287.79 
509 2446.34 
510 2646.14 
511 2571.42 
512 2351.61 
513 2382.54 
514 2380.75 
515 2460.23 
516 2536.56 
517 2345.31 
518 2247.87 
519 2575.03 
520 2212.78 
521 2477.14 
522 2164.59 
523 2566.93 
524 2101.19 
525 2359.37 
526 2073.65 
527 2585.59 
528 2475.08 
529 2105.90 
530 2571.48 
531 2077.76 
532 2210.92 
533 2079.75 
534 2458.52 
535 2606.58 
536 2344.58 
537 2312.69 
538 2735.00 
539 2487.85 
540 2529.09 
541 2374.27 
542 2193.02 
543 2406.48 
544 2465.15 
545 2225.23 
546 2533.41 
547 2035.68 
548 2529.80 
549 2270.18 
550 2581.47 
551 2267.71 
552 2160.26 
553 2001.04 
554 2568.98 
555 2188.25 
556 2629.82 
557 2523.62 
558 2415.06 
559 2113.20 
560 2600.89 
561 2696.72 
562 2353.40 
563 2573.09 
564 2468.63 
565 2269.39 
566 2377.77 
567 2547.22 
568 2827.50 
569 2656.69 
570 2170.04 
571 2272.71 
572 2321.11 
573 2603.59 
574 2333.46 
575 2275.99 
576 2523.73 
577 2292.17 
578 2400.81 
579 2368.21 
580 2371.30 
581 2288.87 
582 2096.17 
583 2027.18 
584 1973.92 
585 2081.39 
586 2390.83 
587 2267.01 
588 2454.20 
589 2647.69 
590 2244.35 
591 2487.39 
592 2246.44 
593 2523.13 
594 2051.59 
595 2059.19 
596 2401.58 
597 2269.21 
598 2099.06 
599 2449.12 
600 2203.99 
601 2357.55 
602 2210.23 
603 2413.44 
604 2357.07 
605 2457.64 
606 2783.57 
607 2432.58 
608 2254.52 
609 2591.58 
610 2197.57 
611 2536.48 
612 2276.48 
613 2328.41 
614 2487.00 
615 2326.55 
616 2133.45 
617 2459.81 
618 2223.91 
619 2355.60 
620 2290.34 
621 2578.32 
622 2351.13 
623 2035.81 
624 2493.89 
625 2454.28 
626 2332.43 
627 2297.59 
628 2290.44 
629 2281.58 
630 2276.37 
631 2451.62 
632 2504.12 
633 2497.32 
634 2589.20 
635 2504.11 
636 2140.13 
637 2698.10 
638 2505.08 
639 2285.71 
640 2208.67 
641 2471.77 
642 2457.85 
643 2234.42 
644 2497.72 
645 2414.90 
646 2138.45 
647 2193.96 
648 2343.79 
649 2243.34 
650 2302.04 
651 2627.99 
652 2298.29 
653 2189.39 
654 2626.69 
655 2475.08 
656 2285.74 
657 2267.62 
658 2121.03 
659 2600.33 
660 2227.01 
661 2566.59 
662 2524.79 
663 2022.38 
664 2221.41 
665 2341.00 
666 2358.79 
667 2505.96 
668 2316.04 
669 2412.73 
670 2165.02 
671 2373.74 
672 2161.11 
673 2283.61 
674 2445.42 
675 2431.37 
676 2362.19 
677 2105.63 
678 2218.26 
679 2352.02 
680 2339.47 
681 2573.43 
682 2449.15 
683 2560.49 
684 2506.13 
685 2240.38 
686 2275.89 
687 2118.41 
688 2311.67 
689 2256.67 
690 2235.83 
691 2327.97 
692 2352.32 
693 2381.17 
694 2449.59 
695 2310.07 
696 2622.90 
697 2403.18 
698 2356.16 
699 2475.67 
700 2223.05 
701 2335.70 
702 2306.42 
703 2274.14 
704 2483.27 
705 2423.28 
706 2456.33 
707 2482.52 
708 2346.96 
709 2216.29 
710 2321.35 
711 2553.31 
712 2707.02 
713 2336.15 
714 2302.06 
715 2247.77 
716 2577.93 
717 2272.76 
718 2669.57 
719 2517.94 
720 2609.75 
721 2622.16 
722 2254.73 
723 2438.93 
724 2509.58 
725 2471.29 
726 2347.55 
727 2276.81 
728 2619.87 
729 2468.72 
730 2177.99 
731 2449.31 
732 2113.73 
733 2363.30 
734 2305.90 
735 2594.41 
736 2294.16 
737 2449.55 
738 2325.34 
739 2268.38 
740 2256.21 
741 2586.75 
742 2314.81 
743 2175.56 
744 2329.84 
745 2559.11 
746 1995.01 
747 2263.58 
748 1930.72 
749 2284.56 
750 2543.04 
751 2576.86 
752 2265.31 
753 2302.36 
754 2373.40 
755 2391.65 
756 2365.72 
757 2455.85 
758 2415.68 
759 2438.27 
760 2537.05 
761 2455.55 
762 2480.39 
763 2616.10 
764 2229.76 
765 2024.13 
766 2544.63 
767 2456.31 
768 2494.78 
769 2380.04 
770 2625.69 
771 1855.27 
772 2402.52 
773 2635.97 
774 2184.87 
775 2365.22 
776 2539.78 
777 2344.04 
778 2473.31 
779 2542.54 
780 2650.62 
781 2494.30 
782 2335.74 
783 2501.73 
784 2584.35 
785 2471.80 
786 2230.06 
787 2583.88 
788 2376.76 
789 2559.78 
790 2541.68 
791 2381.27 
792 2074.97 
793 2553.73 
794 2393.39 
795 2362.23 
796 2025.96 
797 2443.22 
798 2528.12 
799 2240.72 
800 2409.88 
801 2327.59 
802 2428.09 
803 2400.12 
804 2289.24 
805 2272.33 
806 2434.41 
807 2444.26 
808 2173.54 
809 2547.72 
810 2446.99 
811 2644.53 
812 2556.50 
813 2504.48 
814 2618.00 
815 2107.77 
816 2639.28 
817 2405.59 
818 2258.35 
819 2514.37 
820 2391.72 
821 2359.65 
822 2304.12 
823 2340.17 
824 2494.28 
825 2271.49 
826 2418.75 
827 2415.27 
828 2364.72 
829 2298.91 
830 2464.98 
831 2506.17 
832 2435.24 
833 2294.51 
834 2474.61 
835 2389.04 
836 2406.84 
837 2403.22 
838 2474.55 
839 2460.42 
840 2504.39 
841 2143.36 
842 2351.24 
843 2165.82 
844 2418.79 
845 2555.47 
846 2188.35 
847 2523.72 
848 2633.54 
849 2218.72 
850 2146.17 
851 2391.91 
852 2538.31 
853 2459.90 
854 2392.79 
855 2635.59 
856 2374.77 
857 2323.58 
858 2529.29 
859 2231.85 
860 2466.10 
861 2714.01 
862 2274.76 
863 2434.68 
864 2400.71 
865 2279.14 
866 2273.30 
867 2163.47 
868 2291.68 
869 2266.23 
870 2387.62 
871 2342.38 
872 2437.19 
873 2590.91 
874 2122.77 
875 2239.05 
876 2339.58 
877 2542.93 
878 1965.95 
879 2027.74 
880 2399.66 
881 2127.66 
882 2322.17 
883 2104.86 
884 2337.55 
885 2488.74 
886 2345.13 
887 2467.50 
888 2257.47 
889 2289.82 
890 2130.06 
891 2419.24 
892 2451.43 
893 2461.06 
894 2568.70 
895 2337.60 
896 2383.02 
897 2322.00 
898 2443.24 
899 2288.26 
900 2530.86 
901 2268.91 
902 2280.44 
903 2493.49 
904 2308.47 
905 2436.95 
906 2669.94 
907 2327.81 
908 2384.34 
909 1919.87 
910 2394.22 
911 2222.25 
912 2368.72 
913 2355.58 
914 2110.61 
915 2432.99 
916 2057.82 
917 2756.02 
918 2241.25 
919 2140.46 
920 2446.03 
921 2391.76 
922 2495.06 
923 2438.09 
924 2314.87 
925 2429.01 
926 2336.47 
927 2332.59 
928 2516.06 
929 2204.23 
930 2310.71 
931 2507.72 
932 2398.44 
933 2631.54 
934 2488.44 
935 2441.34 
936 2186.23 
937 2323.07 
938 2117.92 
939 2396.52 
940 2377.58 
941 2481.69 
942 2367.37 
943 2264.69 
944 2622.72 
945 2048.67 
946 1978.87 
947 2347.18 
948 2724.04 
949 2248.35 
950 2305.05 
951 2453.50 
952 2382.10 
953 2469.68 
954 2091.98 
955 2308.22 
956 2633.78 
957 2043.99 
958 2561.44 
959 2336.10 
960 2491.20 
961 2758.44 
962 2370.63 
963 2192.38 
964 2456.73 
965 2237.07 
966 2397.21 
967 2404.58 
968 2416.40 
969 2176.56 
970 2235.09 
971 2438.21 
972 2347.42 
973 2449.08 
974 2351.12 
975 2220.73 
976 2498.74 
977 659.17 
978 2401.78 
979 2487.00 
980 2535.66 
981 2384.63 
982 2548.46 
983 2431.95 
984 2491.29 
985 2262.24 
986 2519.54 
987 2291.63 
988 2270.74 
989 2271.00 
990 2508.85 
991 2300.74 
992 2441.43 
993 2171.02 
994 2430.44 
995 2362.52 
996 2425.25 
997 2296.09 
998 2442.57 
999 2688.94 
1000 2082.30 
1001 2709.17 
1002 2271.05 
1003 2149.07 
1004 2502.44 
1005 2285.91 
1006 2324.35 
1007 2128.41 
1008 2437.36 
1009 2407.92 
1010 2407.54 
1011 2445.88 
1012 2508.80 
1013 2508.02 
1014 2495.41 
1015 2441.20 
1016 2435.01 
1017 1800.20 
1018 2623.64 
1019 2466.97 
1020 2404.86 
1021 2541.20 
1022 2331.91 
1023 2150.15 
1024 2420.20 
1025 2441.29 
1026 2205.81 
0 2429.81 
1 2142.13 
2 2632.05 
3 -401.14 
4 2235.66 
5 2525.39 
6 2476.92 
7 2317.52 
8 2885.18 
9 2443.50 
10 2506.93 
11 2116.00 
12 2174.43 
13 2442.01 
14 2364.97 
15 2429.34 
16 2328.48 
17 2450.14 
18 2158.81 
19 2393.23 
20 2156.91 
21 2640.17 
22 2496.26 
23 2282.34 
24 2303.37 
25 2478.95 
26 2548.57 
27 2075.52 
28 2556.15 
29 2342.94 
30 2145.63 
31 2396.73 
32 2360.50 
33 2471.17 
34 2366.81 
35 2400.56 
36 2678.75 
37 2339.25 
38 2509.55 
39 2274.42 
40 2302.24 
41 2538.99 
42 2700.78 
43 2415.53 
44 2372.68 
45 2306.32 
46 2110.75 
47 2190.43 
48 2310.02 
49 2228.05 
50 2301.89 
51 2210.73 
52 2494.64 
53 2437.75 
54 2402.79 
55 2380.79 
56 2538.26 
57 2145.02 
58 2272.08 
59 2575.83 
60 2367.40 
61 2454.11 
62 2005.30 
63 2275.98 
64 2357.81 
65 2261.03 
66 2664.35 
67 2349.09 
68 2705.16 
69 2537.22 
70 2800.65 
71 2439.34 
72 2400.43 
73 2650.59 
74 2537.28 
75 2589.30 
76 2568.90 
77 2171.20 
78 2236.69 
79 2693.59 
80 2448.46 
81 2515.87 
82 2342.90 
83 2399.25 
84 2454.68 
85 2696.47 
86 1978.32 
87 2480.82 
88 2306.98 
89 2347.41 
90 2571.65 
91 2215.06 
92 2528.75 
93 2566.75 
94 2446.17 
95 2276.14 
96 2617.09 
97 2517.76 
98 2394.75 
99 2012.42 
100 2491.29 
101 2382.72 
102 2596.90 
103 2573.09 
104 2484.65 
105 2403.06 
106 2189.70 
107 2449.50 
108 2344.37 
109 2219.28 
110 2373.68 
111 2206.22 
112 2666.09 
113 2359.78 
114 2470.01 
115 2613.01 
116 2557.64 
117 2224.11 
118 2200.31 
119 2181.55 
120 2588.80 
121 2534.31 
122 2326.76 
123 2500.34 
124 2015.29 
125 2356.95 
126 2653.77 
127 2478.67 
128 2624.28 
129 2224.25 
130 2339.61 
131 2599.27 
132 2106.43 
133 2331.53 
134 2028.14 
135 2203.91 
136 2301.49 
137 2439.62 
138 2413.45 
139 2044.23 
140 2457.67 
141 2392.83 
142 2421.32 
143 1876.08 
144 2461.89 
145 2459.85 
146 2178.96 
147 2493.47 
148 2492.66 
149 2355.02 
150 2269.06 
151 2535.26 
152 2362.34 
153 2411.90 
154 2552.78 
155 2596.14 
156 2368.85 
157 2312.08 
158 2365.98 
159 2422.02 
160 2172.06 
161 2471.73 
162 2379.74 
163 2458.11 
164 2407.11 
165 2320.16 
166 2310.60 
167 2247.65 
168 2592.52 
169 2397.09 
170 2602.10 
171 2411.48 
172 2414.89 
173 2585.68 
174 2107.07 
175 2347.87 
176 2275.76 
177 2487.82 
178 2366.61 
179 2324.74 
180 2165.70 
181 2440.28 
182 2349.63 
183 2319.62 
184 2565.11 
185 2561.12 
186 2105.83 
187 2552.43 
188 2306.95 
189 2375.16 
190 2359.28 
191 2580.27 
192 2602.18 
193 2515.00 
194 2305.35 
195 2179.39 
196 2392.60 
197 2673.34 
198 2313.65 
199 2338.67 
200 2260.33 
201 2461.20 
202 2554.09 
203 2373.87 
204 2165.45 
205 2402.98 
206 2360.59 
207 2263.52 
208 2015.66 
209 2381.84 
210 2518.86 
211 2345.02 
212 2691.07 
213 2750.93 
214 2430.99 
215 2114.35 
216 2454.33 
217 2439.93 
218 2106.72 
219 2428.48 
220 2333.39 
221 2569.99 
222 2352.84 
223 2486.90 
224 2288.81 
225 2373.66 
226 2525.89 
227 2244.60 
228 2064.59 
229 2127.03 
230 2193.76 
231 2646.77 
232 2294.88 
233 2781.93 
234 2295.70 
235 2542.31 
236 2349.91 
237 2351.48 
238 2414.26 
239 2318.48 
240 2369.04 
241 2372.48 
242 2255.29 
243 2631.75 
244 2495.32 
245 2483.08 
246 2161.49 
247 2250.51 
248 2493.58 
249 2207.66 
250 2482.49 
251 2409.67 
252 2564.62 
253 2394.27 
254 2241.83 
255 2232.38 
256 2332.01 
257 2337.77 
258 2479.78 
259 2395.78 
260 2453.71 
261 2291.26 
262 2231.29 
263 2480.31 
264 2400.83 
265 2330.38 
266 2469.86 
267 2451.01 
268 2394.56 
269 2663.78 
270 2394.69 
271 2239.69 
272 2538.25 
273 2378.67 
274 2081.18 
275 2488.26 
276 2417.73 
277 1906.84 
278 2253.28 
279 2320.13 
280 2545.36 
281 2598.99 
282 2431.06 
283 2517.83 
284 2300.21 
285 2281.86 
286 2466.25 
287 2041.58 
288 2533.88 
289 2625.67 
290 2523.13 
291 2574.85 
292 2418.01 
293 2488.32 
294 2572.61 
295 2484.43 
296 2325.25 
297 2382.19 
298 2236.18 
299 2260.30 
300 2541.02 
301 2755.73 
302 2501.67 
303 2465.86 
304 2495.55 
305 2204.63 
306 2408.18 
307 2189.71 
308 2142.37 
309 2662.16 
310 2308.25 
311 2273.41 
312 2490.01 
313 2498.02 
314 2034.63 
315 2469.00 
316 2286.88 
317 2257.93 
318 2446.45 
319 2367.66 
320 2587.42 
321 2123.30 
322 2119.40 
323 2121.70 
324 2250.32 
325 2531.13 
326 2487.41 
327 2424.50 
328 2089.62 
329 2337.38 
330 2665.39 
331 2333.07 
332 2382.67 
333 2284.20 
334 2363.54 
335 2264.64 
336 2548.63 
337 2438.07 
338 2449.21 
339 2547.47 
340 2423.52 
341 2435.18 
342 2591.40 
343 2314.40 
344 2435.45 
345 2201.18 
346 2349.94 
347 2489.75 
348 2505.55 
349 2220.65 
350 2435.80 
351 2505.64 
352 2661.41 
353 2348.61 
354 2246.05 
355 2175.26 
356 2041.64 
357 2498.37 
358 2372.26 
359 2293.52 
360 2760.90 
361 2284.53 
362 2658.54 
363 2244.52 
364 2417.40 
365 2459.64 
366 2446.40 
367 2496.84 
368 2544.56 
369 2394.11 
370 2492.92 
371 2448.60 
372 2454.04 
373 2263.49 
374 2169.09 
375 2175.52 
376 2440.96 
377 2475.58 
378 2211.34 
379 2157.17 
380 2244.63 
381 2360.32 
382 2667.04 
383 2040.06 
384 2192.79 
385 2277.05 
386 2301.72 
387 2387.34 
388 2334.30 
389 2499.78 
390 2408.07 
391 2498.15 
392 2414.89 
393 2383.62 
394 2235.28 
395 2402.00 
396 2587.31 
397 2604.84 
398 2520.87 
399 2324.44 
400 2478.31 
401 2456.61 
402 2243.25 
403 2571.38 
404 2326.09 
405 2387.94 
406 2400.57 
407 2461.63 
408 2519.32 
409 2288.02 
410 2458.15 
411 1994.79 
412 2678.71 
413 2538.26 
414 2446.90 
415 2092.98 
416 2479.54 
417 1874.43 
418 2274.23 
419 2450.79 
420 2172.06 
421 2387.70 
422 2613.22 
423 2369.48 
424 2523.64 
425 2408.28 
426 2326.58 
427 2443.20 
428 2519.69 
429 2614.46 
430 2508.07 
431 2518.63 
432 2240.68 
433 2477.32 
434 2450.88 
435 2271.03 
436 2468.04 
437 2354.76 
438 2496.81 
439 2420.51 
440 2302.96 
441 2279.50 
442 2476.99 
443 2406.23 
444 2202.75 
445 2635.26 
446 2404.15 
447 2150.83 
448 2575.29 
449 2377.03 
450 2561.90 
451 2379.46 
452 2541.84 
453 2213.31 
454 2438.23 
455 2457.58 
456 2480.03 
457 2689.46 
458 2221.08 
459 2489.12 
460 2405.97 
461 2458.94 
462 2337.51 
463 2321.36 
464 2514.87 
465 2497.30 
466 2306.89 
467 2426.25 
468 2376.20 
469 2342.59 
470 2081.74 
471 2485.33 
472 2289.57 
473 2512.02 
474 2523.69 
475 2261.75 
476 2159.38 
477 2736.03 
478 2372.90 
479 1961.39 
480 2288.48 
481 2401.06 
482 2368.44 
483 2069.02 
484 2368.05 
485 2437.45 
486 2601.81 
487 2290.43 
488 2722.49 
489 2542.85 
490 2449.48 
491 2589.53 
492 2192.82 
493 2321.47 
494 2504.49 
495 2487.70 
496 2293.34 
497 2237.74 
498 2272.55 
499 2484.82 
500 2456.26 
501 2509.38 
502 2429.38 
503 2438.39 
504 2191.19 
505 1929.70 
506 2258.78 
507 2443.27 
508 2226.62 
509 2471.61 
510 2352.72 
511 2420.58 
512 2567.63 
513 2430.53 
514 2605.45 
515 2593.45 
516 2223.48 
517 2126.52 
518 2413.69 
519 2234.21 
520 2473.46 
521 2426.22 
522 2191.81 
523 2277.93 
524 2463.93 
525 2615.74 
526 2097.20 
527 2434.66 
528 2782.11 
529 2060.78 
530 2399.53 
531 2458.72 
532 2410.22 
533 2187.59 
534 2540.34 
535 2340.94 
536 2376.08 
537 2554.95 
538 2269.37 
539 2570.00 
540 2172.15 
541 2150.55 
542 2371.54 
543 2322.50 
544 2244.46 
545 2586.64 
546 2296.87 
547 2143.60 
548 2347.17 
549 2393.70 
550 2546.06 
551 2101.92 
552 2440.88 
553 2557.61 
554 2309.16 
555 2375.25 
556 2486.47 
557 2682.79 
558 2088.70 
559 2703.59 
560 2347.89 
561 2275.63 
562 2632.83 
563 2193.55 
564 2402.09 
565 2367.38 
566 2350.70 
567 2350.51 
568 2372.60 
569 2386.13 
570 2201.68 
571 2582.06 
572 2346.94 
573 2505.49 
574 2352.24 
575 2293.82 
576 2503.22 
577 2599.02 
578 2315.01 
579 2265.77 
580 2557.81 
581 2488.37 
582 2247.83 
583 2428.19 
584 2159.72 
585 2387.74 
586 2460.49 
587 2492.25 
588 2549.33 
589 2575.41 
590 2341.82 
591 2412.22 
592 2420.66 
593 2566.10 
594 2197.81 
595 2339.03 
596 2600.96 
597 2278.48 
598 2466.09 
599 2297.20 
600 2469.92 
601 2484.87 
602 2477.46 
603 2244.91 
604 2361.98 
605 2708.67 
606 2348.49 
607 2351.71 
608 2310.91 
609 2372.15 
610 2452.33 
611 2235.20 
612 2235.90 
613 2138.62 
614 2414.29 
615 2499.08 
616 2519.76 
617 2203.93 
618 2422.06 
619 2541.06 
620 2328.04 
621 2401.71 
622 2510.65 
623 2475.43 
624 2455.30 
625 2343.75 
626 2589.84 
627 2360.55 
628 1986.38 
629 2459.67 
630 2224.64 
631 2256.79 
632 2431.75 
633 2300.06 
634 2485.14 
635 2394.14 
636 2300.08 
637 2208.99 
638 1931.88 
639 2446.12 
640 2256.08 
641 2376.19 
642 2436.71 
643 2039.12 
644 2050.05 
645 2205.95 
646 2087.00 
647 2395.19 
648 2194.79 
649 2544.61 
650 2607.63 
651 2352.60 
652 2377.60 
653 2132.79 
654 2320.68 
655 2372.41 
656 2720.50 
657 2473.28 
658 2441.66 
659 2460.15 
660 2449.91 
661 2671.68 
662 2534.60 
663 2263.97 
664 2200.48 
665 2644.48 
666 2468.99 
667 2019.98 
668 2137.37 
669 2757.15 
670 2473.09 
671 2429.23 
672 2412.51 
673 2545.75 
674 2444.18 
675 2688.18 
676 2399.89 
677 2242.32 
678 2411.31 
679 2313.06 
680 2633.41 
681 2288.44 
682 2428.55 
683 2429.83 
684 2409.98 
685 2295.95 
686 2208.88 
687 2182.24 
688 2398.61 
689 2332.04 
690 2471.63 
691 2184.77 
692 2413.99 
693 2434.67 
694 2485.31 
695 2380.92 
696 2353.16 
697 2434.53 
698 2303.03 
699 1976.30 
700 2340.22 
701 2437.63 
702 2515.46 
703 2339.07 
704 2374.90 
705 2543.00 
706 2240.05 
707 2434.73 
708 2449.49 
709 2551.89 
710 2613.54 
711 2315.29 
712 2504.15 
713 2698.95 
714 2344.55 
715 2355.36 
716 2365.71 
717 2083.16 
718 2609.02 
719 2353.09 
720 2210.77 
721 2147.61 
722 2506.34 
723 2626.71 
724 2447.58 
725 2718.46 
726 2498.61 
727 2663.50 
728 2550.75 
729 2573.26 
730 2013.33 
731 2492.11 
732 2419.49 
733 2227.33 
734 2463.98 
735 2364.51 
736 2426.56 
737 1221.42 
738 2658.64 
739 2745.36 
740 2599.53 
741 2473.93 
742 2479.16 
743 1985.95 
744 2496.01 
745 2085.87 
746 2438.25 
747 2496.35 
748 2404.80 
749 2154.45 
750 2670.27 
751 2179.12 
752 2378.21 
753 2557.90 
754 2489.78 
755 2614.35 
756 2453.71 
757 2327.25 
758 2659.24 
759 2436.81 
760 2616.20 
761 2286.43 
762 2394.68 
763 2263.73 
764 2422.22 
765 2348.77 
766 2576.72 
767 2573.70 
768 2259.72 
769 2531.93 
770 2460.50 
771 2589.66 
772 2392.59 
773 2378.79 
774 2608.09 
775 2412.74 
776 2300.11 
777 2305.43 
778 2508.69 
779 2289.54 
780 2287.41 
781 2450.66 
782 2351.35 
783 2471.82 
784 2572.59 
785 2395.99 
786 2356.59 
787 2149.98 
788 2070.00 
789 1830.99 
790 2418.84 
791 1925.62 
792 2505.29 
793 2112.34 
794 2495.78 
795 2615.17 
796 2492.36 
797 2362.16 
798 2372.90 
799 2543.58 
800 2098.63 
801 2535.42 
802 2318.19 
803 2453.47 
804 2377.33 
805 2541.47 
806 2568.68 
807 2631.92 
808 2491.98 
809 2354.63 
810 2584.70 
811 2638.41 
812 2573.90 
813 2209.76 
814 2245.51 
815 2464.44 
816 2324.87 
817 2557.83 
818 2405.66 
819 2321.78 
820 2208.27 
821 2459.84 
822 2513.03 
823 2591.63 
824 2204.13 
825 2811.54 
826 2425.44 
827 2620.31 
828 2375.93 
829 2208.22 
830 2236.20 
831 2339.58 
832 1977.16 
833 2312.68 
834 2370.57 
835 2366.32 
836 2262.49 
837 2463.43 
838 2198.20 
839 2323.78 
840 2451.98 
841 2309.13 
842 2434.79 
843 2256.98 
844 2439.64 
845 2450.21 
846 2432.06 
847 2466.00 
848 2218.07 
849 2119.12 
850 2453.06 
851 2559.45 
852 2499.95 
853 2517.02 
854 2201.62 
855 2535.95 
856 2318.47 
857 2408.50 
858 2361.72 
859 2441.06 
860 2244.07 
861 2163.61 
862 2219.32 
863 2198.18 
864 2697.95 
865 2411.22 
866 2053.74 
867 2244.33 
868 2450.15 
869 2482.72 
870 2470.84 
871 2548.63 
872 2162.15 
873 2481.90 
874 2598.51 
875 2556.08 
876 2407.69 
877 2323.42 
878 2440.10 
879 2300.52 
880 2242.64 
881 2628.32 
882 2589.15 
883 2176.69 
884 2205.59 
885 2701.94 
886 2267.33 
887 2374.44 
888 2254.28 
889 2460.86 
890 2587.56 
891 2614.30 
892 2637.66 
893 2393.77 
894 2487.92 
895 2415.14 
896 2260.83 
897 2545.59 
898 2130.19 
899 2332.55 
900 2198.56 
901 2471.97 
902 2655.85 
903 2253.79 
904 2140.02 
905 2333.89 
906 2343.87 
907 2334.91 
908 2248.66 
909 2338.48 
910 2610.66 
911 2583.51 
912 2581.95 
913 2669.07 
914 2433.37 
915 2592.29 
916 2267.70 
917 2470.56 
918 2913.93 
919 2506.49 
920 2302.71 
921 2561.08 
922 2467.01 
923 2186.39 
924 2405.43 
925 2317.01 
926 2691.39 
927 2322.39 
928 2518.02 
929 2480.33 
930 2357.18 
931 2296.26 
932 2577.63 
933 2115.11 
934 2402.34 
935 2517.73 
936 2436.55 
937 2558.06 
938 2683.52 
939 2545.49 
940 2718.79 
941 2410.46 
942 2182.25 
943 2357.47 
944 2438.60 
945 2360.45 
946 2470.91 
947 2407.76 
948 2524.52 
949 2133.80 
950 2437.00 
951 2703.68 
952 2576.84 
953 2533.58 
954 2395.54 
955 2386.27 
956 2396.52 
957 2564.15 
958 2283.22 
959 2595.21 
960 2219.40 
961 2296.62 
962 2245.76 
963 2487.78 
964 2485.26 
965 2210.68 
966 2545.68 
967 2015.70 
968 2415.64 
969 2317.60 
970 2404.08 
971 2544.08 
972 2313.09 
973 2156.83 
974 2387.36 
975 2342.05 
976 2513.22 
977 2576.94 
978 2466.88 
979 2557.59 
980 2439.57 
981 2511.23 
982 2479.10 
983 2293.11 
984 2640.76 
985 2520.48 
986 2310.33 
987 2208.32 
988 2647.96 
989 2389.40 
990 2574.46 
991 2215.48 
992 2430.76 
993 2106.64 
994 2118.18 
995 2080.97 
996 2360.45 
997 2711.74 
998 2495.15 
999 2506.80 
1000 2406.50 
1001 2217.76 
1002 2508.39 
1003 2485.45 
1004 2358.58 
1005 2493.60 
1006 2577.09 
1007 2382.70 
1008 2186.50 
1009 2575.65 
1010 2481.97 
1011 2241.38 
1012 2518.47 
1013 2510.33 
1014 2513.17 
1015 2306.16 
1016 2337.08 
1017 2391.89 
1018 2233.92 
1019 2519.09 
1020 2443.99 
1021 2498.71 
1022 2569.27 
0 2356.84 
1 2506.21 
2 2486.06 
3 2554.22 
4 2565.96 
5 2627.20 
6 2330.65 
7 2435.56 
8 2455.12 
9 2759.86 
10 2503.04 
11 2465.35 
12 2510.05 
13 2218.74 
14 2489.68 
15 2390.28 
16 2643.38 
17 2130.73 
18 2001.28 
19 2283.03 
20 2245.39 
21 2130.48 
22 2637.88 
23 2560.42 
24 2327.79 
25 2545.28 
26 2516.85 
27 2453.13 
28 2649.67 
29 2368.33 
30 2208.22 
31 2257.90 
32 2343.54 
33 2482.42 
34 2473.60 
35 2671.14 
36 2488.20 
37 2478.75 
38 2363.80 
39 2459.53 
40 2064.67 
41 2244.34 
42 2193.07 
43 2387.28 
44 2263.02 
45 2232.49 
46 2464.14 
47 2301.57 
48 2440.60 
49 2194.40 
50 2458.62 
51 2519.09 
52 2161.20 
53 2363.61 
54 2203.60 
55 2348.60 
56 1970.01 
57 2141.88 
58 2555.49 
59 2626.39 
60 2281.79 
61 2330.87 
62 2161.81 
63 2288.46 
64 2414.63 
65 2455.00 
66 2335.89 
67 2520.92 
68 2089.22 
69 2208.79 
70 2433.42 
71 2309.65 
72 2132.14 
73 2656.31 
74 2478.74 
75 2147.80 
76 2505.72 
77 2529.99 
78 2510.93 
79 2527.22 
80 2255.32 
81 2599.79 
82 2726.47 
83 2630.43 
84 2628.93 
85 2595.55 
86 2375.24 
87 2377.99 
88 2388.95 
89 2500.22 
90 2478.80 
91 2505.92 
92 2540.60 
93 2432.69 
94 2625.92 
95 2528.65 
96 2283.28 
97 2193.71 
98 2578.77 
99 2520.30 
100 2493.30 
101 2263.11 
102 2227.27 
103 2290.36 
104 2493.25 
105 2208.85 
106 2547.67 
107 2405.26 
108 2576.86 
109 2546.22 
110 2405.23 
111 2468.47 
112 1929.64 
113 2723.67 
114 2306.10 
115 2509.71 
116 2465.94 
117 2468.26 
118 2536.48 
119 2228.22 
120 2423.10 
121 2423.38 
122 2510.10 
123 2452.46 
124 2362.28 
125 2410.45 
126 2139.56 
127 2406.01 
128 2469.95 
129 2409.28 
130 2288.96 
131 2478.64 
132 2421.30 
133 2169.89 
134 2555.61 
135 2588.39 
136 2674.99 
137 2492.43 
138 2431.11 
139 2143.21 
140 2598.52 
141 2424.03 
142 2708.94 
143 1980.02 
144 2259.17 
145 2613.71 
146 2180.03 
147 2373.55 
148 2564.70 
149 2383.34 
150 2636.72 
151 2240.90 
152 2634.76 
153 2596.19 
154 2627.37 
155 2676.10 
156 2496.66 
157 2577.11 
158 2524.22 
159 2479.74 
160 2188.87 
161 2456.47 
162 2260.15 
163 2591.92 
164 2320.46 
165 2539.75 
166 2255.79 
167 2392.30 
168 2052.59 
169 2640.28 
170 2023.73 
171 2592.08 
172 2281.02 
173 2526.38 
174 2215.35 
175 2362.33 
176 2717.71 
177 2309.01 
178 2445.74 
179 2502.08 
180 2539.04 
181 2155.65 
182 2427.91 
183 2586.15 
184 2339.73 
185 2582.40 
186 2455.14 
187 2476.19 
188 2100.83 
189 2604.37 
190 2058.33 
191 2462.26 
192 2193.65 
193 2370.33 
194 2155.83 
195 2570.41 
196 2182.70 
197 2382.53 
198 2447.26 
199 2286.24 
200 2582.35 
201 2457.96 
202 2175.56 
203 2413.66 
204 2604.69 
205 2569.40 
206 2392.94 
207 2281.89 
208 2581.74 
209 2398.61 
210 2699.57 
211 2156.89 
212 2284.13 
213 2196.39 
214 2499.96 
215 2253.11 
216 2722.21 
217 2316.77 
218 2499.25 
219 2443.82 
220 2601.62 
221 2514.12 
222 2573.12 
223 2402.85 
224 2465.58 
225 2460.30 
226 2322.24 
227 2633.93 
228 2518.22 
229 2756.12 
230 2550.30 
231 2421.75 
232 2489.07 
233 2592.81 
234 2661.94 
235 2186.70 
236 2413.50 
237 2138.84 
238 2393.35 
239 2661.94 
240 2779.19 
241 2246.80 
242 2378.48 
243 2151.36 
244 2562.48 
245 2320.27 
246 2251.20 
247 2538.26 
248 2364.22 
249 2576.61 
250 2222.19 
251 2586.19 
252 2300.19 
253 2621.71 
254 2350.74 
255 2197.36 
256 2459.21 
257 2158.77 
258 2305.72 
259 2141.67 
260 2276.53 
261 2277.22 
262 2475.03 
263 2207.12 
264 2439.72 
265 2355.06 
266 2620.22 
267 2317.99 
268 2266.01 
269 2520.33 
270 2434.46 
271 2268.87 
272 2358.42 
273 2495.01 
274 2433.36 
275 2327.48 
276 2370.24 
277 2474.58 
278 2297.65 
279 2232.11 
280 2608.99 
281 2424.64 
282 2735.20 
283 2133.93 
284 2325.13 
285 2364.32 
286 2187.70 
287 2521.45 
288 2164.37 
289 2717.39 
290 1871.91 
291 2502.16 
292 2176.68 
293 2465.31 
294 2506.01 
295 2227.07 
296 2414.85 
297 2359.72 
298 2328.51 
299 2735.62 
300 2229.70 
301 2524.21 
302 2383.60 
303 2436.89 
304 2799.90 
305 2460.96 
306 2133.22 
307 2588.55 
308 2557.68 
309 2683.56 
310 2392.69 
311 2171.33 
312 2481.79 
313 2267.23 
314 2245.92 
315 2453.24 
316 2602.78 
317 2340.66 
318 2479.89 
319 2860.55 
320 2406.88 
321 2387.84 
322 2492.92 
323 2321.31 
324 2549.44 
325 2071.46 
326 2204.74 
327 2597.19 
328 2576.37 
329 2371.01 
330 2650.14 
331 2625.99 
332 2214.61 
333 2422.97 
334 2671.39 
335 2218.13 
336 2409.49 
337 2615.39 
338 2367.05 
339 2629.42 
340 2413.55 
341 2453.17 
342 2477.18 
343 2362.53 
344 2445.64 
345 2585.08 
346 2633.92 
347 2088.03 
348 2332.20 
349 2609.93 
350 2313.51 
351 2559.34 
352 2231.28 
353 2419.17 
354 2212.95 
355 2326.33 
356 2501.47 
357 2600.48 
358 2239.93 
359 2566.76 
360 2030.95 
361 2366.37 
362 2402.27 
363 2483.51 
364 2502.60 
365 2217.85 
366 2409.67 
367 2524.67 
368 2355.21 
369 2456.89 
370 2403.49 
371 2316.71 
372 2402.36 
373 2280.67 
374 2315.24 
375 2537.76 
376 2604.12 
377 2362.67 
378 2652.71 
379 2241.52 
380 2192.11 
381 2373.55 
382 2330.84 
383 2373.38 
384 2436.00 
385 2377.15 
386 2565.32 
387 2496.59 
388 2386.94 
389 2311.13 
390 2529.85 
391 2440.73 
392 2313.06 
393 2250.13 
394 2342.53 
395 2283.13 
396 2336.76 
397 2209.78 
398 2428.70 
399 2227.48 
400 2336.00 
401 2525.34 
402 2444.55 
403 2607.28 
404 2340.95 
405 2412.70 
406 2287.32 
407 2158.59 
408 2406.65 
409 2195.26 
410 2520.82 
411 2112.45 
412 2293.16 
413 2719.25 
414 2384.44 
415 2456.27 
416 2668.83 
417 2331.69 
418 2476.32 
419 2347.10 
420 2448.61 
421 2660.86 
422 2592.81 
423 2514.63 
424 2142.83 
425 2374.36 
426 2504.64 
427 2296.98 
428 2492.46 
429 2459.24 
430 2558.01 
431 1984.24 
432 2276.10 
433 2303.08 
434 2380.11 
435 2631.39 
436 2393.16 
437 2302.89 
438 2419.49 
439 2597.88 
440 2406.56 
441 2633.25 
442 2545.72 
443 2353.29 
444 2633.73 
445 2396.11 
446 2487.43 
447 2487.63 
448 2317.20 
449 2675.87 
450 2506.71 
451 2381.64 
452 2181.42 
453 2677.47 
454 2305.49 
455 2313.69 
456 2474.81 
457 2414.94 
458 2392.18 
459 2272.56 
460 2244.61 
461 2452.42 
462 2327.23 
463 2256.43 
464 2384.80 
465 2467.47 
466 2441.42 
467 2640.31 
468 2637.03 
469 2187.15 
470 2565.32 
471 2250.15 
472 2407.87 
473 2906.36 
474 2480.36 
475 2523.14 
476 2136.89 
477 2355.13 
478 2847.76 
479 2611.74 
480 2381.51 
481 2510.91 
482 2558.29 
483 2426.24 
484 2674.72 
485 2319.35 
486 2572.45 
487 2321.52 
488 2478.27 
489 2275.72 
490 2328.99 
491 2529.49 
492 2550.45 
493 2586.57 
494 2247.65 
495 2503.85 
496 2523.70 
497 2163.73 
498 2652.87 
499 2780.62 
500 2633.44 
501 2421.69 
502 2427.45 
503 2433.24 
504 2488.36 
505 2109.92 
506 2567.31 
507 2244.14 
508 2439.60 
509 2598.23 
510 2696.24 
511 2202.44 
512 2569.17 
513 2475.97 
514 2527.02 
515 2337.25 
516 2423.98 
517 2374.25 
518 2240.72 
519 2227.67 
520 2274.34 
521 2031.10 
522 2422.59 
523 2490.05 
524 2420.13 
525 2570.87 
526 2214.46 
527 2443.57 
528 2451.39 
529 2582.84 
530 2516.09 
531 2568.00 
532 2290.39 
533 2550.67 
534 2627.66 
535 2488.90 
536 2551.99 
537 2529.16 
538 2244.91 
539 2448.81 
540 2312.70 
541 2157.69 
542 2187.88 
543 2383.86 
544 2238.16 
545 2424.30 
546 2420.39 
547 2652.65 
548 2202.52 
549 2405.91 
550 2413.92 
551 2648.09 
552 2475.88 
553 2528.56 
554 2419.09 
555 2601.25 
556 2261.59 
557 2217.60 
558 2389.65 
559 2419.12 
560 2450.28 
561 2398.47 
562 2519.09 
563 2321.20 
564 2384.46 
565 2584.39 
566 2608.07 
567 2363.68 
568 2498.89 
569 2375.27 
570 2288.18 
571 2285.15 
572 2198.79 
573 2550.01 
574 2618.11 
575 2322.31 
576 2408.33 
577 1932.19 
578 2005.18 
579 2410.30 
580 2496.95 
581 2304.64 
582 2485.26 
583 2339.85 
584 2553.22 
585 2513.36 
586 2300.26 
587 2744.74 
588 2578.16 
589 2375.47 
590 2528.36 
591 2397.39 
592 2472.10 
593 2728.53 
594 2487.41 
595 2683.28 
596 2398.73 
597 2165.14 
598 2358.45 
599 2273.25 
600 2194.07 
601 2472.58 
602 2583.73 
603 2440.11 
604 2594.13 
605 2364.14 
606 2235.02 
607 2259.83 
608 2244.08 
609 2838.44 
610 2752.02 
611 2327.07 
612 2699.86 
613 2522.13 
614 2319.18 
615 2137.44 
616 2648.28 
617 2413.27 
618 2364.87 
619 2650.62 
620 2427.48 
621 2695.63 
622 2348.37 
623 2459.22 
624 2452.09 
625 2241.46 
626 2449.31 
627 2264.11 
628 2312.36 
629 2478.84 
630 2680.08 
631 2525.30 
632 2345.84 
633 2498.77 
634 2529.24 
635 2441.81 
636 2198.87 
637 2800.12 
638 2721.23 
639 2676.76 
640 2547.40 
641 2635.84 
642 2756.98 
643 2524.72 
644 2511.72 
645 2375.82 
646 2466.46 
647 2681.94 
648 2174.44 
649 2558.41 
650 2170.67 
651 2376.20 
652 2930.28 
653 2696.45 
654 2419.51 
655 2576.79 
656 2181.96 
657 2166.19 
658 2429.51 
659 2102.47 
660 2445.18 
661 2236.39 
662 2655.08 
663 2692.09 
664 2514.85 
665 2412.40 
666 2320.35 
667 2729.04 
668 2573.39 
669 2451.00 
670 2416.55 
671 2383.52 
672 2538.97 
673 2447.87 
674 2350.33 
675 2628.48 
676 2164.28 
677 2291.55 
678 2361.41 
679 2456.80 
680 2331.46 
681 2628.82 
682 2475.39 
683 2316.09 
684 2754.27 
685 2519.41 
686 2488.53 
687 2617.22 
688 2460.06 
689 2385.13 
690 2458.43 
691 2539.69 
692 2385.26 
693 2706.64 
694 2433.82 
695 2544.02 
696 2659.25 
697 2318.01 
698 2455.44 
699 2624.06 
700 2244.68 
701 2147.35 
702 2541.42 
703 2445.21 
704 2340.31 
705 2616.15 
706 2124.07 
707 2485.34 
708 2483.18 
709 2461.30 
710 2394.82 
711 2358.73 
712 2660.73 
713 2454.06 
714 2574.96 
715 2241.05 
716 2480.85 
717 2485.68 
718 2649.65 
719 2423.84 
720 2444.20 
721 2606.99 
722 2276.30 
723 1961.39 
724 2666.62 
725 2664.72 
726 2385.93 
727 2491.18 
728 2432.77 
729 2407.98 
730 2700.71 
731 2517.37 
732 2328.75 
733 2632.56 
734 2300.57 
735 2282.79 
736 2232.41 
737 2464.45 
738 2614.50 
739 2390.75 
740 2552.26 
741 2544.42 
742 2448.52 
743 2477.41 
744 2317.05 
745 2378.67 
746 2635.70 
747 2316.74 
748 2237.00 
749 2376.03 
750 2559.88 
751 2664.20 
752 2619.59 
753 2263.31 
754 2375.21 
755 2237.59 
756 2627.44 
757 2519.03 
758 2532.24 
759 2619.05 
760 2688.72 
761 2391.80 
762 2587.57 
763 2199.55 
764 2377.30 
765 2627.36 
766 2479.48 
767 2542.76 
768 2508.19 
769 2446.54 
770 2703.04 
771 2420.11 
772 2383.32 
773 2243.95 
774 2581.59 
775 2281.80 
776 2627.56 
777 2729.20 
778 2508.67 
779 2457.98 
780 2325.88 
781 2527.65 
782 2601.21 
783 2584.73 
784 2538.36 
785 2340.71 
786 2462.69 
787 2543.10 
788 2362.52 
789 2378.68 
790 2357.14 
791 2179.22 
792 2454.21 
793 2310.48 
794 2764.36 
795 2424.65 
796 2097.24 
797 2330.92 
798 2612.93 
799 2451.78 
800 2460.50 
801 2441.64 
802 2501.31 
803 2448.24 
804 2519.16 
805 2313.55 
806 1974.20 
807 2482.21 
808 2238.90 
809 2313.71 
810 2427.28 
811 2532.93 
812 2725.03 
813 2435.05 
814 2759.64 
815 2501.76 
816 2396.13 
817 2203.78 
818 2409.25 
819 2550.00 
820 2596.49 
821 2618.84 
822 2526.48 
823 2235.54 
824 2652.03 
825 2734.50 
826 2287.66 
827 2315.48 
828 2513.43 
829 2286.11 
830 2561.12 
831 2430.69 
832 2479.79 
833 2615.47 
834 2389.32 
835 2487.51 
836 2615.00 
837 2398.95 
838 2481.01 
839 2441.48 
840 2343.64 
841 2191.61 
842 2570.95 
843 2504.40 
844 2163.08 
845 2298.22 
846 2573.92 
847 2390.19 
848 2402.60 
849 2580.20 
850 2399.23 
851 2620.21 
852 2329.71 
853 2362.74 
854 2552.55 
855 2602.15 
856 2380.08 
857 2683.30 
858 2569.21 
859 2468.62 
860 2300.90 
861 2505.57 
862 2615.62 
863 2412.56 
864 2587.60 
865 2647.03 
866 2427.64 
867 2579.99 
868 2364.52 
869 2366.82 
870 2631.20 
871 2508.60 
872 2595.42 
873 2337.48 
874 2377.24 
875 2431.55 
876 2137.12 
877 2673.30 
878 2454.03 
879 2611.52 
880 2289.90 
881 2515.61 
882 2469.77 
883 2378.57 
884 2047.04 
885 2261.03 
886 2488.91 
887 2591.23 
888 2351.71 
889 2624.00 
890 2375.39 
891 2543.91 
892 2072.22 
893 2575.38 
894 2472.66 
895 2553.00 
896 2520.13 
897 2005.05 
898 2357.73 
899 2409.22 
900 2281.40 
901 2510.51 
902 2483.60 
903 2667.44 
904 2181.07 
905 2449.39 
906 2184.75 
907 2689.47 
908 2401.09 
909 2399.45 
910 2469.31 
911 2759.45 
912 2244.83 
913 2333.75 
914 2668.37 
915 2293.78 
916 2598.45 
917 2686.27 
918 2198.70 
919 2143.40 
920 2455.58 
921 2375.06 
922 2491.67 
923 2092.34 
924 2462.06 
925 2039.65 
926 2718.40 
927 2510.53 
928 2771.95 
929 2494.02 
930 2681.03 
931 2551.08 
932 2497.18 
933 2423.75 
934 2730.17 
935 2629.98 
936 2459.07 
937 2373.77 
938 2632.61 
939 2631.93 
940 2661.03 
941 2134.69 
942 2446.59 
943 2422.72 
944 2581.71 
945 2575.90 
946 2350.89 
947 2362.24 
948 2656.45 
949 2624.58 
950 2506.28 
951 2608.21 
952 2613.11 
953 2567.03 
954 2531.57 
955 2437.82 
956 2476.47 
957 2656.99 
958 2440.64 
959 2552.61 
960 2663.56 
961 2625.10 
962 2447.92 
963 2599.25 
964 2696.43 
965 2380.09 
966 2870.39 
967 2432.40 
968 2509.76 
969 2440.06 
970 2300.30 
971 2265.47 
972 2407.04 
973 2461.88 
974 2393.87 
975 2430.58 
976 2499.04 
977 2581.39 
978 2405.53 
979 2467.74 
980 2472.86 
981 2292.09 
982 2449.14 
983 2502.36 
984 2463.31 
985 2465.31 
986 2335.07 
987 2570.03 
988 2137.64 
989 2374.45 
990 2790.64 
991 2299.93 
992 2441.53 
993 2547.82 
994 2722.68 
995 2643.28 
996 2577.85 
997 2185.43 
998 2343.63 
999 2703.18 
1000 2629.22 
1001 2587.00 
1002 2516.11 
1003 2525.28 
1004 2435.17 
1005 2372.06 
1006 2366.92 
1007 2289.64 
1008 2655.64 
1009 2811.12 
1010 2409.04 
1011 2344.03 
1012 2628.66 
1013 2304.08 
1014 2489.38 
1015 2487.33 
1016 2520.39 
1017 2078.73 
1018 2429.81 
1019 2417.21 
1020 2296.76 
