Seed 2:
0 -500.00 
1 -500.00 
2 -74.00 
3 -96.00 
4 -97.00 
5 -79.00 
6 -65.00 
7 -79.00 
8 -81.00 
9 -72.00 
10 -88.00 
11 -88.00 
12 -64.00 
13 -77.00 
14 -78.00 
15 -81.00 
16 -73.00 
17 -88.00 
18 -86.00 
19 -79.00 
20 -94.00 
21 -73.00 
22 -90.00 
23 -83.00 
24 -79.00 
25 -79.00 
26 -84.00 
27 -73.00 
28 -78.00 
29 -78.00 
30 -84.00 
31 -89.00 
32 -101.00 
33 -70.00 
34 -73.00 
35 -86.00 
36 -78.00 
37 -73.00 
38 -99.00 
39 -89.00 
40 -83.00 
41 -70.00 
42 -102.00 
43 -86.00 
44 -84.00 
45 -69.00 
46 -91.00 
47 -57.00 
48 -78.00 
49 -73.00 
50 -93.00 
51 -71.00 
52 -93.00 
53 -106.00 
54 -99.00 
55 -87.00 
56 -81.00 
57 -73.00 
58 -93.00 
59 -97.00 
60 -75.00 
61 -97.00 
62 -91.00 
63 -69.00 
64 -86.00 
65 -76.00 
66 -84.00 
67 -72.00 
68 -78.00 
69 -84.00 
70 -78.00 
71 -86.00 
72 -81.00 
73 -77.00 
74 -72.00 
75 -132.00 
76 -85.00 
77 -64.00 
78 -74.00 
79 -69.00 
80 -87.00 
81 -116.00 
82 -71.00 
83 -78.00 
84 -92.00 
85 -105.00 
86 -93.00 
87 -113.00 
88 -92.00 
89 -78.00 
90 -72.00 
91 -70.00 
92 -90.00 
93 -71.00 
94 -84.00 
95 -91.00 
96 -91.00 
97 -82.00 
98 -94.00 
99 -90.00 
100 -80.00 
101 -78.00 
102 -84.00 
103 -85.00 
104 -79.00 
105 -86.00 
106 -69.00 
107 -85.00 
108 -79.00 
109 -73.00 
110 -86.00 
111 -72.00 
112 -70.00 
113 -77.00 
114 -77.00 
115 -79.00 
116 -92.00 
117 -105.00 
118 -64.00 
119 -71.00 
120 -93.00 
121 -83.00 
122 -87.00 
123 -94.00 
124 -72.00 
125 -91.00 
126 -90.00 
127 -144.00 
128 -83.00 
129 -73.00 
130 -79.00 
131 -88.00 
132 -112.00 
133 -84.00 
134 -78.00 
135 -92.00 
136 -70.00 
137 -81.00 
138 -86.00 
139 -72.00 
140 -88.00 
141 -68.00 
142 -77.00 
143 -84.00 
144 -115.00 
145 -73.00 
146 -86.00 
147 -71.00 
148 -87.00 
149 -73.00 
150 -77.00 
151 -72.00 
152 -80.00 
153 -75.00 
154 -80.00 
155 -89.00 
156 -111.00 
157 -78.00 
158 -78.00 
159 -89.00 
160 -138.00 
161 -64.00 
162 -85.00 
163 -84.00 
164 -86.00 
165 -81.00 
166 -77.00 
167 -69.00 
168 -78.00 
169 -77.00 
170 -79.00 
171 -85.00 
172 -90.00 
173 -80.00 
174 -92.00 
175 -79.00 
176 -84.00 
177 -71.00 
178 -73.00 
179 -70.00 
180 -79.00 
181 -72.00 
182 -76.00 
183 -71.00 
184 -79.00 
185 -89.00 
186 -76.00 
187 -78.00 
188 -83.00 
189 -75.00 
190 -87.00 
191 -84.00 
192 -70.00 
193 -83.00 
194 -76.00 
195 -77.00 
196 -79.00 
197 -79.00 
198 -85.00 
199 -73.00 
200 -81.00 
201 -83.00 
202 -79.00 
203 -77.00 
204 -83.00 
205 -72.00 
206 -72.00 
207 -86.00 
208 -80.00 
209 -76.00 
210 -77.00 
211 -78.00 
212 -90.00 
213 -82.00 
214 -83.00 
215 -77.00 
216 -84.00 
217 -76.00 
218 -81.00 
219 -91.00 
220 -82.00 
221 -70.00 
222 -84.00 
223 -77.00 
224 -92.00 
225 -86.00 
226 -78.00 
227 -70.00 
228 -71.00 
229 -86.00 
230 -84.00 
231 -77.00 
232 -97.00 
233 -78.00 
234 -72.00 
235 -76.00 
236 -80.00 
237 -80.00 
238 -79.00 
239 -86.00 
240 -83.00 
241 -76.00 
242 -74.00 
243 -78.00 
244 -75.00 
245 -98.00 
246 -77.00 
247 -72.00 
248 -71.00 
249 -79.00 
250 -74.00 
251 -64.00 
252 -70.00 
253 -74.00 
254 -73.00 
255 -80.00 
256 -71.00 
257 -87.00 
258 -93.00 
259 -87.00 
260 -83.00 
261 -75.00 
262 -88.00 
263 -71.00 
264 -78.00 
265 -70.00 
266 -78.00 
267 -71.00 
268 -109.00 
269 -76.00 
270 -89.00 
271 -89.00 
272 -70.00 
273 -70.00 
274 -92.00 
275 -68.00 
276 -83.00 
277 -104.00 
278 -77.00 
279 -80.00 
280 -90.00 
281 -68.00 
282 -81.00 
283 -79.00 
284 -76.00 
285 -82.00 
286 -63.00 
287 -68.00 
288 -85.00 
289 -71.00 
290 -69.00 
291 -85.00 
292 -77.00 
293 -76.00 
294 -86.00 
295 -92.00 
296 -77.00 
297 -80.00 
298 -68.00 
299 -76.00 
300 -76.00 
301 -85.00 
302 -77.00 
303 -78.00 
304 -81.00 
305 -85.00 
306 -88.00 
307 -77.00 
308 -84.00 
309 -71.00 
310 -58.00 
311 -70.00 
312 -83.00 
313 -95.00 
314 -80.00 
315 -85.00 
316 -78.00 
317 -70.00 
318 -85.00 
319 -83.00 
320 -149.00 
321 -84.00 
322 -77.00 
323 -70.00 
324 -71.00 
325 -80.00 
326 -78.00 
327 -90.00 
328 -132.00 
329 -83.00 
330 -81.00 
331 -105.00 
332 -71.00 
333 -78.00 
334 -73.00 
335 -85.00 
336 -85.00 
337 -91.00 
338 -91.00 
339 -85.00 
340 -82.00 
341 -63.00 
342 -81.00 
343 -79.00 
344 -82.00 
345 -78.00 
346 -77.00 
347 -85.00 
348 -78.00 
349 -78.00 
350 -78.00 
351 -68.00 
352 -110.00 
353 -72.00 
354 -86.00 
355 -84.00 
356 -77.00 
357 -78.00 
358 -76.00 
359 -88.00 
360 -83.00 
361 -91.00 
362 -68.00 
363 -75.00 
364 -88.00 
365 -63.00 
366 -90.00 
367 -85.00 
368 -80.00 
369 -88.00 
370 -82.00 
371 -80.00 
372 -77.00 
373 -90.00 
374 -170.00 
375 -83.00 
376 -85.00 
377 -82.00 
378 -79.00 
379 -94.00 
380 -85.00 
381 -80.00 
382 -71.00 
383 -83.00 
384 -78.00 
385 -92.00 
386 -86.00 
387 -71.00 
388 -79.00 
389 -70.00 
390 -77.00 
391 -86.00 
392 -86.00 
393 -86.00 
394 -85.00 
395 -76.00 
396 -83.00 
397 -85.00 
398 -77.00 
399 -73.00 
400 -85.00 
401 -78.00 
402 -69.00 
403 -78.00 
404 -68.00 
405 -84.00 
406 -69.00 
407 -85.00 
408 -82.00 
409 -196.00 
410 -71.00 
411 -89.00 
412 -76.00 
413 -69.00 
414 -78.00 
415 -80.00 
416 -77.00 
417 -98.00 
418 -70.00 
419 -218.00 
420 -88.00 
421 -84.00 
422 -71.00 
423 -77.00 
424 -87.00 
425 -71.00 
426 -86.00 
427 -77.00 
428 -70.00 
429 -76.00 
430 -71.00 
431 -70.00 
432 -78.00 
433 -90.00 
434 -84.00 
435 -68.00 
436 -88.00 
437 -73.00 
438 -69.00 
439 -63.00 
440 -83.00 
441 -86.00 
442 -71.00 
443 -71.00 
444 -76.00 
445 -85.00 
446 -83.00 
447 -71.00 
448 -71.00 
449 -86.00 
450 -89.00 
451 -86.00 
452 -68.00 
453 -77.00 
454 -79.00 
455 -69.00 
456 -83.00 
457 -70.00 
458 -88.00 
459 -78.00 
460 -87.00 
461 -74.00 
462 -80.00 
463 -73.00 
464 -71.00 
465 -76.00 
466 -86.00 
467 -76.00 
468 -77.00 
469 -92.00 
470 -78.00 
471 -76.00 
472 -162.00 
473 -85.00 
474 -74.00 
475 -83.00 
476 -88.00 
477 -86.00 
478 -69.00 
479 -70.00 
480 -84.00 
481 -78.00 
482 -92.00 
483 -98.00 
484 -71.00 
485 -84.00 
486 -78.00 
487 -92.00 
488 -78.00 
489 -84.00 
490 -77.00 
491 -70.00 
492 -72.00 
493 -164.00 
494 -71.00 
495 -81.00 
496 -84.00 
497 -81.00 
498 -77.00 
499 -81.00 
500 -79.00 
