Seed 0:
0 -591.58 
1 -339.64 
2 -392.59 
3 -317.78 
4 -306.26 
5 -248.02 
6 -379.03 
7 -263.61 
8 -247.83 
9 -251.97 
10 -268.03 
11 -295.60 
12 -299.23 
13 -299.80 
14 -250.22 
15 -288.76 
16 -270.42 
17 -281.69 
18 143.28 
19 292.54 
20 654.48 
21 753.24 
22 773.20 
23 791.34 
24 778.44 
25 884.15 
26 989.00 
27 1085.03 
28 1213.26 
29 1306.86 
30 1575.26 
31 1685.56 
32 1634.06 
33 1198.44 
34 2015.17 
35 2051.12 
36 2180.87 
37 794.78 
38 2061.11 
39 2196.72 
40 2243.11 
41 329.75 
42 1145.43 
43 2492.87 
44 2407.76 
45 2399.72 
46 2358.72 
47 2511.18 
48 2527.42 
49 2570.70 
50 2448.02 
51 2441.21 
52 2674.59 
53 1237.66 
54 2658.03 
55 2327.05 
56 2564.51 
57 2590.67 
58 2738.10 
59 2528.09 
60 2527.49 
61 2575.28 
62 2669.42 
63 2631.15 
64 2626.27 
65 2687.60 
66 2538.20 
67 2677.74 
68 2744.21 
69 2670.62 
70 2580.47 
71 2595.55 
72 2602.63 
73 2684.15 
74 2631.53 
75 2659.27 
76 2718.68 
77 2763.90 
78 2622.65 
79 2605.68 
80 2675.31 
81 2710.34 
82 2588.63 
83 2743.39 
84 2554.25 
85 2672.26 
86 2492.14 
87 2645.93 
88 2676.25 
89 2674.02 
90 2618.59 
91 2638.91 
92 2647.92 
93 2730.15 
94 2746.03 
95 2700.07 
96 2675.27 
97 2556.46 
98 2690.36 
99 2705.70 
100 2772.67 
101 2696.52 
102 2554.55 
103 2670.85 
104 2665.52 
105 2840.10 
106 2667.02 
107 2618.24 
108 2645.96 
109 2723.81 
110 2653.14 
111 2554.93 
112 2686.73 
113 2659.07 
114 2571.56 
115 2691.11 
116 2680.62 
117 2641.57 
118 2645.61 
119 2705.45 
120 2588.89 
121 2689.05 
122 2582.84 
123 2673.81 
124 2634.90 
125 1611.28 
126 2629.57 
127 2668.19 
128 2613.08 
129 2704.45 
130 2498.46 
131 2633.07 
132 2709.51 
133 2744.87 
134 902.22 
135 2641.34 
136 2726.56 
137 2790.78 
138 2603.99 
139 2772.56 
140 2727.50 
141 2782.06 
142 2684.31 
143 2789.25 
144 2661.54 
145 2759.06 
146 2768.55 
147 2705.28 
148 2708.28 
149 1814.81 
150 2747.66 
151 2705.05 
152 2830.29 
153 2690.58 
154 2742.68 
155 2731.23 
156 2734.17 
157 2747.44 
158 2779.95 
159 2706.29 
160 2765.41 
161 2776.16 
162 2596.34 
163 2733.38 
164 2669.53 
165 2651.98 
166 2573.26 
167 2559.66 
168 2742.05 
169 2661.77 
170 2619.65 
171 2749.68 
172 2748.96 
173 1910.24 
174 2707.58 
175 2710.46 
176 2639.04 
177 2691.80 
178 2699.34 
179 2686.77 
180 2667.24 
181 2684.95 
182 2687.15 
183 2782.62 
184 2773.89 
185 2593.76 
186 2766.73 
187 2640.58 
188 2645.09 
189 2698.20 
190 2740.87 
191 2686.77 
192 2719.23 
193 1978.99 
194 2741.18 
195 2679.72 
196 2779.44 
197 2642.91 
198 2678.10 
199 2683.56 
200 2517.94 
201 2641.05 
202 2572.55 
203 1380.65 
204 2728.44 
205 2783.32 
206 2601.56 
207 2666.01 
208 2778.71 
209 2733.18 
210 2650.54 
211 2711.92 
212 2695.60 
213 2691.70 
214 2597.03 
215 2747.68 
216 2733.96 
217 2678.74 
218 2688.82 
219 477.35 
220 2837.51 
221 2725.66 
222 2608.43 
223 2684.71 
224 2795.79 
225 2675.28 
226 2646.30 
227 2698.27 
228 2668.23 
229 2857.49 
230 2138.61 
231 2762.16 
232 2599.60 
233 2728.72 
234 2756.34 
235 2707.34 
236 2642.97 
237 2625.88 
238 2650.85 
239 2646.87 
240 2703.66 
241 2661.49 
242 2800.06 
243 2637.44 
244 1763.33 
245 2631.77 
246 2691.46 
247 2650.98 
248 2701.54 
249 2620.23 
250 2760.71 
251 2675.00 
252 2730.76 
253 2823.00 
254 2739.59 
255 2703.41 
256 2715.15 
257 2715.03 
258 2686.10 
259 2773.83 
260 2687.94 
261 2675.52 
262 2727.02 
263 1910.52 
264 2788.15 
265 2801.57 
266 2822.43 
267 2763.47 
268 2775.49 
269 2632.71 
270 2760.45 
271 2702.09 
272 2685.50 
273 2697.53 
274 2687.28 
275 2621.28 
276 2707.10 
277 2712.54 
278 2618.23 
279 2734.34 
280 2720.75 
281 2799.98 
282 2852.80 
283 2733.27 
284 2612.44 
285 2591.39 
286 2636.57 
287 2674.99 
288 2759.42 
289 2169.66 
290 2701.72 
291 2774.63 
292 2772.81 
293 959.45 
294 2727.89 
295 2759.42 
296 2702.58 
297 2778.62 
298 2759.77 
299 2764.74 
300 2698.68 
301 2645.09 
302 2703.68 
303 2747.85 
304 2717.33 
305 2709.72 
306 2723.00 
307 2717.72 
308 2644.80 
309 2661.55 
310 2657.80 
311 2851.21 
312 2667.16 
313 2677.48 
314 2752.10 
315 2618.60 
316 2709.39 
317 2481.03 
318 2678.55 
319 2764.35 
320 2643.47 
321 2594.35 
322 2681.98 
323 2761.56 
324 2676.65 
325 2729.43 
326 2852.99 
327 2790.26 
328 2723.56 
329 2735.14 
330 2708.89 
331 2052.27 
332 2825.79 
333 2642.99 
334 2666.77 
335 2770.15 
336 2606.70 
337 2542.37 
338 2681.47 
339 2632.59 
340 2704.17 
341 2640.44 
342 2738.71 
343 2661.33 
344 2657.16 
345 2742.13 
346 2719.93 
347 2760.95 
348 2715.35 
349 2709.83 
350 2726.58 
351 2667.46 
352 2674.60 
353 2721.55 
354 2707.54 
355 2712.14 
356 2676.37 
357 2796.23 
358 2659.70 
359 2805.57 
360 2879.50 
361 2720.69 
362 2684.00 
363 2743.03 
364 2715.47 
365 2714.28 
366 2659.25 
367 2815.85 
368 2770.80 
369 2661.21 
370 814.94 
371 2734.79 
372 2527.73 
373 2740.58 
374 2775.62 
375 512.60 
376 2681.68 
377 2745.88 
378 2686.16 
379 2644.13 
380 1310.44 
381 2633.55 
382 2756.72 
383 2669.30 
384 2704.00 
385 2740.28 
386 2810.04 
387 2653.51 
388 2732.05 
389 593.66 
390 2759.49 
391 2738.76 
392 2761.02 
393 2647.82 
394 430.36 
395 2862.20 
396 2876.47 
397 2675.32 
398 2783.58 
399 2743.83 
400 2794.33 
401 2690.61 
402 2748.43 
403 2837.58 
404 2721.26 
405 2561.34 
406 2769.30 
407 2726.59 
408 2704.13 
409 2659.77 
410 2799.40 
411 2740.94 
412 2839.73 
413 2671.75 
414 2780.02 
415 2613.80 
416 2737.98 
417 2689.45 
418 2661.18 
419 2742.35 
420 1286.63 
421 2694.49 
422 2668.56 
423 2774.27 
424 2721.31 
425 2841.76 
426 2686.06 
427 2728.39 
428 2774.28 
429 2721.93 
430 2689.50 
431 2752.14 
432 2700.39 
433 2771.95 
434 2776.99 
435 2705.40 
436 2660.72 
437 2726.94 
438 2743.74 
439 2801.76 
440 2708.19 
441 2707.99 
442 2728.74 
443 2746.60 
444 2740.30 
445 2750.98 
446 2808.96 
447 2124.03 
448 2656.38 
449 2815.35 
450 2794.19 
451 2752.64 
452 2822.94 
453 2755.54 
454 97.13 
455 2791.94 
456 2816.97 
457 2736.35 
458 2614.86 
459 2715.66 
460 2773.38 
461 2692.65 
462 2730.79 
463 2766.40 
464 2819.74 
465 2702.10 
466 2728.68 
467 2691.81 
468 2655.75 
469 2750.64 
470 2774.29 
471 2800.41 
472 2616.04 
473 2829.93 
474 2793.52 
475 2800.10 
476 2693.69 
477 2706.10 
478 2847.02 
479 2692.09 
480 2754.42 
481 2746.41 
482 2750.71 
483 2768.64 
484 2734.02 
485 2633.23 
486 2822.09 
487 2852.56 
488 2746.23 
489 2751.33 
490 2729.42 
491 2788.03 
492 2662.24 
493 2775.08 
494 2656.49 
495 2854.21 
496 2705.90 
497 2752.59 
498 2729.96 
499 2697.14 
500 2670.06 
501 902.17 
502 2686.60 
503 2799.37 
504 2810.00 
505 2673.75 
506 2729.89 
507 1887.96 
508 2782.60 
509 2776.49 
510 2817.87 
511 2617.48 
512 2745.98 
513 2761.65 
514 2771.63 
515 2595.75 
516 2607.66 
517 2740.87 
518 2819.58 
519 2700.02 
520 2845.71 
521 2759.37 
522 2756.58 
523 2741.59 
524 2662.36 
525 2807.42 
526 2778.47 
527 2783.03 
528 2670.45 
529 2731.87 
530 2840.89 
531 2761.60 
532 2793.19 
533 2749.35 
534 2777.28 
535 2792.13 
536 2790.25 
537 2721.67 
538 2791.23 
539 2775.20 
540 2776.24 
541 2621.31 
542 2688.94 
543 2733.58 
544 2778.96 
545 2707.50 
546 2670.84 
547 2880.86 
548 2707.75 
549 2742.79 
550 2708.46 
551 2678.48 
552 2664.07 
553 1845.97 
554 2754.96 
555 2707.28 
556 2827.76 
557 2685.50 
558 2672.92 
559 2722.79 
560 2619.08 
561 2769.96 
562 2637.59 
563 2758.10 
564 2701.70 
565 2601.08 
566 2726.53 
567 2868.09 
568 2653.62 
569 2645.92 
570 2882.86 
571 2801.80 
572 2684.01 
573 2737.74 
574 2769.54 
575 2828.64 
576 2760.71 
577 2744.12 
578 2695.94 
579 2791.22 
580 2675.11 
581 2740.67 
582 2691.54 
583 2703.99 
584 2704.29 
585 2725.65 
586 2810.10 
587 2722.78 
588 2799.29 
589 1227.38 
590 2829.40 
591 2562.54 
592 2743.27 
593 2638.32 
594 2792.98 
595 2699.95 
596 2739.25 
597 2775.15 
598 2750.91 
599 2693.71 
600 2656.31 
601 2757.77 
602 2739.81 
603 1470.94 
604 2635.32 
605 2759.38 
606 2698.16 
607 2740.31 
608 2706.34 
609 2766.44 
610 2654.11 
611 2777.71 
612 2734.63 
613 2789.18 
614 2767.19 
615 2833.87 
616 2816.07 
617 675.21 
618 2706.85 
619 2695.05 
620 2744.25 
621 2577.23 
622 2758.94 
623 2699.17 
624 2801.72 
625 2747.82 
626 2848.78 
627 2725.53 
628 2734.01 
629 2705.92 
630 2773.83 
631 2700.12 
632 2741.68 
633 2682.08 
634 2719.04 
635 2768.73 
636 2710.72 
637 2739.11 
638 2801.79 
639 2591.57 
640 2805.61 
641 2740.43 
642 2690.40 
643 2788.16 
644 2682.58 
645 2722.53 
646 2677.26 
647 2708.71 
648 2702.30 
649 2689.47 
650 2666.84 
651 2877.08 
652 2709.57 
653 2732.74 
654 2641.09 
655 2670.95 
656 2780.61 
657 1136.25 
658 2732.21 
659 2639.44 
660 2682.07 
661 2639.66 
662 2655.42 
663 2845.71 
664 2655.61 
665 2792.03 
666 2681.41 
667 2693.10 
668 2644.70 
669 2780.82 
670 2710.11 
671 2735.80 
672 2759.52 
673 2685.39 
674 2706.37 
675 2756.09 
676 2741.19 
677 2749.58 
678 2739.90 
679 2733.01 
680 2776.99 
681 2865.66 
682 2607.73 
683 484.89 
684 2706.85 
685 2740.11 
686 2510.28 
687 2726.32 
688 2667.07 
689 2585.59 
690 2733.21 
691 2775.81 
692 548.95 
693 2884.09 
694 2789.24 
695 2837.45 
696 2774.56 
697 2723.23 
698 2678.42 
699 2715.53 
700 2720.82 
701 2764.42 
702 2600.86 
703 2794.25 
704 2581.58 
705 2644.10 
706 2754.38 
707 2729.27 
708 2636.85 
709 2873.10 
710 2704.96 
711 2775.41 
712 2787.19 
713 2823.09 
714 2761.55 
715 2662.96 
716 2765.22 
717 2626.66 
718 2810.91 
719 2688.61 
720 2726.60 
721 2758.20 
722 2830.45 
723 2873.14 
724 2782.97 
725 2655.88 
726 2748.44 
727 2744.61 
728 2726.69 
729 2770.05 
730 2655.45 
731 2244.05 
732 2832.00 
733 2688.20 
734 2739.18 
735 2643.00 
736 2760.28 
737 2758.10 
738 2685.09 
739 2725.09 
740 2683.45 
741 2726.12 
742 2740.28 
743 2719.78 
744 2729.32 
745 2694.74 
746 2695.18 
747 2711.50 
748 2758.70 
749 2778.16 
750 2719.72 
751 996.32 
752 2693.32 
753 2710.62 
754 2723.05 
755 2781.33 
756 2565.65 
757 2701.53 
758 384.28 
759 2763.73 
760 2848.55 
761 2666.04 
762 1902.74 
763 2846.57 
764 2631.57 
765 2691.21 
766 419.34 
767 2666.22 
768 2744.06 
769 2804.64 
770 2666.82 
771 2760.62 
772 2785.49 
773 2752.62 
774 2678.41 
775 2732.92 
776 2763.52 
777 2710.87 
778 2704.93 
779 458.22 
780 2710.82 
781 2621.47 
782 2821.88 
783 2657.61 
784 2782.41 
785 481.11 
786 2826.31 
787 2710.29 
788 2692.66 
789 2791.86 
790 2752.47 
791 2738.76 
792 2643.57 
793 2654.64 
794 2683.00 
795 2796.65 
796 2788.39 
797 2709.42 
798 2652.02 
799 2823.35 
800 2788.34 
801 2560.06 
802 2772.16 
803 2693.78 
804 2766.61 
805 2816.10 
806 2817.31 
807 2763.31 
808 2624.95 
809 2714.37 
810 2747.40 
811 2811.09 
812 569.75 
813 2785.55 
814 2704.46 
815 2782.85 
816 2752.81 
817 2696.96 
818 2685.98 
819 2687.35 
820 2740.97 
821 2773.67 
822 2705.75 
823 2751.30 
824 2708.70 
825 2817.58 
826 2745.04 
827 2841.24 
828 2776.64 
829 2743.72 
830 2682.02 
831 2821.53 
832 2846.28 
833 2823.85 
834 2854.62 
835 2854.42 
836 2761.42 
837 2796.31 
838 2760.42 
839 2723.33 
840 2712.01 
841 2746.37 
842 2793.46 
843 2823.73 
844 2650.03 
845 2694.65 
846 2584.08 
847 2648.84 
848 2716.96 
849 2163.06 
850 2798.21 
851 2836.31 
852 2771.39 
853 502.63 
854 2691.15 
855 2677.62 
856 2715.90 
857 2800.20 
858 2661.98 
859 2690.47 
860 2871.19 
861 2748.65 
862 2711.62 
863 2704.52 
864 2816.12 
865 2779.32 
866 2837.88 
867 2792.79 
868 2799.95 
869 2736.74 
870 2785.42 
871 2764.14 
872 2798.25 
873 2618.80 
874 2737.51 
875 2757.80 
876 2798.84 
877 2820.49 
878 2686.58 
879 2825.74 
880 2657.99 
881 2719.16 
882 1825.15 
883 2716.20 
884 2536.24 
885 2570.46 
886 2779.82 
887 2742.18 
888 2666.88 
889 2601.58 
890 2706.27 
891 2700.01 
892 2693.87 
893 2712.09 
894 2714.88 
895 2771.78 
896 2714.84 
897 2816.35 
898 2769.12 
899 2729.76 
900 2779.57 
901 2788.17 
902 2785.06 
903 2748.19 
904 258.92 
905 2751.26 
906 2711.79 
907 2798.29 
908 2699.67 
909 2823.50 
910 844.91 
911 2826.62 
912 2713.00 
913 2758.72 
914 829.71 
915 2783.25 
916 2831.58 
917 2814.73 
918 2831.58 
919 2737.70 
920 2869.07 
921 2795.89 
922 2777.19 
923 2793.42 
924 2858.79 
925 2701.00 
926 2671.63 
927 2817.70 
928 2742.95 
929 2774.45 
930 2700.56 
931 2707.45 
932 2836.05 
933 2735.17 
934 2679.39 
935 2855.83 
936 2813.64 
937 2776.33 
938 2666.66 
939 2801.56 
940 2590.71 
941 2511.05 
942 2759.92 
943 2691.74 
944 2765.70 
945 2699.39 
946 2745.30 
947 2690.71 
948 2829.59 
949 2761.19 
950 1487.09 
951 2742.80 
952 2748.54 
953 2619.27 
954 2640.48 
955 2624.79 
956 2638.48 
957 2770.35 
958 2772.56 
959 2790.35 
960 2801.49 
961 2721.89 
962 2768.24 
963 2675.95 
964 2669.27 
965 2743.35 
966 2580.10 
967 2781.39 
968 2626.48 
969 2849.00 
970 2675.39 
971 2787.82 
972 2820.32 
973 2827.85 
974 2870.10 
975 2740.19 
976 2790.84 
977 2745.22 
978 2723.08 
979 2712.42 
980 2766.85 
981 2760.72 
982 2677.36 
983 2723.89 
984 2771.47 
985 2284.82 
986 2777.81 
987 2763.69 
988 2736.91 
989 2855.91 
990 2712.42 
991 2909.20 
992 2683.21 
993 2757.74 
994 2720.65 
995 2874.52 
996 2732.80 
997 2826.87 
998 2788.39 
999 2770.99 
1000 2699.61 
1001 2817.46 
1002 2697.93 
1003 2768.42 
1004 2729.12 
1005 2788.97 
1006 2779.14 
1007 2653.03 
1008 2877.32 
1009 2721.12 
1010 2604.93 
1011 2727.94 
1012 402.00 
1013 2825.33 
1014 2807.99 
1015 2727.37 
1016 2662.32 
1017 2782.27 
1018 2504.81 
0 2785.07 
1 1938.29 
2 2743.35 
3 2795.37 
4 2748.11 
5 2687.16 
6 2781.05 
7 2798.84 
8 1020.35 
9 2772.20 
10 2764.15 
11 2766.16 
12 2788.86 
13 2763.27 
14 2725.51 
15 2851.17 
16 2842.92 
17 2836.06 
18 2809.85 
19 2683.69 
20 2848.61 
21 2673.93 
22 2872.25 
23 2840.39 
24 2681.98 
25 2789.15 
26 2840.24 
27 2851.56 
28 2729.80 
29 2758.31 
30 2746.71 
31 2674.32 
32 2806.36 
33 2715.42 
34 2785.67 
35 2628.21 
36 2778.37 
37 2719.97 
38 2694.87 
39 2762.98 
40 2812.93 
41 2736.67 
42 2892.50 
43 2758.70 
44 2746.70 
45 2701.22 
46 104.16 
47 2674.86 
48 384.40 
49 2787.56 
50 2865.80 
51 2723.21 
52 2822.18 
53 2774.76 
54 2795.01 
55 2855.91 
56 2796.90 
57 2796.93 
58 2830.02 
59 2753.64 
60 2889.26 
61 2790.50 
62 2691.32 
63 2739.02 
64 2747.44 
65 2773.19 
66 2699.08 
67 2727.10 
68 2314.88 
69 2839.11 
70 2770.14 
71 2722.02 
72 2648.39 
73 2728.17 
74 2792.57 
75 2751.00 
76 2805.47 
77 2723.42 
78 2843.04 
79 2798.88 
80 2752.27 
81 1589.77 
82 2708.68 
83 720.24 
84 2737.95 
85 273.98 
86 2785.86 
87 2847.59 
88 2756.66 
89 2752.54 
90 1726.86 
91 2790.97 
92 2100.03 
93 2834.25 
94 2651.14 
95 2672.35 
96 2729.79 
97 2814.13 
98 2726.40 
99 2754.77 
100 948.11 
101 2777.32 
102 2657.52 
103 2847.24 
104 2742.61 
105 2766.04 
106 2744.44 
107 2720.27 
108 2716.54 
109 2795.58 
110 2659.82 
111 2751.89 
112 2877.60 
113 2739.43 
114 2774.03 
115 2736.98 
116 2692.59 
117 2730.63 
118 2762.98 
119 2742.30 
120 2836.11 
121 2734.41 
122 2791.31 
123 1993.64 
124 2786.34 
125 2646.79 
126 2774.00 
127 2756.67 
128 2699.91 
129 2765.67 
130 2833.43 
131 2687.94 
132 2812.93 
133 2790.65 
134 1011.02 
135 2725.46 
136 2527.62 
137 765.37 
138 2731.43 
139 2759.49 
140 2784.12 
141 2767.69 
142 2786.53 
143 1517.91 
144 2801.16 
145 2785.02 
146 2674.24 
147 2896.44 
148 2665.07 
149 2893.73 
150 2794.63 
151 2873.28 
152 2738.67 
153 2660.97 
154 2851.55 
155 2718.02 
156 2766.11 
157 2831.28 
158 2624.49 
159 2788.83 
160 2793.68 
161 232.20 
162 2699.92 
163 2780.38 
164 2685.26 
165 2834.35 
166 2795.03 
167 2730.59 
168 2761.74 
169 2751.81 
170 2861.69 
171 2735.67 
172 2756.97 
173 2723.09 
174 2746.43 
175 2676.37 
176 2724.34 
177 2683.80 
178 2824.15 
179 2731.41 
180 2657.09 
181 2776.00 
182 2788.15 
183 2817.57 
184 2750.24 
185 2777.26 
186 2795.24 
187 2726.82 
188 2788.23 
189 2747.37 
190 2666.97 
191 2786.54 
192 2798.57 
193 2755.60 
194 2778.28 
195 2747.62 
196 2860.88 
197 2780.83 
198 2774.28 
199 2656.28 
200 2763.09 
201 2724.35 
202 2745.44 
203 2714.05 
204 2801.60 
205 2697.75 
206 2749.94 
207 1886.55 
208 2627.25 
209 2714.34 
210 2425.08 
211 2859.46 
212 2774.70 
213 2768.17 
214 2764.65 
215 2802.74 
216 2745.43 
217 2677.62 
218 2773.80 
219 2766.02 
220 2766.51 
221 2701.64 
222 2697.07 
223 1930.29 
224 2680.91 
225 2817.49 
226 2742.47 
227 2727.11 
228 2644.66 
229 2779.89 
230 2847.88 
231 2838.34 
232 2815.95 
233 2743.24 
234 2736.83 
235 2695.10 
236 2680.11 
237 2762.33 
238 2733.54 
239 2828.42 
240 2773.82 
241 2730.08 
242 2761.26 
243 2761.00 
244 2855.60 
245 2797.20 
246 2800.18 
247 2707.60 
248 2737.03 
249 2732.02 
250 2722.02 
251 2857.01 
252 2773.54 
253 2841.47 
254 2704.43 
255 2650.29 
256 1240.45 
257 2648.37 
258 2699.83 
259 2631.79 
260 2755.37 
261 2731.82 
262 2515.51 
263 2681.31 
264 2785.13 
265 2793.37 
266 2850.41 
267 2753.25 
268 2787.27 
269 2781.74 
270 2695.32 
271 2745.74 
272 2255.72 
273 2718.10 
274 2740.45 
275 2839.85 
276 2768.32 
277 802.98 
278 2771.04 
279 2809.98 
280 625.52 
281 2759.78 
282 2737.47 
283 2744.72 
284 2722.83 
285 2711.95 
286 2657.99 
287 2788.93 
288 2681.22 
289 2813.47 
290 2693.16 
291 2776.48 
292 2759.77 
293 2852.68 
294 2851.14 
295 2702.14 
296 2860.52 
297 2786.12 
298 1272.09 
299 2636.86 
300 2731.06 
301 2734.20 
302 2754.27 
303 2851.89 
304 2684.82 
305 2700.25 
306 2785.30 
307 2795.75 
308 2759.58 
309 2808.62 
310 2822.18 
311 2814.05 
312 2826.19 
313 2810.37 
314 2682.50 
315 2750.53 
316 2776.47 
317 2667.96 
318 2793.53 
319 2771.34 
320 2793.75 
321 2773.07 
322 2736.46 
323 2853.99 
324 2835.03 
325 2800.13 
326 2731.44 
327 2847.72 
328 2958.57 
329 2826.35 
330 2610.24 
331 2814.48 
332 2752.18 
333 2788.25 
334 2633.47 
335 2634.37 
336 2822.54 
337 2862.12 
338 2827.38 
339 2803.21 
340 2777.18 
341 2745.82 
342 2803.65 
343 2788.33 
344 2737.32 
345 2843.55 
346 2673.46 
347 2798.07 
348 2828.57 
349 2830.41 
350 2737.92 
351 2755.63 
352 2805.53 
353 2769.03 
354 2780.26 
355 2813.30 
356 2690.89 
357 2692.56 
358 2749.72 
359 2663.22 
360 2662.09 
361 2767.12 
362 2683.14 
363 2849.71 
364 91.03 
365 2806.71 
366 2772.41 
367 2761.13 
368 2706.56 
369 2801.92 
370 2736.35 
371 2783.21 
372 2804.29 
373 631.79 
374 2731.40 
375 2774.49 
376 2774.51 
377 2829.23 
378 2645.47 
379 2837.38 
380 2833.42 
381 2642.53 
382 2798.19 
383 2810.36 
384 2770.39 
385 2791.77 
386 2883.96 
387 2844.27 
388 2790.07 
389 2800.23 
390 2745.17 
391 2796.19 
392 2704.81 
393 2824.79 
394 2780.78 
395 2731.34 
396 2710.69 
397 2776.34 
398 2818.06 
399 2908.43 
400 2851.66 
401 2781.02 
402 2773.51 
403 2725.79 
404 2779.27 
405 2687.03 
406 2774.61 
407 2794.18 
408 808.38 
409 2574.28 
410 2749.65 
411 2777.60 
412 2810.51 
413 2751.68 
414 2782.23 
415 2770.75 
416 2727.98 
417 2784.03 
418 2738.32 
419 2712.15 
420 2861.09 
421 2747.43 
422 2816.94 
423 2806.84 
424 2764.17 
425 2763.73 
426 2802.56 
427 2750.41 
428 2711.61 
429 2890.39 
430 2713.35 
431 2895.46 
432 2748.81 
433 2692.78 
434 2788.54 
435 2750.78 
436 2744.06 
437 2905.05 
438 2795.66 
439 2652.20 
440 2810.19 
441 2832.60 
442 2792.94 
443 2894.35 
444 2721.54 
445 2709.52 
446 2798.00 
447 2864.08 
448 2673.86 
449 2733.34 
450 2696.91 
451 2870.18 
452 2719.62 
453 2761.93 
454 2643.89 
455 2750.57 
456 1255.61 
457 2759.10 
458 2844.29 
459 2711.95 
460 2719.68 
461 2774.76 
462 2754.66 
463 2741.98 
464 2812.46 
465 2918.99 
466 1850.23 
467 2741.79 
468 2795.17 
469 2799.71 
470 2745.00 
471 2810.95 
472 2708.67 
473 2905.97 
474 2807.53 
475 2750.81 
476 2827.39 
477 2728.57 
478 2679.25 
479 2699.90 
480 2824.38 
481 2717.21 
482 2808.11 
483 2855.50 
484 2761.71 
485 2793.05 
486 2785.93 
487 2820.69 
488 2879.15 
489 2662.67 
490 2747.13 
491 2803.51 
492 2868.53 
493 2823.33 
494 2816.34 
495 2810.59 
496 2708.96 
497 2722.67 
498 2693.67 
499 2809.35 
500 2732.98 
501 2757.92 
502 2762.84 
503 2856.95 
504 2822.05 
505 2656.37 
506 1954.37 
507 2830.12 
508 2787.40 
509 2765.48 
510 2858.64 
511 2789.08 
512 2846.21 
513 2766.16 
514 2750.60 
515 2816.06 
516 2726.82 
517 2616.62 
518 2728.33 
519 2868.14 
520 2761.30 
521 2766.72 
522 2896.23 
523 2726.85 
524 2821.86 
525 2763.12 
526 2863.59 
527 2823.77 
528 2835.01 
529 2711.58 
530 2747.94 
531 2747.82 
532 2555.71 
533 2732.51 
534 2664.84 
535 2780.56 
536 2601.72 
537 2851.43 
538 2758.52 
539 2773.63 
540 2813.08 
541 2740.50 
542 2747.76 
543 2827.57 
544 2890.12 
545 2808.58 
546 2795.96 
547 2866.01 
548 2759.30 
549 2726.91 
550 2763.02 
551 2716.05 
552 2844.74 
553 2884.60 
554 2819.23 
555 2800.88 
556 2752.82 
557 2736.29 
558 2690.28 
559 2710.61 
560 2748.73 
561 2694.36 
562 2764.66 
563 2840.16 
564 2767.64 
565 2916.42 
566 2715.38 
567 2799.44 
568 2814.52 
569 2656.11 
570 2740.26 
571 201.44 
572 2797.86 
573 2696.03 
574 2806.46 
575 2749.57 
576 2871.70 
577 2808.21 
578 2859.85 
579 2881.57 
580 2794.52 
581 2840.29 
582 2831.57 
583 2767.77 
584 2737.36 
585 2860.12 
586 2832.54 
587 2834.61 
588 2785.19 
589 2683.09 
590 2792.28 
591 2797.78 
592 2796.60 
593 2765.26 
594 2754.51 
595 2803.03 
596 2715.55 
597 2875.48 
598 2763.09 
599 2665.44 
600 2683.77 
601 2828.57 
602 2688.41 
603 2712.44 
604 2742.37 
605 2904.31 
606 2876.23 
607 2792.64 
608 2735.10 
609 2620.90 
610 2798.91 
611 2812.16 
612 2708.38 
613 2806.74 
614 2821.77 
615 2791.13 
616 2770.85 
617 2864.50 
618 2804.58 
619 2827.13 
620 2700.12 
621 2762.94 
622 2709.02 
623 2700.33 
624 2669.17 
625 2813.04 
626 2851.31 
627 2752.45 
628 2820.02 
629 2767.90 
630 2724.08 
631 2798.30 
632 2754.26 
633 987.89 
634 2773.14 
635 2870.57 
636 2857.42 
637 2148.68 
638 2792.96 
639 2788.54 
640 2773.97 
641 346.61 
642 2765.86 
643 2862.23 
644 2848.74 
645 2793.82 
646 2786.26 
647 2883.38 
648 2769.50 
649 2822.21 
650 2855.53 
651 2788.22 
652 2718.02 
653 2829.89 
654 2718.81 
655 2738.66 
656 2783.79 
657 2744.70 
658 2817.66 
659 2816.92 
660 2694.84 
661 2814.03 
662 2852.81 
663 2713.38 
664 2688.70 
665 2718.70 
666 2860.10 
667 2830.19 
668 2868.25 
669 2838.29 
670 2759.05 
671 2748.43 
672 2758.95 
673 2845.64 
674 2848.14 
675 2714.76 
676 2828.21 
677 2909.21 
678 2690.65 
679 2874.67 
680 2856.09 
681 2775.26 
682 2640.43 
683 2750.17 
684 86.15 
685 2715.01 
686 2768.51 
687 2764.89 
688 2763.33 
689 2937.17 
690 2845.13 
691 2868.32 
692 2763.48 
693 2730.27 
694 2870.68 
695 2626.25 
696 2780.62 
697 2750.95 
698 2744.77 
699 2744.19 
700 2788.65 
701 2760.21 
702 2787.70 
703 1970.62 
704 2784.26 
705 2808.27 
706 2806.80 
707 2760.37 
708 2642.96 
709 2609.82 
710 2446.58 
711 2673.42 
712 2694.82 
713 1429.04 
714 2758.21 
715 2800.07 
716 2752.56 
717 421.28 
718 2677.05 
719 2716.73 
720 2664.42 
721 2793.83 
722 2754.56 
723 2846.32 
724 2891.21 
725 2739.64 
726 2778.15 
727 2714.40 
728 2838.84 
729 2750.20 
730 2908.20 
731 2687.04 
732 2846.34 
733 2719.52 
734 2797.78 
735 2745.08 
736 2883.76 
737 2814.63 
738 2781.21 
739 2753.60 
740 2834.79 
741 2800.44 
742 2761.59 
743 2670.80 
744 2736.08 
745 1633.87 
746 2758.06 
747 2694.41 
748 2730.40 
749 2759.93 
750 2832.07 
751 2739.29 
752 2824.69 
753 2799.80 
754 2773.86 
755 2767.27 
756 2723.08 
757 2760.43 
758 2781.89 
759 2834.05 
760 2798.60 
761 2803.19 
762 2818.17 
763 2734.48 
764 2850.38 
765 2851.91 
766 2875.55 
767 2803.59 
768 2779.76 
769 2798.89 
770 2809.33 
771 2808.97 
772 2861.88 
773 2830.45 
774 2445.86 
775 2661.63 
776 2789.77 
777 2746.67 
778 2741.13 
779 2735.51 
780 2731.30 
781 2236.65 
782 2706.20 
783 2664.67 
784 2865.92 
785 2713.16 
786 2774.14 
787 2727.41 
788 2803.02 
789 2768.12 
790 2862.91 
791 2714.50 
792 2787.50 
793 2766.02 
794 2861.40 
795 2799.93 
796 2729.10 
797 2700.10 
798 2790.41 
799 2699.87 
800 2787.39 
801 2793.04 
802 2806.80 
803 2809.74 
804 2831.74 
805 2763.64 
806 2673.19 
807 2885.73 
808 2743.42 
809 2710.77 
810 2756.09 
811 2698.67 
812 2705.25 
813 2801.79 
814 2796.67 
815 2801.94 
816 2807.96 
817 2828.11 
818 2777.72 
819 1983.68 
820 2813.46 
821 2707.11 
822 2742.40 
823 2737.36 
824 2765.99 
825 2885.46 
826 2808.81 
827 2601.70 
828 2649.87 
829 2736.42 
830 2716.28 
831 2717.69 
832 2785.85 
833 2690.51 
834 2839.34 
835 2800.37 
836 2849.41 
837 2525.23 
838 2791.83 
839 2832.65 
840 2816.45 
841 2860.25 
842 2814.48 
843 2703.32 
844 2798.98 
845 2882.94 
846 2783.83 
847 2818.34 
848 2755.02 
849 2849.08 
850 2785.45 
851 2828.70 
852 2948.14 
853 2684.21 
854 2819.61 
855 2838.98 
856 2842.67 
857 2873.60 
858 2795.90 
859 2570.00 
860 2711.84 
861 2835.73 
862 2829.10 
863 2768.96 
864 2720.61 
865 2855.58 
866 2807.76 
867 2803.21 
868 2716.34 
869 2790.40 
870 2799.55 
871 2867.04 
872 2807.84 
873 2775.02 
874 2796.06 
875 795.80 
876 2731.03 
877 2816.69 
878 2717.50 
879 2704.16 
880 2879.64 
881 2786.38 
882 2807.67 
883 2769.51 
884 2901.49 
885 2807.35 
886 2913.70 
887 2822.70 
888 2848.54 
889 2798.90 
890 2781.20 
891 2788.21 
892 2798.53 
893 2808.15 
894 2836.10 
895 2835.31 
896 2849.33 
897 2777.61 
898 2722.93 
899 2734.64 
900 2674.89 
901 2688.98 
902 2757.43 
903 2859.55 
904 2736.86 
905 2810.06 
906 2936.02 
907 2748.30 
908 2797.35 
909 2766.76 
910 2857.16 
911 2735.39 
912 2629.58 
913 2818.37 
914 2780.46 
915 2718.92 
916 2783.19 
917 2725.67 
918 2745.87 
919 2821.73 
920 2725.09 
921 2842.44 
922 2847.36 
923 2865.90 
924 2661.44 
925 2791.91 
926 2760.49 
927 2796.44 
928 2720.07 
929 2784.77 
930 2764.35 
931 2775.73 
932 2756.14 
933 2678.63 
934 2784.56 
935 2745.65 
936 2745.83 
937 2799.35 
938 2851.36 
939 2854.50 
940 2725.30 
941 2755.63 
942 2754.98 
943 2880.09 
944 2753.22 
945 2759.54 
946 2740.09 
947 2842.46 
948 2846.36 
949 2913.09 
950 2786.33 
951 2708.23 
952 2836.91 
953 2796.45 
954 2903.28 
955 2788.02 
956 2760.81 
957 2851.44 
958 2653.16 
959 2825.24 
960 2855.93 
961 1256.37 
962 2713.84 
963 2777.69 
964 2734.62 
965 2857.85 
966 2857.86 
967 2775.64 
968 2779.60 
969 2799.13 
970 2838.23 
971 2756.08 
972 2756.66 
973 2815.05 
974 2833.23 
975 647.40 
976 2748.35 
977 2754.55 
978 2775.24 
979 2763.64 
980 2859.11 
981 2811.20 
982 2851.73 
983 2700.48 
984 2782.06 
985 2733.07 
986 2819.47 
987 2711.18 
988 2691.33 
989 13.77 
990 2819.06 
991 2819.21 
992 2729.73 
993 2754.95 
994 2812.72 
995 2819.18 
996 2819.36 
997 2759.75 
998 2836.71 
999 2731.52 
1000 2740.67 
1001 2759.00 
1002 2818.91 
1003 2837.88 
1004 2799.74 
1005 1203.33 
1006 2619.59 
1007 2637.11 
1008 2795.85 
1009 2833.61 
1010 2172.35 
1011 2802.03 
1012 2789.10 
1013 2717.97 
1014 2804.07 
1015 2742.94 
1016 2687.24 
1017 2698.01 
1018 2753.23 
0 2780.67 
1 2715.61 
2 2858.95 
3 2551.77 
4 2795.07 
5 2760.57 
6 2754.09 
7 2711.85 
8 2830.62 
9 2848.61 
10 2773.51 
11 2802.72 
12 2608.59 
13 2785.56 
14 2732.26 
15 2772.10 
16 2784.50 
17 2813.68 
18 2716.05 
19 2746.14 
20 2834.63 
21 2859.62 
22 2737.40 
23 2645.03 
24 2805.60 
25 2724.31 
26 2727.10 
27 2696.34 
28 2798.60 
29 2705.61 
30 2717.62 
31 2796.22 
32 2779.27 
33 2812.25 
34 2726.82 
35 2815.84 
36 2886.54 
37 2795.09 
38 2844.60 
39 2835.97 
40 2933.67 
41 2797.72 
42 2727.65 
43 2654.87 
44 2723.51 
45 2789.82 
46 2708.39 
47 2765.78 
48 2779.19 
49 2673.73 
50 2815.18 
51 2757.66 
52 2819.51 
53 2842.26 
54 2909.90 
55 2747.61 
56 2721.86 
57 2777.95 
58 2799.06 
59 2456.60 
60 2854.27 
61 2832.12 
62 2772.83 
63 2781.20 
64 2763.92 
65 2686.76 
66 2899.39 
67 2796.57 
68 2846.11 
69 2894.62 
70 2740.47 
71 2783.76 
72 2774.59 
73 2658.70 
74 2564.59 
75 2848.34 
76 2735.02 
77 2866.02 
78 2742.08 
79 2851.22 
80 2766.40 
81 2786.14 
82 2774.41 
83 2744.18 
84 2926.93 
85 2772.00 
86 2909.69 
87 2800.62 
88 2742.55 
89 2727.90 
90 2826.93 
91 2887.20 
92 2755.66 
93 2748.43 
94 2853.06 
95 2761.47 
96 2717.16 
97 2770.44 
98 2732.05 
99 2842.26 
100 2743.12 
101 2808.12 
102 2756.49 
103 443.39 
104 2762.31 
105 2812.57 
106 2735.46 
107 446.12 
108 2839.60 
109 2767.54 
110 2737.21 
111 2823.71 
112 2660.00 
113 2712.22 
114 2868.11 
115 2847.55 
116 2766.48 
117 2813.57 
118 2807.18 
119 2747.77 
120 2863.94 
121 2841.16 
122 2767.95 
123 2702.54 
124 2679.24 
125 2711.21 
126 2876.18 
127 2901.66 
128 2821.96 
129 2809.05 
130 2680.03 
131 2710.25 
132 2753.61 
133 2799.21 
134 2783.45 
135 2771.29 
136 2833.87 
137 2899.28 
138 2825.23 
139 2792.38 
140 2880.94 
141 2825.81 
142 2702.72 
143 2716.03 
144 2830.27 
145 2380.12 
146 2756.81 
147 2987.77 
148 2859.85 
149 433.88 
150 2767.57 
151 2798.05 
152 2842.79 
153 2871.59 
154 2821.02 
155 2781.88 
156 2770.24 
157 2749.42 
158 2786.67 
159 2860.26 
160 2866.64 
161 2744.65 
162 2799.59 
163 2802.04 
164 2825.37 
165 2892.27 
166 2665.61 
167 2859.80 
168 2701.44 
169 2895.09 
170 2719.86 
171 2649.30 
172 2848.37 
173 2786.86 
174 2756.71 
175 2778.59 
176 2787.20 
177 2792.21 
178 2855.85 
179 2914.41 
180 2640.83 
181 2835.41 
182 2833.98 
183 2760.80 
184 2789.12 
185 2733.40 
186 2790.13 
187 2810.58 
188 2886.44 
189 2813.98 
190 2851.23 
191 2757.36 
192 2759.42 
193 2678.91 
194 2880.51 
195 2787.98 
196 2846.13 
197 2825.25 
198 2816.96 
199 2869.70 
200 2834.51 
201 2705.03 
202 2727.50 
203 2839.27 
204 2776.03 
205 2831.81 
206 2772.09 
207 2748.69 
208 2721.93 
209 2843.37 
210 2806.03 
211 2861.65 
212 2876.11 
213 2898.28 
214 2848.31 
215 2867.53 
216 2760.12 
217 2766.23 
218 2674.88 
219 2742.67 
220 2727.99 
221 2713.83 
222 2761.91 
223 2834.87 
224 2856.56 
225 2840.32 
226 2750.04 
227 2813.89 
228 2683.31 
229 2715.71 
230 2787.91 
231 2751.83 
232 2756.26 
233 2896.12 
234 2824.50 
235 2738.96 
236 2785.27 
237 2836.76 
238 2829.52 
239 2811.53 
240 2946.55 
241 2891.38 
242 2905.32 
243 2933.71 
244 2817.38 
245 2721.02 
246 2679.77 
247 2623.07 
248 2722.37 
249 2875.57 
250 2777.72 
251 2831.30 
252 2757.33 
253 2801.32 
254 2830.13 
255 2880.61 
256 2787.09 
257 2837.08 
258 2833.09 
259 2828.50 
260 2832.90 
261 2616.50 
262 2754.51 
263 2731.82 
264 2757.95 
265 2747.88 
266 2929.74 
267 2672.45 
268 2823.41 
269 2784.86 
270 2872.95 
271 2751.64 
272 2786.85 
273 2675.06 
274 2779.29 
275 2825.43 
276 2806.92 
277 2726.91 
278 2758.03 
279 2813.67 
280 2940.50 
281 2702.76 
282 2820.04 
283 2813.27 
284 2781.47 
285 2851.83 
286 2798.24 
287 2860.43 
288 2786.13 
289 1673.87 
290 2735.63 
291 2830.12 
292 2096.16 
293 2820.06 
294 2761.66 
295 2770.44 
296 2875.55 
297 2824.24 
298 2779.80 
299 2845.31 
300 2835.44 
301 2705.08 
302 2774.45 
303 2747.40 
304 2798.75 
305 2852.03 
306 2796.16 
307 2740.73 
308 2816.65 
309 2801.39 
310 2636.01 
311 2858.18 
312 2730.71 
313 2796.80 
314 2778.98 
315 2739.19 
316 2791.38 
317 2737.20 
318 2803.93 
319 2785.79 
320 2694.08 
321 2686.59 
322 2692.10 
323 1733.45 
324 2781.96 
325 2848.06 
326 2831.52 
327 2797.62 
328 2716.94 
329 2849.68 
330 2789.77 
331 2747.19 
332 2628.35 
333 2741.45 
334 2749.98 
335 2786.10 
336 2701.55 
337 1116.21 
338 2818.52 
339 2740.81 
340 2804.45 
341 2687.10 
342 2732.29 
343 2634.86 
344 2762.94 
345 2792.58 
346 2818.07 
347 2855.79 
348 2726.09 
349 2822.98 
350 2767.40 
351 2732.42 
352 2808.71 
353 2851.10 
354 2813.42 
355 2877.14 
356 2885.06 
357 2815.80 
358 2852.68 
359 2849.62 
360 2762.28 
361 2832.27 
362 2863.56 
363 2820.69 
364 2796.69 
365 2780.15 
366 2840.43 
367 2804.67 
368 2876.98 
369 2703.78 
370 2907.82 
371 2866.20 
372 2845.94 
373 2803.25 
374 2732.72 
375 2729.44 
376 2834.24 
377 2798.02 
378 2703.53 
379 2785.64 
380 2783.23 
381 2700.30 
382 2800.40 
383 2578.56 
384 2821.88 
385 2586.98 
386 2692.20 
387 2644.18 
388 2852.26 
389 2723.07 
390 2828.76 
391 2776.32 
392 2844.65 
393 2736.44 
394 2334.43 
395 2738.10 
396 2903.90 
397 460.91 
398 2708.54 
399 2835.13 
400 2795.39 
401 2770.04 
402 2922.96 
403 2668.99 
404 2777.53 
405 2807.44 
406 2810.75 
407 2714.08 
408 2892.74 
409 2688.26 
410 2754.31 
411 2824.38 
412 2758.04 
413 2728.58 
414 2765.88 
415 2641.71 
416 2760.26 
417 2651.24 
418 2791.70 
419 2810.31 
420 2735.08 
421 2658.24 
422 2816.58 
423 2659.26 
424 2704.58 
425 2839.49 
426 2811.89 
427 2717.23 
428 2688.10 
429 2810.96 
430 2821.80 
431 2835.04 
432 2797.45 
433 2786.99 
434 2619.66 
435 2628.81 
436 2841.18 
437 2688.44 
438 2705.96 
439 2704.69 
440 2877.18 
441 2994.15 
442 2769.37 
443 2894.26 
444 2789.98 
445 2800.26 
446 2809.02 
447 2742.81 
448 2731.95 
449 2801.53 
450 2806.36 
451 2657.75 
452 2742.93 
453 2802.98 
454 2806.85 
455 2767.33 
456 2716.86 
457 2809.48 
458 2829.70 
459 2852.22 
460 2772.41 
461 2763.04 
462 2722.36 
463 2710.18 
464 2901.02 
465 2637.37 
466 2843.14 
467 2821.24 
468 2767.87 
469 2799.21 
470 2822.66 
471 2976.54 
472 2810.86 
473 2668.69 
474 2796.42 
475 2767.67 
476 2782.67 
477 2683.01 
478 2647.84 
479 2805.72 
480 2732.84 
481 2807.96 
482 2860.96 
483 2716.14 
484 2822.42 
485 1823.09 
486 2748.76 
487 2894.17 
488 2768.29 
489 2774.07 
490 2826.73 
491 2739.17 
492 2761.78 
493 2830.95 
494 2843.73 
495 2785.79 
496 2769.81 
497 2816.16 
498 2754.76 
499 2754.71 
500 2847.26 
501 2685.12 
502 2825.30 
503 2879.95 
504 2861.38 
505 2803.87 
506 2865.04 
507 2783.35 
508 2904.43 
509 2877.27 
510 2829.01 
511 2804.51 
512 2739.67 
513 2667.58 
514 2919.73 
515 2721.43 
516 2723.82 
517 2765.14 
518 2766.37 
519 2819.64 
520 2749.11 
521 2856.66 
522 2782.62 
523 2740.37 
524 2846.76 
525 2687.47 
526 2766.18 
527 2850.32 
528 2786.50 
529 2787.91 
530 2722.13 
531 2921.86 
532 2663.94 
533 2696.97 
534 2743.79 
535 2729.95 
536 2697.11 
537 2751.57 
538 273.13 
539 2781.37 
540 2748.61 
541 2655.26 
542 2743.88 
543 2647.20 
544 2817.71 
545 2898.59 
546 2820.97 
547 2766.98 
548 2805.87 
549 2815.69 
550 2807.67 
551 2800.60 
552 2770.42 
553 2716.95 
554 2903.81 
555 2853.77 
556 2767.37 
557 2799.31 
558 1934.79 
559 2787.80 
560 2858.90 
561 2867.97 
562 2720.61 
563 2836.04 
564 2739.05 
565 2810.03 
566 2707.27 
567 2847.96 
568 2802.56 
569 2861.77 
570 2684.55 
571 2684.13 
572 2843.57 
573 2677.92 
574 2740.54 
575 2859.16 
576 2855.68 
577 2786.90 
578 2830.35 
579 2929.80 
580 2897.85 
581 2811.65 
582 2871.16 
583 2746.14 
584 2865.65 
585 2783.65 
586 2806.99 
587 2812.21 
588 2737.27 
589 2770.52 
590 2793.97 
591 2790.05 
592 2817.74 
593 2773.22 
594 2754.00 
595 2875.34 
596 2839.44 
597 2756.72 
598 2763.89 
599 2688.66 
600 2804.29 
601 2863.13 
602 2830.02 
603 2786.33 
604 2811.30 
605 2717.83 
606 2804.06 
607 2786.06 
608 2727.74 
609 2837.00 
610 2776.11 
611 2770.02 
612 2821.34 
613 2923.74 
614 2854.64 
615 348.73 
616 2898.45 
617 2866.35 
618 2698.34 
619 2754.69 
620 2767.81 
621 2798.71 
622 2885.58 
623 2728.52 
624 2783.57 
625 2609.98 
626 2944.89 
627 2854.34 
628 2800.05 
629 1754.04 
630 2728.31 
631 2858.87 
632 2772.67 
633 2835.81 
634 2778.30 
635 2816.27 
636 2826.30 
637 2843.83 
638 2862.38 
639 2824.16 
640 2772.10 
641 2891.58 
642 2853.39 
643 2863.89 
644 2622.88 
645 2926.51 
646 1327.91 
647 1546.64 
648 2738.19 
649 2814.94 
650 2948.10 
651 2755.96 
652 1359.50 
653 2726.61 
654 2736.16 
655 2923.10 
656 2718.35 
657 2930.35 
658 2681.58 
659 2960.04 
660 2967.35 
661 2757.58 
662 2817.63 
663 2826.14 
664 2864.45 
665 2770.32 
666 2780.29 
667 2713.53 
668 2776.43 
669 2804.39 
670 2905.17 
671 2743.99 
672 2780.52 
673 3004.28 
674 2849.02 
675 2683.29 
676 2793.53 
677 2941.65 
678 2779.36 
679 2824.51 
680 2835.58 
681 2779.38 
682 2805.86 
683 2816.35 
684 2794.81 
685 2768.93 
686 2697.93 
687 2858.07 
688 2805.98 
689 2730.42 
690 2779.63 
691 2865.49 
692 2880.05 
693 2854.35 
694 557.18 
695 2892.39 
696 2690.98 
697 2738.90 
698 2811.79 
699 2672.63 
700 2801.47 
701 2721.18 
702 2782.50 
703 2772.15 
704 2722.50 
705 2759.69 
706 2831.20 
707 2754.41 
708 2722.92 
709 2715.96 
710 2821.79 
711 2846.93 
712 2799.95 
713 2922.10 
714 619.57 
715 2801.69 
716 2931.83 
717 2752.47 
718 2823.39 
719 2934.70 
720 2901.46 
721 2898.64 
722 2770.77 
723 2818.80 
724 2814.14 
725 2751.89 
726 2784.35 
727 2837.04 
728 2704.55 
729 2673.38 
730 2758.65 
731 2763.26 
732 2736.61 
733 2723.46 
734 2775.28 
735 2805.76 
736 2759.69 
737 2849.82 
738 2917.97 
739 2765.13 
740 2818.09 
741 2769.55 
742 2724.52 
743 2775.99 
744 2748.48 
745 2833.68 
746 2700.11 
747 2760.56 
748 2819.73 
749 2894.40 
750 2681.44 
751 2778.25 
752 2804.33 
753 2810.61 
754 2759.61 
755 2774.71 
756 2758.67 
757 2787.88 
758 2770.33 
759 2777.32 
760 2669.04 
761 2799.50 
762 2777.71 
763 2765.32 
764 2881.75 
765 2819.36 
766 2741.36 
767 2873.70 
768 2792.68 
769 2773.12 
770 2813.24 
771 2838.62 
772 2882.80 
773 1745.70 
774 2744.60 
775 2737.56 
776 2818.82 
777 2800.62 
778 2789.80 
779 2886.11 
780 2813.64 
781 2781.25 
782 2733.86 
783 2759.80 
784 2776.13 
785 2830.93 
786 2787.22 
787 939.65 
788 2786.48 
789 2818.99 
790 2759.26 
791 2709.71 
792 2759.03 
793 2728.30 
794 2831.52 
795 2885.36 
796 2800.02 
797 2715.55 
798 2775.10 
799 2765.71 
800 2796.04 
801 2831.11 
802 2847.70 
803 2795.04 
804 2763.57 
805 2834.01 
806 2847.22 
807 2658.84 
808 2791.26 
809 2720.92 
810 2732.32 
811 2820.66 
812 2864.17 
813 2778.66 
814 2810.85 
815 2817.07 
816 2723.39 
817 2767.42 
818 2746.05 
819 2850.65 
820 2663.93 
821 2611.13 
822 2807.09 
823 2782.54 
824 2711.92 
825 2760.28 
826 2794.82 
827 2876.10 
828 2787.83 
829 2832.93 
830 2093.64 
831 2829.17 
832 2891.86 
833 2918.18 
834 2840.05 
835 2844.80 
836 2954.66 
837 2855.60 
838 2868.06 
839 2847.02 
840 2927.68 
841 2829.83 
842 2795.51 
843 2760.10 
844 2874.13 
845 1027.15 
846 2774.20 
847 2817.99 
848 2692.13 
849 2859.34 
850 2820.51 
851 2799.81 
852 2731.15 
853 2789.69 
854 2795.33 
855 2843.67 
856 2873.69 
857 2815.48 
858 2753.45 
859 2789.74 
860 2824.48 
861 2827.89 
862 2742.47 
863 2739.00 
864 2895.95 
865 2793.72 
866 2901.32 
867 2838.26 
868 2834.18 
869 2743.31 
870 1568.88 
871 2719.98 
872 2815.87 
873 2934.40 
874 2764.51 
875 2954.01 
876 2749.91 
877 2758.28 
878 2729.67 
879 2703.91 
880 2839.21 
881 2839.76 
882 2830.53 
883 2739.10 
884 2765.75 
885 2797.29 
886 2772.83 
887 2874.90 
888 2858.88 
889 311.25 
890 2807.76 
891 2801.03 
892 2790.01 
893 2793.36 
894 1188.89 
895 2824.80 
896 2825.59 
897 2774.62 
898 2759.64 
899 2859.86 
900 2803.75 
901 2838.41 
902 2730.48 
903 2830.03 
904 2869.94 
905 2794.68 
906 2775.36 
907 2760.33 
908 2775.40 
909 2896.78 
910 2698.57 
911 2841.26 
912 2730.10 
913 2678.52 
914 2793.16 
915 2868.64 
916 2877.68 
917 2769.18 
918 2868.17 
919 2830.43 
920 2742.05 
921 2720.77 
922 2834.70 
923 2810.20 
924 2857.68 
925 2831.21 
926 2775.39 
927 2845.53 
928 2831.44 
929 2676.13 
930 2184.06 
931 2702.18 
932 2845.11 
933 2866.01 
934 2734.82 
935 2778.51 
936 2792.40 
937 2879.66 
938 2768.66 
939 2832.22 
940 2399.47 
941 2723.34 
942 2901.86 
943 2822.02 
944 2786.49 
945 2756.18 
946 2861.17 
947 2760.85 
948 2690.71 
949 2910.80 
950 750.37 
951 2844.98 
952 2914.58 
953 2787.21 
954 2833.60 
955 2759.70 
956 2758.80 
957 2770.51 
958 2798.09 
959 2850.32 
960 2823.93 
961 2881.13 
962 2889.88 
963 2749.58 
964 2806.22 
965 2822.65 
966 2798.07 
967 2817.11 
968 2773.31 
969 1603.07 
970 2892.42 
971 2845.30 
972 2790.99 
973 2764.00 
974 2798.17 
975 2729.50 
976 2781.14 
977 2802.34 
978 2970.17 
979 2841.72 
980 2769.86 
981 2831.89 
982 2719.74 
983 2870.73 
984 2768.73 
985 2803.50 
986 2815.81 
987 2837.47 
988 2950.41 
989 2800.79 
990 2794.16 
991 2809.06 
992 2788.11 
993 2694.04 
994 2899.83 
995 2749.52 
996 2812.15 
997 2812.43 
998 2815.75 
999 2787.58 
1000 2715.58 
1001 2669.85 
1002 2774.41 
1003 2631.36 
1004 2691.22 
1005 2833.86 
1006 2857.77 
1007 2776.99 
1008 2862.15 
1009 2854.25 
1010 2764.24 
1011 2751.53 
1012 2790.13 
1013 2707.16 
1014 2846.65 
1015 2795.89 
0 2840.66 
1 2781.84 
2 2808.95 
3 2772.71 
4 2806.12 
5 2862.26 
6 2715.22 
7 2720.38 
8 2829.27 
9 2827.09 
10 2869.39 
11 2871.85 
12 2869.84 
13 2782.24 
14 2749.19 
15 2910.33 
16 2859.76 
17 2732.95 
18 2896.35 
19 1098.95 
20 2903.39 
21 276.17 
22 2678.21 
23 2885.62 
24 2871.43 
25 2790.27 
26 2841.56 
27 2965.26 
28 2852.41 
29 2796.11 
30 2817.21 
31 2846.32 
32 1071.31 
33 2843.21 
34 2791.29 
35 2817.79 
36 2820.90 
37 2841.71 
38 2902.61 
39 2853.44 
40 2812.51 
41 2853.79 
42 2636.66 
43 2873.83 
44 2828.41 
45 2790.15 
46 2685.73 
47 2594.99 
48 2745.61 
49 2743.61 
50 2848.99 
51 2743.46 
52 920.92 
53 2800.75 
54 2865.09 
55 2776.97 
56 2750.94 
57 2652.07 
58 2819.04 
59 2813.47 
60 2793.67 
61 688.63 
62 2819.42 
63 2831.14 
64 2712.59 
65 2731.84 
66 2795.67 
67 2826.41 
68 2788.52 
69 2811.87 
70 2750.06 
71 2824.81 
72 2373.99 
73 2912.77 
74 2740.96 
75 1829.96 
76 2663.52 
77 2786.36 
78 2712.91 
79 2835.30 
80 2843.19 
81 2783.79 
82 2846.07 
83 2542.68 
84 2815.69 
85 2931.90 
86 2822.71 
87 2867.31 
88 2740.08 
89 2848.43 
90 1825.46 
91 1450.04 
92 2660.61 
93 2750.39 
94 2822.47 
95 2871.44 
96 2875.44 
97 2719.18 
98 2832.23 
99 2852.43 
100 2948.08 
101 2950.56 
102 2839.38 
103 2784.26 
104 2822.56 
105 2938.80 
106 2903.95 
107 2801.05 
108 1398.36 
109 2786.92 
110 2718.25 
111 2809.78 
112 2786.37 
113 2778.19 
114 2907.96 
115 2828.99 
116 2728.34 
117 2709.58 
118 2872.96 
119 808.63 
120 2722.51 
121 2776.04 
122 2754.05 
123 2808.41 
124 2844.95 
125 2467.57 
126 2768.63 
127 2742.69 
128 2792.75 
129 2877.03 
130 2767.73 
131 2757.69 
132 2790.61 
133 2805.27 
134 2768.51 
135 2881.38 
136 2839.60 
137 2731.36 
138 2776.20 
139 2840.24 
140 2834.83 
141 2712.49 
142 2773.68 
143 2744.42 
144 2744.61 
145 2673.87 
146 2758.99 
147 2798.99 
148 2850.14 
149 2876.62 
150 2811.42 
151 2771.71 
152 1182.89 
153 2869.15 
154 2727.11 
155 2875.78 
156 2919.17 
157 2920.02 
158 2914.92 
159 2850.26 
160 2764.87 
161 2712.99 
162 2783.46 
163 2623.34 
164 2823.70 
165 2851.44 
166 2766.26 
167 2866.07 
168 2958.59 
169 2852.68 
170 2849.30 
171 2732.59 
172 2919.30 
173 2879.15 
174 2789.19 
175 2738.36 
176 2751.32 
177 2783.68 
178 2967.22 
179 268.34 
180 2867.91 
181 2913.16 
182 2843.98 
183 2796.27 
184 2772.77 
185 2992.38 
186 2854.46 
187 2772.12 
188 2762.76 
189 2857.91 
190 2726.14 
191 2800.76 
192 2722.77 
193 2950.08 
194 2832.05 
195 2855.48 
196 2931.11 
197 2822.46 
198 2843.97 
199 2850.25 
200 2797.59 
201 2820.06 
202 2752.56 
203 2854.34 
204 2844.89 
205 2738.59 
206 2848.22 
207 2726.92 
208 2945.54 
209 2916.37 
210 2780.53 
211 2838.90 
212 2769.47 
213 2770.79 
214 2826.96 
215 2831.83 
216 2921.19 
217 2751.74 
218 2762.32 
219 2825.30 
220 2800.30 
221 2843.85 
222 2796.15 
223 2908.98 
224 1929.02 
225 2868.14 
226 2907.98 
227 2654.64 
228 2732.36 
229 2881.81 
230 2754.75 
231 2776.96 
232 2658.06 
233 2719.88 
234 2889.72 
235 2754.82 
236 2693.00 
237 2731.45 
238 2832.24 
239 2853.05 
240 2767.27 
241 2772.86 
242 2802.47 
243 2800.98 
244 2805.57 
245 2706.12 
246 2717.48 
247 2757.38 
248 2911.92 
249 2759.27 
250 2855.91 
251 2843.59 
252 2873.87 
253 1639.46 
254 2890.70 
255 2792.30 
256 1924.06 
257 2703.77 
258 2841.34 
259 2880.25 
260 2920.78 
261 2829.29 
262 2884.47 
263 2712.04 
264 2872.24 
265 2842.34 
266 2711.02 
267 2856.60 
268 2816.51 
269 2687.56 
270 2765.46 
271 2826.03 
272 2842.09 
273 2732.58 
274 2890.64 
275 2866.98 
276 2755.53 
277 2869.72 
278 2818.38 
279 2857.27 
280 2716.70 
281 2922.32 
282 2881.37 
283 2804.01 
284 2894.38 
285 2860.58 
286 2844.02 
287 2776.22 
288 2699.29 
289 2874.61 
290 2860.42 
291 2861.25 
292 2829.62 
293 2755.52 
294 2832.74 
295 2880.71 
296 2655.30 
297 2773.44 
298 2868.97 
299 2818.21 
300 2884.39 
301 2699.28 
302 2738.94 
303 2781.47 
304 2803.09 
305 2680.11 
306 2859.20 
307 2789.21 
308 2875.59 
309 2875.19 
310 2848.26 
311 2836.78 
312 2824.25 
313 2855.81 
314 2881.54 
315 2818.50 
316 2761.31 
317 2763.81 
318 2687.19 
319 2705.15 
320 2793.41 
321 2880.23 
322 907.40 
323 2838.77 
324 2824.94 
325 2800.17 
326 2867.12 
327 2796.36 
328 2845.98 
329 2832.35 
330 2939.63 
331 2837.02 
332 2844.87 
333 2798.31 
334 2805.79 
335 2817.97 
336 2808.54 
337 59.89 
338 2879.48 
339 2840.89 
340 2837.53 
341 2895.06 
342 2770.81 
343 2834.56 
344 2874.16 
345 2847.27 
346 2946.38 
347 2818.10 
348 2780.05 
349 2884.59 
350 2783.00 
351 2788.36 
352 2895.44 
353 2776.40 
354 2823.26 
355 2750.09 
356 2937.39 
357 2917.08 
358 2774.94 
359 2904.23 
360 2893.59 
361 2828.67 
362 2915.49 
363 2714.24 
364 2859.06 
365 2775.17 
366 2849.20 
367 2656.98 
368 2419.93 
369 2598.41 
370 2884.82 
371 2768.59 
372 2702.11 
373 2890.10 
374 2839.63 
375 2878.39 
376 2867.54 
377 2862.93 
378 2834.82 
379 2942.84 
380 1281.12 
381 1702.58 
382 2771.14 
383 2780.80 
384 2813.61 
385 2700.59 
386 2768.95 
387 2803.77 
388 2893.39 
389 2741.01 
390 2687.13 
391 2897.80 
392 2802.44 
393 1902.83 
394 2883.44 
395 2804.04 
396 2840.92 
397 2797.41 
398 2878.96 
399 2965.25 
400 2961.40 
401 2738.79 
402 2897.96 
403 2775.24 
404 2850.03 
405 1995.40 
406 2784.13 
407 1591.02 
408 2834.48 
409 2871.73 
410 2810.40 
411 2762.12 
412 887.51 
413 2717.00 
414 2693.41 
415 2744.73 
416 2721.93 
417 2881.55 
418 1155.02 
419 2702.09 
420 2724.53 
421 2800.19 
422 2897.49 
423 2671.41 
424 2813.84 
425 2633.05 
426 2832.81 
427 2862.59 
428 248.40 
429 2828.91 
430 2855.08 
431 2809.86 
432 2832.15 
433 2830.92 
434 2794.11 
435 2861.01 
436 2752.42 
437 2728.73 
438 2755.29 
439 2839.68 
440 2880.44 
441 2822.79 
442 2920.59 
443 2736.28 
444 2836.58 
445 2881.98 
446 2869.94 
447 2793.48 
448 2790.18 
449 2936.70 
450 2806.58 
451 2861.18 
452 2769.16 
453 2884.33 
454 2838.97 
455 2797.44 
456 2689.77 
457 2784.02 
458 2916.49 
459 2710.40 
460 2813.01 
461 2799.51 
462 2812.05 
463 2864.22 
464 2755.58 
465 2764.21 
466 2669.92 
467 2896.47 
468 2834.61 
469 2819.93 
470 2830.30 
471 2769.86 
472 2849.79 
473 2770.17 
474 2904.31 
475 2790.59 
476 2881.13 
477 2916.07 
478 2935.51 
479 2943.18 
480 2732.31 
481 368.79 
482 2871.22 
483 2834.34 
484 2788.27 
485 2940.24 
486 2748.86 
487 2847.25 
488 2846.91 
489 2804.06 
490 2780.15 
491 2778.61 
492 2768.76 
493 2775.03 
494 2842.06 
495 2809.49 
496 2785.58 
497 2814.70 
498 2823.84 
499 2819.84 
500 2873.73 
501 2918.94 
502 2905.52 
503 2785.01 
504 2753.00 
505 2791.90 
506 2832.10 
507 2862.18 
508 2906.67 
509 1283.70 
510 2831.11 
511 2962.26 
512 2660.95 
513 2610.55 
514 2926.29 
515 2902.92 
516 2767.86 
517 2786.69 
518 2870.35 
519 2878.71 
520 2826.28 
521 2900.87 
522 2908.35 
523 2792.86 
524 299.80 
525 2875.42 
526 2822.00 
527 2807.36 
528 2878.47 
529 2274.13 
530 2745.66 
531 2816.39 
532 2725.91 
533 2920.30 
534 2833.53 
535 2727.95 
536 2860.07 
537 2718.53 
538 2784.84 
539 2894.29 
540 2828.51 
541 2779.30 
542 2791.73 
543 2819.24 
544 2801.34 
545 2823.24 
546 2733.70 
547 2701.51 
548 2764.14 
549 2800.91 
550 2744.89 
551 2877.10 
552 2761.04 
553 2940.50 
554 2826.49 
555 2883.29 
556 1295.13 
557 2702.56 
558 2706.09 
559 2936.20 
560 578.79 
561 2775.23 
562 2868.95 
563 2884.00 
564 2797.94 
565 2844.28 
566 2845.06 
567 2873.55 
568 2884.68 
569 2852.71 
570 2808.06 
571 2943.33 
572 2810.99 
573 2865.59 
574 2797.24 
575 2848.01 
576 2835.47 
577 2885.59 
578 2809.74 
579 2812.31 
580 2777.84 
581 2869.21 
582 2867.43 
583 2805.70 
584 2948.20 
585 2893.82 
586 2825.90 
587 2731.42 
588 2715.80 
589 2830.13 
590 2921.47 
591 2889.09 
592 2822.85 
593 2814.79 
594 2838.79 
595 2804.37 
596 2883.81 
597 2936.22 
598 2795.56 
599 2899.23 
600 2909.86 
601 2792.16 
602 2802.39 
603 2779.11 
604 2744.32 
605 2877.25 
606 2794.03 
607 2750.16 
608 2767.34 
609 2770.68 
610 2900.00 
611 2827.98 
612 2738.16 
613 2803.48 
614 2872.57 
615 2894.02 
616 2933.96 
617 2951.80 
618 2696.89 
619 2896.35 
620 2807.06 
621 2867.18 
622 2795.12 
623 2830.66 
624 2855.97 
625 2818.89 
626 2057.30 
627 2736.75 
628 2675.45 
629 2737.12 
630 2805.08 
631 2827.66 
632 2901.52 
633 2659.51 
634 2902.62 
635 2882.44 
636 2791.44 
637 2817.19 
638 2726.72 
639 2721.53 
640 2738.81 
641 2826.89 
642 2811.93 
643 2726.13 
644 2828.70 
645 2835.07 
646 2853.48 
647 2827.55 
648 2855.21 
649 2857.16 
650 2775.47 
651 2909.23 
652 2817.74 
653 2772.75 
654 2805.31 
655 2695.58 
656 2714.78 
657 2936.83 
658 2958.36 
659 2775.27 
660 2792.97 
661 2764.63 
662 2897.81 
663 2966.72 
664 2882.86 
665 2791.61 
666 2883.71 
667 2792.77 
668 2812.71 
669 2903.32 
670 2882.29 
671 2878.64 
672 2700.88 
673 2825.59 
674 2737.01 
675 2849.03 
676 2915.52 
677 2861.03 
678 2787.80 
679 2945.63 
680 2795.64 
681 2819.05 
682 2913.11 
683 2789.71 
684 2863.90 
685 2781.58 
686 2831.15 
687 2826.30 
688 2870.27 
689 2849.03 
690 2860.02 
691 2717.12 
692 2814.54 
693 2928.72 
694 2811.75 
695 2775.56 
696 2766.84 
697 2788.20 
698 2882.08 
699 2786.46 
700 2808.80 
701 2764.61 
702 2833.55 
703 2868.15 
704 2799.21 
705 2907.18 
706 2780.99 
707 2843.89 
708 2826.35 
709 2882.08 
710 2817.90 
711 2838.77 
712 2844.91 
713 2868.61 
714 2729.57 
715 2835.28 
716 2750.59 
717 2729.39 
718 2838.41 
719 2818.73 
720 2883.93 
721 2872.14 
722 2803.35 
723 2830.83 
724 2872.56 
725 2805.52 
726 2901.63 
727 2728.73 
728 2900.86 
729 2758.15 
730 2843.92 
731 2879.65 
732 2766.91 
733 2790.28 
734 2922.78 
735 2815.02 
736 2813.96 
737 2809.02 
738 2816.58 
739 2824.92 
740 2723.50 
741 2774.33 
742 2765.01 
743 2811.16 
744 2861.70 
745 2745.38 
746 2867.53 
747 2916.50 
748 2824.99 
749 2816.49 
750 2812.42 
751 2801.38 
752 2857.41 
753 2906.08 
754 2796.39 
755 2792.77 
756 2842.73 
757 2808.31 
758 2896.73 
759 2802.95 
760 2838.57 
761 2815.17 
762 2879.18 
763 2854.79 
764 2778.79 
765 2811.11 
766 2862.63 
767 2732.51 
768 2759.81 
769 2766.02 
770 2879.71 
771 2763.69 
772 283.98 
773 2755.94 
774 2917.24 
775 2859.10 
776 2717.44 
777 2868.66 
778 2912.17 
779 2844.02 
780 2873.37 
781 2773.79 
782 2801.13 
783 2781.02 
784 2758.06 
785 2852.61 
786 2925.02 
787 2865.87 
788 2700.77 
789 2771.61 
790 2728.64 
791 2864.10 
792 2884.70 
793 2852.35 
794 2135.42 
795 2920.36 
796 2801.66 
797 2869.84 
798 2804.79 
799 2158.35 
800 281.30 
801 2909.06 
802 2892.52 
803 2687.80 
804 2876.97 
805 2805.81 
806 2840.65 
807 2829.30 
808 2746.38 
809 2783.88 
810 2744.85 
811 2855.96 
812 2816.75 
813 2707.64 
814 2953.03 
815 2865.94 
816 2752.88 
817 2889.01 
818 2840.84 
819 2808.51 
820 2881.10 
821 2846.36 
822 2832.65 
823 2890.24 
824 2728.91 
825 2927.60 
826 2915.77 
827 2810.36 
828 2776.44 
829 2853.84 
830 2826.48 
831 2874.40 
832 2218.99 
833 2821.72 
834 2954.61 
835 2944.06 
836 2906.70 
837 2852.27 
838 2937.56 
839 2845.48 
840 2864.28 
841 2739.23 
842 2837.54 
843 2892.80 
844 2895.39 
845 2671.35 
846 2939.79 
847 2840.71 
848 2823.65 
849 2825.67 
850 2731.37 
851 2777.18 
852 2877.05 
853 2739.02 
854 2852.88 
855 2774.31 
856 2940.72 
857 2869.89 
858 2922.14 
859 2818.57 
860 2749.28 
861 2878.66 
862 2943.10 
863 2871.62 
864 2814.19 
865 2873.66 
866 2917.06 
867 2739.80 
868 2829.60 
869 2796.55 
870 2912.76 
871 2864.12 
872 2911.63 
873 2810.99 
874 2787.08 
875 2848.13 
876 2773.09 
877 2865.98 
878 2868.74 
879 2879.07 
880 2922.85 
881 2743.28 
882 2916.48 
883 2890.20 
884 2872.90 
885 2783.45 
886 2830.84 
887 2711.62 
888 2793.63 
889 2801.65 
890 2776.53 
891 2908.29 
892 2789.28 
893 2772.47 
894 2890.36 
895 2857.62 
896 2860.57 
897 2932.76 
898 2827.05 
899 2991.84 
900 2707.87 
901 2905.94 
902 2844.79 
903 1892.38 
904 2823.75 
905 2997.48 
906 2848.13 
907 2827.52 
908 2780.45 
909 2790.82 
910 2906.83 
911 2796.79 
912 2846.15 
913 2881.50 
914 2804.72 
915 2931.84 
916 2920.06 
917 2882.55 
918 2816.01 
919 2824.99 
920 2622.62 
921 2790.29 
922 442.21 
923 2837.73 
924 2823.55 
925 2935.36 
926 2803.18 
927 2753.30 
928 2815.05 
929 2773.04 
930 2600.38 
931 2892.58 
932 2800.72 
933 2700.43 
934 2829.04 
935 2830.47 
936 2933.37 
937 2714.73 
938 2858.47 
939 2800.53 
940 2937.62 
941 201.24 
942 2895.58 
943 2843.13 
944 2867.30 
945 2852.59 
946 2875.48 
947 2941.28 
948 2911.81 
949 2827.05 
950 2876.90 
951 2917.56 
952 2817.95 
953 2872.75 
954 2811.02 
955 2829.77 
956 2856.70 
957 2890.35 
958 2775.58 
959 2900.28 
960 1156.28 
961 2705.67 
962 2782.58 
963 2252.46 
964 2824.91 
965 2893.28 
966 2834.71 
967 2852.23 
968 2834.95 
969 2794.43 
970 2931.47 
971 147.30 
972 2906.10 
973 2880.00 
974 2802.61 
975 2982.17 
976 2939.16 
977 2696.09 
978 2929.89 
979 2835.98 
980 2844.40 
981 2901.31 
982 2756.91 
983 2870.14 
984 1865.52 
985 2762.19 
986 2855.02 
987 2764.41 
988 2883.49 
989 2817.50 
990 2791.88 
991 2829.80 
992 2771.87 
993 2787.38 
994 2846.91 
995 2871.98 
996 2862.16 
997 2775.01 
998 2913.48 
999 2697.83 
1000 2845.60 
1001 2731.04 
1002 2773.02 
1003 1159.83 
1004 2841.44 
1005 1486.22 
1006 2851.44 
1007 2853.17 
1008 1337.17 
1009 2815.34 
1010 2755.35 
1011 2846.62 
1012 2811.65 
1013 2810.75 
1014 2839.07 
