Seed 0:
0 -416.37 
1 -259.48 
2 -416.24 
3 -368.68 
4 -413.83 
5 -383.82 
6 -433.04 
7 -309.94 
8 -275.58 
9 -171.07 
10 -105.35 
11 -141.36 
12 143.59 
13 67.86 
14 179.51 
15 355.35 
16 383.13 
17 673.89 
18 645.09 
19 898.04 
20 898.44 
21 876.64 
22 906.91 
23 865.19 
24 910.49 
25 927.07 
26 902.40 
27 912.15 
28 914.77 
29 893.39 
30 897.34 
31 919.06 
32 969.49 
33 951.54 
34 954.63 
35 1050.48 
36 1116.88 
37 1177.90 
38 1383.39 
39 1461.49 
40 1403.06 
41 1580.00 
42 1679.31 
43 1738.04 
44 1840.19 
45 1855.52 
46 1975.39 
47 1956.13 
48 2043.09 
49 1992.88 
50 2038.17 
51 2077.27 
52 2117.26 
53 2077.93 
54 2299.93 
55 2319.17 
56 2334.01 
57 2171.18 
58 2242.50 
59 2281.36 
60 2388.02 
61 2328.49 
62 2332.36 
63 1503.95 
64 2282.05 
65 2313.70 
66 2261.69 
67 2315.85 
68 2276.14 
69 2251.39 
70 2310.67 
71 2339.68 
72 2284.42 
73 2387.81 
74 2283.76 
75 2333.76 
76 2358.59 
77 2392.85 
78 2336.07 
79 2451.97 
80 2298.96 
81 2381.65 
82 2349.92 
83 1816.40 
84 2403.22 
85 2437.99 
86 2490.99 
87 2327.49 
88 2385.32 
89 2355.00 
90 2477.48 
91 2345.73 
92 2310.17 
93 2245.97 
94 2419.06 
95 2363.44 
96 2337.75 
97 2507.21 
98 2358.00 
99 2281.47 
100 2282.06 
101 2452.91 
102 2368.03 
103 2370.24 
104 2416.36 
105 2477.56 
106 2429.53 
107 2418.69 
108 2427.56 
109 2382.91 
110 2459.89 
111 2527.29 
112 2389.70 
113 2432.19 
114 2336.96 
115 2470.64 
116 2428.07 
117 2499.27 
118 2298.14 
119 2560.70 
120 2459.34 
121 2578.25 
122 2565.96 
123 2482.96 
124 2489.73 
125 2391.63 
126 2406.92 
127 2449.33 
128 2550.79 
129 2436.30 
130 2424.59 
131 2525.97 
132 2522.48 
133 2550.75 
134 2520.82 
135 2431.53 
136 2554.46 
137 2520.56 
138 2346.29 
139 2574.18 
140 2542.98 
141 2446.19 
142 2529.37 
143 2471.37 
144 2499.91 
145 997.38 
146 2591.85 
147 2395.98 
148 2465.15 
149 2563.58 
150 2492.72 
151 2385.67 
152 2333.54 
153 2459.40 
154 2585.39 
155 2532.81 
156 2440.09 
157 2482.31 
158 2493.70 
159 2510.23 
160 2489.51 
161 2505.32 
162 2366.76 
163 2544.53 
164 2514.14 
165 2572.71 
166 2582.60 
167 2482.00 
168 2428.62 
169 2469.74 
170 2184.51 
171 2508.99 
172 2510.74 
173 2464.27 
174 2558.88 
175 2536.18 
176 2462.95 
177 2336.51 
178 2538.48 
179 2443.60 
180 2580.02 
181 2582.63 
182 2666.44 
183 2601.19 
184 2461.49 
185 2463.46 
186 2592.02 
187 2535.92 
188 2420.97 
189 2398.35 
190 2602.89 
191 1790.97 
192 2515.47 
193 2564.81 
194 2553.45 
195 2558.23 
196 2539.40 
197 2536.25 
198 2530.05 
199 2402.31 
200 2559.08 
201 2635.64 
202 2567.32 
203 2469.42 
204 2635.72 
205 2535.09 
206 2512.64 
207 2582.49 
208 2583.96 
209 2634.74 
210 2486.64 
211 2490.46 
212 2554.30 
213 2575.65 
214 2598.02 
215 2615.75 
216 2585.92 
217 2606.25 
218 2464.91 
219 2519.08 
220 2614.03 
221 2570.03 
222 2430.01 
223 2539.80 
224 132.98 
225 2560.66 
226 2474.56 
227 2562.48 
228 2528.75 
229 2589.02 
230 2596.87 
231 2648.74 
232 2577.76 
233 2589.83 
234 2524.92 
235 2551.62 
236 2529.26 
237 2634.23 
238 2451.34 
239 2613.34 
240 2599.66 
241 2696.41 
242 2640.84 
243 2719.45 
244 2543.49 
245 2500.06 
246 2537.79 
247 2645.54 
248 2573.59 
249 2639.56 
250 2610.26 
251 2537.97 
252 2465.46 
253 2717.04 
254 2637.26 
255 2525.99 
256 2552.18 
257 2673.16 
258 2595.74 
259 1821.21 
260 2592.12 
261 2648.49 
262 2659.03 
263 2637.53 
264 2687.68 
265 2563.34 
266 2613.39 
267 2636.80 
268 2568.29 
269 2652.16 
270 2721.95 
271 2681.64 
272 2664.74 
273 2586.31 
274 2496.36 
275 2450.74 
276 2584.46 
277 2656.02 
278 2717.30 
279 2641.97 
280 2627.78 
281 2682.14 
282 2581.84 
283 2602.87 
284 2692.97 
285 2643.07 
286 2546.96 
287 2626.82 
288 2593.61 
289 2607.15 
290 2686.35 
291 2619.41 
292 2585.01 
293 2683.15 
294 2587.92 
295 2537.55 
296 2657.71 
297 2586.91 
298 2631.01 
299 2682.37 
300 2584.56 
301 2646.95 
302 2700.51 
303 2611.47 
304 2726.80 
305 2655.94 
306 2711.10 
307 2688.48 
308 2565.46 
309 2602.69 
310 2657.44 
311 2640.27 
312 2630.39 
313 2613.04 
314 2716.43 
315 2723.67 
316 2670.91 
317 2547.45 
318 2760.86 
319 2595.52 
320 2618.77 
321 2735.71 
322 2646.37 
323 2569.06 
324 2727.88 
325 2705.67 
326 2722.77 
327 2620.19 
328 2477.68 
329 2620.20 
330 2684.31 
331 2680.61 
332 2621.46 
333 2627.03 
334 2574.08 
335 2743.07 
336 2583.78 
337 2656.33 
338 2716.29 
339 2629.08 
340 2592.71 
341 2662.20 
342 2585.88 
343 2570.23 
344 2492.92 
345 2644.60 
346 2627.32 
347 2757.95 
348 2644.58 
349 2601.66 
350 2565.79 
351 2604.23 
352 2567.63 
353 2672.14 
354 2615.48 
355 2696.98 
356 2649.48 
357 2664.24 
358 2642.32 
359 2675.37 
360 2650.60 
361 2717.46 
362 2653.09 
363 2636.59 
364 2735.79 
365 2747.36 
366 2647.37 
367 2704.14 
368 2749.82 
369 2634.87 
370 2560.52 
371 2634.38 
372 2730.97 
373 2674.16 
374 2492.94 
375 2644.71 
376 2691.16 
377 2578.28 
378 2631.89 
379 2677.59 
380 2728.50 
381 2635.45 
382 2637.11 
383 2492.25 
384 2573.95 
385 2587.14 
386 2644.80 
387 2675.84 
388 2634.78 
389 2503.57 
390 2554.45 
391 2506.73 
392 2709.32 
393 2694.89 
394 2748.29 
395 2633.64 
396 2641.29 
397 2677.81 
398 2644.34 
399 2545.77 
400 2753.21 
401 2557.43 
402 2627.19 
403 2700.54 
404 2627.14 
405 2575.21 
406 2652.25 
407 2681.22 
408 2675.23 
409 2641.38 
410 2696.47 
411 2711.25 
412 2672.71 
413 2504.15 
414 2656.71 
415 2644.68 
416 2772.87 
417 2584.16 
418 2609.54 
419 2666.46 
420 2669.35 
421 2736.03 
422 2472.36 
423 2661.81 
424 2709.80 
425 2610.94 
426 2749.03 
427 2728.52 
428 2632.78 
429 2719.23 
430 2693.39 
431 2646.81 
432 2629.38 
433 1629.39 
434 2689.25 
435 2672.83 
436 2563.32 
437 2689.76 
438 2507.92 
439 2583.70 
440 2628.79 
441 2555.10 
442 2750.05 
443 2586.18 
444 2741.81 
445 2781.31 
446 2526.88 
447 2723.74 
448 2712.43 
449 2508.24 
450 2668.69 
451 2654.99 
452 2602.28 
453 2726.07 
454 2578.31 
455 2761.49 
456 2734.04 
457 2717.76 
458 2635.95 
459 2668.57 
460 2747.06 
461 2587.85 
462 2743.62 
463 2594.13 
464 2729.33 
465 2723.51 
466 2571.04 
467 2566.43 
468 2716.28 
469 2738.28 
470 2767.21 
471 2639.06 
472 2684.87 
473 2643.22 
474 2755.14 
475 2614.99 
476 2717.32 
477 2657.73 
478 2736.46 
479 2641.22 
480 2590.86 
481 2616.81 
482 2460.64 
483 2675.79 
484 2721.41 
485 2526.05 
486 2627.12 
487 2665.09 
488 2645.58 
489 2715.47 
490 2660.01 
491 2631.83 
492 2791.52 
493 2746.59 
494 2614.19 
495 2575.74 
496 2723.16 
497 2601.72 
498 2759.17 
499 2784.19 
500 2656.56 
501 2599.86 
502 2690.41 
503 2592.87 
504 2750.47 
505 2653.51 
506 2664.82 
507 2675.99 
508 2778.61 
509 -17.97 
510 2662.05 
511 2757.25 
512 2694.10 
513 2736.16 
514 2650.21 
515 2747.23 
516 2757.07 
517 2594.76 
518 2679.30 
519 2737.74 
520 2775.63 
521 2662.62 
522 2653.60 
523 2669.63 
524 2571.18 
525 2597.23 
526 2715.57 
527 2675.79 
528 2743.51 
529 2650.62 
530 2527.47 
531 2679.78 
532 2676.69 
533 2637.18 
534 2710.26 
535 2565.57 
536 2613.63 
537 2581.48 
538 2709.31 
539 2582.52 
540 2699.12 
541 2627.88 
542 2603.02 
543 2712.89 
544 2683.14 
545 2675.82 
546 2703.75 
547 2739.92 
548 2646.29 
549 2624.54 
550 2774.46 
551 2716.86 
552 2720.41 
553 2606.98 
554 2549.71 
555 2662.18 
556 2620.62 
557 2611.17 
558 2684.81 
559 2624.93 
560 2679.59 
561 2653.69 
562 2613.67 
563 2805.03 
564 2743.97 
565 2652.41 
566 2608.50 
567 2665.04 
568 2637.02 
569 2643.92 
570 2855.55 
571 2619.51 
572 2725.03 
573 2691.65 
574 2760.08 
575 2622.37 
576 2597.19 
577 2761.10 
578 2659.55 
579 2663.06 
580 2666.49 
581 2621.66 
582 2636.40 
583 2765.20 
584 2591.91 
585 2708.71 
586 2631.82 
587 2617.22 
588 2604.42 
589 2588.91 
590 2787.61 
591 2712.75 
592 2645.56 
593 2826.25 
594 2661.62 
595 1583.20 
596 2623.50 
597 2696.57 
598 2656.09 
599 2596.96 
600 2653.21 
601 2553.76 
602 2676.08 
603 2759.58 
604 2633.94 
605 2603.65 
606 2587.88 
607 2620.46 
608 2659.94 
609 2636.65 
610 2676.97 
611 2736.63 
612 2631.02 
613 2700.66 
614 2598.00 
615 2758.17 
616 2798.31 
617 2640.12 
618 2640.42 
619 2684.21 
620 2621.68 
621 2609.52 
622 2793.53 
623 2630.02 
624 2709.90 
625 2708.07 
626 2607.34 
627 2626.04 
628 2559.60 
629 2706.92 
630 2664.97 
631 2534.75 
632 2710.36 
633 2553.57 
634 2628.69 
635 1726.31 
636 2717.71 
637 2609.03 
638 2806.93 
639 2655.07 
640 2626.41 
641 2747.85 
642 2685.23 
643 2701.20 
644 2646.40 
645 2671.56 
646 2745.76 
647 1696.90 
648 2741.86 
649 2637.90 
650 2673.91 
651 2669.59 
652 2589.01 
653 2653.69 
654 2632.42 
655 2704.62 
656 2643.09 
657 874.94 
658 2590.78 
659 2653.51 
660 2644.66 
661 2812.29 
662 2758.18 
663 2696.62 
664 2752.33 
665 2610.27 
666 2830.08 
667 2685.48 
668 2586.17 
669 2798.43 
670 2630.24 
671 2767.08 
672 2612.14 
673 2808.95 
674 2592.51 
675 2567.88 
676 2512.18 
677 2700.75 
678 2723.54 
679 2705.49 
680 2706.35 
681 2637.14 
682 2641.82 
683 2699.49 
684 2608.45 
685 2692.14 
686 2570.35 
687 2720.30 
688 2622.47 
689 2633.32 
690 2799.98 
691 2634.12 
692 2675.32 
693 2634.62 
694 2736.47 
695 2686.20 
696 2731.98 
697 2698.47 
698 2570.87 
699 2649.42 
700 2829.78 
701 2747.16 
702 2683.84 
703 2431.52 
704 2644.34 
705 2654.11 
706 2686.77 
707 2569.69 
708 2734.80 
709 2718.36 
710 2666.90 
711 2720.04 
712 2612.08 
713 2685.61 
714 2724.49 
715 2673.72 
716 2579.47 
717 2631.96 
718 2742.51 
719 2634.82 
720 2676.04 
721 2634.47 
722 2615.79 
723 2597.69 
724 2569.99 
725 2702.20 
726 2642.18 
727 2584.76 
728 2721.41 
729 2699.36 
730 2764.36 
731 2770.68 
732 2757.29 
733 2701.99 
734 1531.49 
735 2724.65 
736 2645.73 
737 2701.74 
738 2665.15 
739 2702.08 
740 2709.15 
741 2606.64 
742 2791.73 
743 2587.99 
744 2813.16 
745 2701.57 
746 2695.51 
747 2696.63 
748 2676.33 
749 2661.12 
750 2672.79 
751 2629.48 
752 2539.20 
753 2687.69 
754 2673.58 
755 2705.93 
756 2609.49 
757 2555.61 
758 2566.18 
759 2691.79 
760 2526.44 
761 2746.54 
762 2732.57 
763 2728.19 
764 2628.55 
765 2695.27 
766 2683.20 
767 2579.40 
768 2679.62 
769 2776.13 
770 2687.79 
771 2702.78 
772 2566.61 
773 2675.12 
774 2535.55 
775 2796.87 
776 2657.20 
777 2623.35 
778 2603.17 
779 2709.43 
780 2633.12 
781 2625.01 
782 2700.59 
783 2753.89 
784 2781.53 
785 2707.50 
786 2711.45 
787 2707.35 
788 2649.20 
789 2632.21 
790 2820.57 
791 2633.90 
792 2696.25 
793 2694.52 
794 2616.81 
795 2508.06 
796 2744.17 
797 2696.71 
798 2692.62 
799 2762.87 
800 2567.84 
801 2716.99 
802 2697.64 
803 2687.26 
804 2736.77 
805 2694.02 
806 2669.19 
807 2658.71 
808 2758.33 
809 2774.53 
810 2688.07 
811 2608.52 
812 2767.33 
813 2857.16 
814 254.24 
815 2702.18 
816 2720.63 
817 2755.51 
818 2706.50 
819 2672.48 
820 2739.58 
821 2601.12 
822 2802.70 
823 2796.71 
824 2799.25 
825 2697.10 
826 2593.59 
827 2640.59 
828 2786.87 
829 2682.41 
830 2609.52 
831 2722.97 
832 2834.72 
833 2710.38 
834 2722.76 
835 2778.73 
836 2733.90 
837 2782.43 
838 2720.06 
839 2681.78 
840 2556.77 
841 2788.16 
842 2633.57 
843 2625.80 
844 2668.04 
845 2704.56 
846 2657.14 
847 2675.91 
848 2685.54 
849 2714.56 
850 2737.53 
851 2730.31 
852 2678.47 
853 2720.66 
854 2669.58 
855 1234.90 
856 2667.72 
857 2558.40 
858 2813.93 
859 2706.67 
860 2676.49 
861 2760.67 
862 2714.49 
863 2739.83 
864 2753.36 
865 2659.70 
866 2807.52 
867 2660.47 
868 2786.38 
869 2688.06 
870 2749.23 
871 2629.68 
872 2602.35 
873 2605.33 
874 2750.34 
875 2778.53 
876 2813.94 
877 2673.61 
878 2615.25 
879 2645.74 
880 2667.28 
881 2775.33 
882 2567.34 
883 2727.81 
884 2674.94 
885 2774.71 
886 2779.16 
887 1468.47 
888 2631.73 
889 2747.17 
890 2672.26 
891 2686.22 
892 2829.43 
893 2719.03 
894 2736.84 
895 2731.22 
896 2810.90 
897 2696.78 
898 2705.17 
899 2737.31 
900 2665.40 
901 2653.98 
902 2039.95 
903 2747.43 
904 2732.32 
905 2648.59 
906 2715.29 
907 2715.68 
908 2676.67 
909 2784.44 
910 2701.24 
911 2714.27 
912 2666.44 
913 2729.62 
914 2549.81 
915 2741.71 
916 2706.58 
917 2794.16 
918 2650.51 
919 1987.63 
920 2715.37 
921 2784.77 
922 2813.36 
923 2610.86 
924 2841.93 
925 2645.46 
926 2827.03 
927 2663.68 
928 2773.32 
929 2748.10 
930 2631.56 
931 2761.88 
932 2642.33 
933 2716.06 
934 2727.55 
935 2734.92 
936 2712.72 
937 2547.71 
938 2695.74 
939 2786.05 
940 2713.53 
941 2657.32 
942 2659.25 
943 2703.64 
944 2849.28 
945 2630.44 
946 2635.46 
947 2786.02 
948 2693.71 
949 2655.17 
950 2582.13 
951 2639.98 
952 2786.60 
953 2620.16 
954 2739.59 
955 2753.75 
956 2798.33 
957 2679.70 
958 2649.33 
959 2763.71 
960 2756.30 
961 2648.20 
962 2741.55 
963 2509.47 
964 2645.48 
965 2760.18 
966 2747.30 
967 2748.28 
968 2732.13 
969 2708.96 
970 2755.16 
971 2767.25 
972 2657.54 
973 2692.64 
974 2799.69 
975 2749.81 
976 2643.73 
977 2732.90 
978 2784.84 
979 2819.63 
980 2777.90 
981 2677.58 
982 2706.89 
983 2760.34 
984 2837.14 
985 2732.26 
986 2646.21 
987 2561.95 
988 2770.18 
989 2700.96 
990 2749.47 
991 2655.43 
992 2764.83 
993 2799.60 
994 2751.78 
995 2661.82 
996 2663.08 
997 2540.38 
998 2638.54 
999 2736.74 
1000 2677.19 
1001 2679.82 
1002 2691.28 
1003 2732.99 
1004 2726.89 
1005 2705.88 
1006 2760.60 
1007 2766.09 
1008 2679.86 
1009 2634.23 
1010 2702.89 
0 2667.84 
1 2695.02 
2 2814.20 
3 2752.38 
4 2767.44 
5 2777.48 
6 2768.90 
7 2610.93 
8 2740.36 
9 2722.81 
10 2739.90 
11 2778.60 
12 2757.41 
13 2720.76 
14 2707.90 
15 2744.58 
16 2677.52 
17 2686.91 
18 2839.83 
19 2750.20 
20 2587.84 
21 2754.39 
22 2805.82 
23 2814.62 
24 2702.10 
25 2730.26 
26 2676.23 
27 2787.74 
28 2630.36 
29 2788.58 
30 2709.56 
31 2600.61 
32 2632.80 
33 2587.13 
34 2806.91 
35 2722.80 
36 2640.02 
37 2771.54 
38 2801.41 
39 2727.13 
40 2769.67 
41 2771.74 
42 2690.82 
43 2635.77 
44 2758.98 
45 2728.56 
46 2700.31 
47 2703.35 
48 2758.18 
49 2714.60 
50 2717.80 
51 2699.99 
52 1553.05 
53 2790.57 
54 1925.77 
55 2709.72 
56 456.44 
57 2547.83 
58 2580.26 
59 2772.30 
60 2586.30 
61 2603.70 
62 2797.50 
63 2643.21 
64 2619.20 
65 2784.04 
66 2695.20 
67 2673.87 
68 2741.83 
69 2759.43 
70 2767.49 
71 2679.81 
72 2729.04 
73 2647.14 
74 2742.41 
75 2721.02 
76 2761.06 
77 2715.52 
78 2727.67 
79 2714.91 
80 2744.20 
81 2747.84 
82 2786.88 
83 2650.21 
84 2737.51 
85 2675.96 
86 2683.25 
87 2783.24 
88 2854.68 
89 2770.81 
90 2709.32 
91 2722.03 
92 2712.10 
93 2618.12 
94 2679.09 
95 2786.78 
96 2731.14 
97 2683.02 
98 2637.38 
99 2688.09 
100 2625.90 
101 2773.05 
102 2758.84 
103 2810.00 
104 2775.31 
105 -158.66 
106 2740.74 
107 2729.22 
108 2746.13 
109 2812.38 
110 2700.51 
111 2804.39 
112 2606.19 
113 2742.77 
114 2733.89 
115 2765.00 
116 2653.76 
117 2735.43 
118 2761.40 
119 2714.03 
120 2732.16 
121 2570.41 
122 2808.98 
123 2836.28 
124 2600.41 
125 2872.10 
126 2809.10 
127 2748.54 
128 2748.68 
129 2788.94 
130 2645.34 
131 2769.44 
132 2773.03 
133 2590.44 
134 2772.64 
135 2734.13 
136 2733.91 
137 2707.56 
138 2664.92 
139 2818.16 
140 2637.56 
141 2709.49 
142 2716.02 
143 2730.82 
144 2679.35 
145 2696.00 
146 2719.61 
147 2816.64 
148 2803.96 
149 2701.61 
150 2642.89 
151 2799.09 
152 2791.79 
153 2586.83 
154 2652.20 
155 2732.64 
156 2702.98 
157 2749.36 
158 2777.12 
159 2745.20 
160 2661.37 
161 2725.54 
162 2671.71 
163 2775.77 
164 2622.10 
165 2710.93 
166 2738.35 
167 2684.95 
168 2879.54 
169 2848.08 
170 2661.41 
171 2799.52 
172 2652.90 
173 2681.08 
174 2684.00 
175 2720.74 
176 2796.02 
177 2797.50 
178 2860.42 
179 2752.62 
180 2811.58 
181 2754.16 
182 2713.34 
183 2690.26 
184 2678.71 
185 2819.82 
186 2720.50 
187 2666.24 
188 2728.32 
189 2677.36 
190 2723.95 
191 2722.00 
192 2764.17 
193 2714.50 
194 2671.90 
195 2772.38 
196 2697.47 
197 2562.14 
198 2818.67 
199 2615.39 
200 2640.78 
201 2859.28 
202 2772.45 
203 2791.25 
204 2700.64 
205 2632.58 
206 2722.11 
207 232.74 
208 2758.08 
209 2706.72 
210 2741.33 
211 2704.81 
212 2649.14 
213 1547.64 
214 2714.96 
215 2740.91 
216 2768.61 
217 2670.14 
218 2786.71 
219 2746.72 
220 2652.88 
221 2723.56 
222 2710.39 
223 2729.36 
224 2711.79 
225 2801.21 
226 2873.57 
227 2626.09 
228 2707.14 
229 2787.55 
230 2733.58 
231 2799.28 
232 2773.62 
233 2654.13 
234 2683.95 
235 2638.34 
236 2666.43 
237 2652.87 
238 2642.98 
239 2789.69 
240 2780.68 
241 2759.41 
242 2882.54 
243 2815.65 
244 2769.04 
245 2747.63 
246 2743.81 
247 2734.64 
248 2652.63 
249 2673.71 
250 2763.29 
251 2784.56 
252 2751.39 
253 2659.33 
254 2770.67 
255 2721.53 
256 2773.15 
257 2699.81 
258 2768.06 
259 2700.98 
260 2719.21 
261 2685.16 
262 2632.71 
263 2818.47 
264 2640.19 
265 2767.48 
266 2725.38 
267 2725.34 
268 2747.49 
269 2829.58 
270 2680.82 
271 2839.57 
272 2744.44 
273 2838.02 
274 2657.71 
275 2772.52 
276 2788.00 
277 2668.50 
278 2748.10 
279 2783.92 
280 2732.13 
281 2805.66 
282 2761.63 
283 2750.46 
284 2599.66 
285 2802.67 
286 2652.94 
287 2647.08 
288 2855.33 
289 2866.64 
290 2768.58 
291 2848.46 
292 2766.96 
293 2593.20 
294 939.54 
295 2674.45 
296 1049.17 
297 2652.18 
298 2711.10 
299 2776.60 
300 2693.37 
301 2719.31 
302 2647.35 
303 2754.50 
304 2656.23 
305 2779.79 
306 2762.16 
307 2717.84 
308 2767.03 
309 2640.71 
310 2793.41 
311 2773.26 
312 2736.33 
313 2829.02 
314 2676.33 
315 2713.44 
316 1559.94 
317 2683.38 
318 2731.63 
319 2785.54 
320 2791.27 
321 2663.49 
322 2742.24 
323 2763.90 
324 2736.46 
325 2785.75 
326 2658.53 
327 2747.19 
328 2776.02 
329 2799.61 
330 2670.08 
331 2766.39 
332 2766.80 
333 2717.25 
334 2790.54 
335 2809.96 
336 2775.12 
337 2918.11 
338 2669.84 
339 2688.50 
340 2701.49 
341 1411.38 
342 2802.45 
343 2715.37 
344 2782.68 
345 2665.45 
346 2808.46 
347 2108.78 
348 2773.76 
349 2779.99 
350 2798.61 
351 2666.96 
352 2700.92 
353 2764.08 
354 2595.64 
355 2525.08 
356 2777.48 
357 2742.48 
358 2772.77 
359 2755.08 
360 2656.07 
361 2750.02 
362 2715.02 
363 2759.69 
364 2743.19 
365 2709.30 
366 2642.03 
367 2928.07 
368 2600.93 
369 2736.12 
370 2653.58 
371 2766.32 
372 2828.23 
373 2818.83 
374 2832.78 
375 2684.22 
376 2857.61 
377 2730.60 
378 2675.28 
379 2675.88 
380 2697.43 
381 2723.49 
382 2824.16 
383 2788.45 
384 2756.10 
385 2750.24 
386 2709.21 
387 2758.32 
388 2542.41 
389 2765.88 
390 2881.87 
391 2716.77 
392 2708.37 
393 2758.11 
394 2674.42 
395 2793.54 
396 2768.20 
397 2746.68 
398 2666.81 
399 2837.12 
400 2762.40 
401 2696.63 
402 2701.56 
403 2694.95 
404 2792.45 
405 2808.92 
406 2771.62 
407 2801.63 
408 2745.68 
409 2593.26 
410 2770.79 
411 2626.96 
412 2637.02 
413 2753.76 
414 2152.21 
415 2686.35 
416 2727.62 
417 2780.75 
418 2662.87 
419 2805.79 
420 2861.62 
421 2715.85 
422 2670.33 
423 2784.40 
424 2632.19 
425 2865.32 
426 2849.95 
427 2765.97 
428 2593.12 
429 2797.22 
430 2851.43 
431 2778.71 
432 2754.95 
433 2634.10 
434 2691.82 
435 2726.01 
436 2781.98 
437 2790.89 
438 2801.65 
439 2648.90 
440 2825.93 
441 2764.16 
442 2719.12 
443 2600.59 
444 2809.06 
445 2653.56 
446 732.87 
447 2774.25 
448 2723.09 
449 2848.39 
450 2750.18 
451 2665.41 
452 2697.28 
453 2684.35 
454 2675.08 
455 2799.81 
456 2669.26 
457 2749.01 
458 2664.25 
459 2814.76 
460 2738.21 
461 2626.42 
462 2762.75 
463 2777.75 
464 2846.97 
465 2582.00 
466 2895.94 
467 2767.42 
468 2754.63 
469 2692.39 
470 2740.92 
471 2793.39 
472 2815.91 
473 2729.01 
474 2587.36 
475 2620.30 
476 2656.86 
477 2776.42 
478 2705.06 
479 2682.80 
480 2605.53 
481 2832.11 
482 2811.42 
483 2782.08 
484 2808.88 
485 2734.73 
486 2760.49 
487 2756.13 
488 2637.36 
489 2734.58 
490 2843.58 
491 2697.32 
492 2730.35 
493 2776.25 
494 2716.06 
495 2685.49 
496 2887.76 
497 2778.17 
498 2755.61 
499 2653.13 
500 2724.09 
501 2792.82 
502 2881.21 
503 2734.61 
504 2783.14 
505 2883.52 
506 2862.98 
507 2702.17 
508 2775.31 
509 2828.97 
510 2694.27 
511 2819.50 
512 618.83 
513 1596.96 
514 2708.77 
515 2730.56 
516 2763.79 
517 2806.60 
518 2791.20 
519 2683.04 
520 2800.40 
521 2859.51 
522 2712.29 
523 2748.25 
524 2741.68 
525 2785.33 
526 2762.02 
527 2783.53 
528 2804.90 
529 2707.30 
530 2716.68 
531 2702.04 
532 2638.50 
533 2775.44 
534 2752.48 
535 2896.25 
536 2685.80 
537 2755.51 
538 2786.11 
539 2857.05 
540 2668.42 
541 390.08 
542 2737.63 
543 2734.72 
544 2741.02 
545 2749.03 
546 2672.32 
547 2761.79 
548 2743.92 
549 2768.88 
550 2745.64 
551 2667.38 
552 2752.97 
553 2499.63 
554 2817.08 
555 2700.50 
556 2741.11 
557 2748.03 
558 2750.86 
559 2801.77 
560 2878.57 
561 2791.61 
562 2818.13 
563 2773.28 
564 2675.85 
565 2793.53 
566 2752.28 
567 2782.97 
568 2646.47 
569 2863.60 
570 2716.08 
571 2724.55 
572 2662.80 
573 2749.64 
574 2883.07 
575 2773.50 
576 2737.32 
577 2779.46 
578 2737.36 
579 2749.94 
580 2764.08 
581 2073.21 
582 2702.32 
583 2812.64 
584 2848.60 
585 2661.97 
586 2682.29 
587 2799.11 
588 2602.85 
589 2730.04 
590 2824.36 
591 2665.74 
592 2752.99 
593 2776.25 
594 2715.76 
595 2703.26 
596 2711.97 
597 2604.85 
598 2754.20 
599 2706.37 
600 2794.20 
601 2730.62 
602 2717.78 
603 2782.12 
604 2780.17 
605 2843.61 
606 2837.45 
607 2769.72 
608 2593.46 
609 2735.11 
610 2770.51 
611 2773.48 
612 2827.12 
613 2694.79 
614 2690.52 
615 2673.28 
616 2882.46 
617 2669.44 
618 2749.08 
619 2778.50 
620 2867.44 
621 2745.22 
622 2669.60 
623 2833.55 
624 2673.65 
625 2739.74 
626 2758.61 
627 2772.22 
628 2697.14 
629 2819.89 
630 2832.56 
631 2764.78 
632 2659.64 
633 2810.74 
634 2825.38 
635 2706.25 
636 2728.74 
637 2670.48 
638 2789.28 
639 2779.41 
640 2824.29 
641 2878.45 
642 2911.28 
643 2789.53 
644 2846.34 
645 2725.53 
646 2874.03 
647 2809.27 
648 2858.31 
649 2747.02 
650 2706.04 
651 2775.01 
652 2731.34 
653 2742.12 
654 2871.79 
655 2761.51 
656 2783.40 
657 1377.44 
658 2851.10 
659 2643.78 
660 2761.81 
661 2770.51 
662 2747.11 
663 2707.38 
664 2758.30 
665 2778.00 
666 2871.76 
667 2673.38 
668 2843.00 
669 2764.62 
670 2696.66 
671 2783.36 
672 2772.13 
673 2765.47 
674 2771.72 
675 2724.03 
676 2630.19 
677 2772.74 
678 2831.44 
679 2837.89 
680 2607.77 
681 2769.12 
682 2847.94 
683 2923.03 
684 2753.54 
685 2798.61 
686 2764.86 
687 2835.99 
688 2789.88 
689 2863.11 
690 2752.85 
691 2766.33 
692 2674.43 
693 2791.80 
694 2876.76 
695 2785.43 
696 2779.62 
697 2836.22 
698 2713.78 
699 2841.20 
700 2826.31 
701 2720.00 
702 2698.33 
703 2794.87 
704 2744.31 
705 855.19 
706 2748.99 
707 2734.86 
708 2700.95 
709 2758.25 
710 2704.86 
711 2682.66 
712 2769.44 
713 2804.63 
714 2797.58 
715 2734.36 
716 2740.25 
717 2766.01 
718 2823.29 
719 2652.09 
720 2870.23 
721 2731.32 
722 2798.45 
723 2781.19 
724 2781.24 
725 2854.04 
726 2773.04 
727 2764.26 
728 2788.58 
729 2892.57 
730 2758.57 
731 2674.82 
732 2747.02 
733 2719.26 
734 2838.66 
735 2840.26 
736 2932.09 
737 233.38 
738 2724.09 
739 2844.61 
740 2785.49 
741 2766.41 
742 2748.16 
743 2706.85 
744 2814.26 
745 2691.43 
746 2742.19 
747 2691.51 
748 2644.18 
749 2716.67 
750 2885.43 
751 2814.27 
752 2822.53 
753 2762.52 
754 2637.59 
755 2592.50 
756 2615.20 
757 2737.28 
758 2710.52 
759 2631.91 
760 2701.60 
761 2791.16 
762 2679.88 
763 2829.99 
764 2838.60 
765 2739.92 
766 2840.53 
767 2590.45 
768 2768.22 
769 2779.49 
770 2836.26 
771 2761.11 
772 2646.47 
773 2649.77 
774 2876.51 
775 2729.23 
776 2776.48 
777 2838.65 
778 2682.08 
779 2841.83 
780 2742.56 
781 2794.09 
782 2660.99 
783 2775.60 
784 2685.89 
785 2774.30 
786 2810.93 
787 2817.33 
788 2762.18 
789 2783.26 
790 2646.96 
791 2730.41 
792 2696.15 
793 2801.90 
794 2778.80 
795 2806.22 
796 2865.86 
797 2801.12 
798 2727.26 
799 2814.64 
800 2675.48 
801 2696.09 
802 2724.38 
803 2209.71 
804 2780.33 
805 2791.59 
806 2674.26 
807 2658.89 
808 2769.58 
809 2823.60 
810 2785.46 
811 2698.95 
812 2753.62 
813 2795.61 
814 2689.43 
815 2706.74 
816 2765.24 
817 1037.13 
818 2880.04 
819 2765.37 
820 2694.36 
821 2725.18 
822 2879.29 
823 2808.09 
824 2757.16 
825 2715.72 
826 2722.05 
827 2745.10 
828 2726.65 
829 2685.10 
830 2699.10 
831 2874.39 
832 2750.41 
833 2792.89 
834 358.73 
835 2767.35 
836 2788.48 
837 2927.82 
838 2695.39 
839 2857.63 
840 2758.54 
841 2778.95 
842 2787.02 
843 2744.45 
844 2788.21 
845 2738.13 
846 2845.38 
847 2774.54 
848 2779.86 
849 2747.10 
850 2803.52 
851 2893.99 
852 2907.46 
853 2728.70 
854 2653.76 
855 2811.42 
856 2778.92 
857 2661.65 
858 2932.80 
859 2741.55 
860 2749.26 
861 2739.37 
862 2659.02 
863 2851.30 
864 2731.74 
865 2673.17 
866 2773.69 
867 2678.13 
868 2709.56 
869 2775.44 
870 2796.43 
871 2821.78 
872 2712.00 
873 2775.28 
874 2602.58 
875 2702.44 
876 2824.46 
877 2831.85 
878 2594.19 
879 2760.22 
880 2747.15 
881 2801.79 
882 2684.46 
883 2814.87 
884 2820.17 
885 2741.89 
886 2752.34 
887 2804.08 
888 2867.62 
889 2811.39 
890 2778.57 
891 2780.50 
892 2746.35 
893 2760.47 
894 2799.71 
895 2721.92 
896 2841.52 
897 2714.02 
898 2673.79 
899 2791.58 
900 2723.96 
901 129.01 
902 2679.83 
903 2715.49 
904 2754.69 
905 2796.88 
906 2886.43 
907 2776.54 
908 2768.52 
909 2736.18 
910 2785.72 
911 2831.84 
912 2763.46 
913 2833.87 
914 2764.69 
915 2756.26 
916 2799.05 
917 2631.15 
918 2730.67 
919 2733.79 
920 2796.52 
921 2776.78 
922 2684.74 
923 2757.53 
924 2814.34 
925 2752.73 
926 2701.21 
927 2810.54 
928 757.80 
929 2805.23 
930 2767.83 
931 2670.50 
932 2848.71 
933 2824.48 
934 2672.67 
935 2743.41 
936 2791.30 
937 2683.68 
938 2842.41 
939 2823.06 
940 2713.72 
941 2794.11 
942 2826.31 
943 2683.69 
944 2655.95 
945 2718.87 
946 2727.82 
947 2708.92 
948 2725.32 
949 2906.26 
950 2585.65 
951 2771.24 
952 2680.18 
953 2929.50 
954 673.20 
955 2659.14 
956 2704.70 
957 2789.50 
958 2724.46 
959 2811.64 
960 2764.21 
961 2760.97 
962 2832.52 
963 2729.39 
964 2847.04 
965 2846.89 
966 2659.79 
967 2685.65 
968 2714.71 
969 2823.37 
970 2770.00 
971 2655.64 
972 2796.32 
973 2722.86 
974 2806.41 
975 2781.01 
976 2783.02 
977 2750.65 
978 2763.52 
979 2695.02 
980 2675.15 
981 2811.34 
982 2764.12 
983 2684.34 
984 2771.59 
985 2753.82 
986 2812.46 
987 2710.10 
988 2726.15 
989 2684.39 
990 2856.53 
991 2846.03 
992 2731.51 
993 2675.68 
994 2736.51 
995 2638.41 
996 2648.45 
997 2821.17 
998 2748.17 
999 2689.08 
1000 2732.20 
1001 2732.50 
1002 2636.97 
1003 2779.91 
1004 2777.78 
1005 2741.64 
1006 2743.83 
1007 2731.82 
1008 2758.76 
1009 2706.60 
1010 2779.44 
1011 2740.88 
1012 2724.19 
1013 2756.21 
1014 2693.25 
1015 2722.27 
1016 2741.22 
1017 2795.52 
1018 2720.84 
1019 2812.56 
1020 2780.90 
0 2603.70 
1 1138.61 
2 2774.79 
3 2791.67 
4 2803.46 
5 2839.36 
6 2801.22 
7 2734.76 
8 2804.94 
9 2813.76 
10 2802.75 
11 2835.34 
12 2755.14 
13 2706.40 
14 2672.66 
15 2716.79 
16 2782.38 
17 2736.53 
18 2726.32 
19 2737.21 
20 2779.84 
21 2815.55 
22 2767.75 
23 2752.73 
24 2806.12 
25 2778.59 
26 2799.15 
27 2751.69 
28 2736.83 
29 2673.11 
30 2635.41 
31 2851.33 
32 2402.37 
33 2824.40 
34 2820.26 
35 2742.20 
36 2725.45 
37 2821.61 
38 2786.76 
39 2632.50 
40 2777.86 
41 2758.64 
42 2731.68 
43 2698.11 
44 2648.97 
45 2805.55 
46 2801.17 
47 2784.16 
48 2742.82 
49 2819.80 
50 2847.01 
51 2713.07 
52 2575.13 
53 2735.95 
54 2667.76 
55 2759.15 
56 2721.33 
57 2750.00 
58 2762.33 
59 2800.76 
60 2756.75 
61 2693.73 
62 2578.52 
63 2620.28 
64 2728.52 
65 2731.15 
66 2743.40 
67 2794.06 
68 2872.85 
69 2845.54 
70 2743.51 
71 2697.07 
72 2765.99 
73 2792.23 
74 2796.72 
75 2705.92 
76 2737.86 
77 2758.73 
78 2712.87 
79 2753.43 
80 2663.52 
81 2673.83 
82 2792.45 
83 2689.53 
84 2745.13 
85 2713.79 
86 2695.64 
87 2733.32 
88 2763.44 
89 2747.17 
90 2745.53 
91 2729.90 
92 2685.44 
93 2826.41 
94 2831.24 
95 2896.19 
96 2829.79 
97 2777.83 
98 2752.94 
99 2779.19 
100 2648.26 
101 2681.51 
102 2826.25 
103 2779.05 
104 2813.88 
105 2789.53 
106 2757.11 
107 2767.50 
108 2772.25 
109 2780.18 
110 2812.74 
111 2855.13 
112 2774.03 
113 2723.15 
114 2783.98 
115 2826.13 
116 2641.73 
117 2711.45 
118 2769.09 
119 2854.85 
120 2755.15 
121 2607.88 
122 2719.24 
123 2822.75 
124 2662.34 
125 2666.74 
126 2670.43 
127 2651.12 
128 2711.47 
129 2794.28 
130 2757.59 
131 2886.58 
132 2785.54 
133 2743.94 
134 2648.14 
135 2685.14 
136 2799.69 
137 2879.82 
138 2773.23 
139 2962.09 
140 2667.54 
141 2718.68 
142 2646.54 
143 2932.31 
144 2861.20 
145 2808.92 
146 2734.38 
147 2713.82 
148 2823.85 
149 2860.86 
150 2906.27 
151 2683.19 
152 2771.82 
153 2718.64 
154 2817.52 
155 2826.57 
156 2827.97 
157 2817.00 
158 2843.48 
159 2751.89 
160 2747.51 
161 2700.51 
162 2763.57 
163 2784.42 
164 2687.63 
165 2769.69 
166 2725.17 
167 2660.82 
168 2601.32 
169 2693.70 
170 2829.82 
171 2716.35 
172 2822.01 
173 2681.01 
174 2827.73 
175 2758.18 
176 2671.33 
177 2722.90 
178 2566.77 
179 2746.23 
180 2763.07 
181 2700.10 
182 2747.27 
183 2884.04 
184 2734.21 
185 2721.26 
186 2782.10 
187 2727.12 
188 2793.71 
189 2692.20 
190 2687.37 
191 2850.63 
192 2720.64 
193 2778.69 
194 2725.89 
195 2829.71 
196 2821.83 
197 2790.45 
198 2780.05 
199 2879.65 
200 2723.41 
201 2681.51 
202 2856.65 
203 2816.45 
204 2767.56 
205 2694.92 
206 2725.63 
207 2777.86 
208 2757.54 
209 2782.27 
210 2746.15 
211 2733.72 
212 2666.47 
213 2836.67 
214 2711.36 
215 2835.86 
216 2734.95 
217 815.20 
218 2725.58 
219 2696.28 
220 2906.25 
221 2822.57 
222 2864.50 
223 2696.52 
224 2794.23 
225 2624.53 
226 2725.86 
227 2838.17 
228 2899.41 
229 2784.51 
230 2857.86 
231 2837.77 
232 2799.97 
233 2586.28 
234 2753.09 
235 2764.54 
236 2791.62 
237 2721.00 
238 2682.57 
239 2704.24 
240 2812.22 
241 2815.76 
242 2662.09 
243 2723.05 
244 2773.95 
245 2711.24 
246 2807.21 
247 2701.38 
248 2810.41 
249 2724.01 
250 2783.31 
251 2810.93 
252 2759.33 
253 2751.05 
254 2703.10 
255 2770.40 
256 2797.66 
257 2749.74 
258 2704.83 
259 2619.12 
260 2749.09 
261 2778.96 
262 2758.94 
263 2851.75 
264 2776.55 
265 2863.39 
266 2775.21 
267 2784.78 
268 2724.80 
269 2918.58 
270 2776.29 
271 2842.14 
272 2722.92 
273 2760.69 
274 2806.26 
275 2771.63 
276 2819.47 
277 2858.97 
278 2821.25 
279 2847.64 
280 2778.52 
281 2845.51 
282 2828.47 
283 2731.93 
284 2759.01 
285 2793.37 
286 2880.40 
287 2696.37 
288 2754.61 
289 2721.95 
290 2807.75 
291 2817.24 
292 2746.85 
293 2729.71 
294 2857.39 
295 2798.15 
296 2723.29 
297 2662.40 
298 2822.55 
299 2800.26 
300 2783.57 
301 2824.78 
302 2777.33 
303 2872.34 
304 2761.91 
305 2779.45 
306 2698.55 
307 2740.43 
308 2736.72 
309 -101.04 
310 2872.51 
311 2776.81 
312 2754.65 
313 2728.30 
314 2737.18 
315 2786.17 
316 2713.09 
317 2858.54 
318 2703.33 
319 2896.76 
320 2696.95 
321 2767.40 
322 2858.20 
323 2804.54 
324 2835.76 
325 2762.99 
326 2732.67 
327 2743.52 
328 2735.09 
329 2776.67 
330 2808.60 
331 2799.94 
332 2765.79 
333 2791.26 
334 2807.92 
335 2750.01 
336 2693.17 
337 2734.49 
338 2779.61 
339 2809.99 
340 2589.92 
341 2883.55 
342 2738.58 
343 2759.12 
344 2739.39 
345 2797.04 
346 2728.93 
347 2875.92 
348 2726.37 
349 2842.84 
350 2846.62 
351 2753.99 
352 2870.90 
353 2774.74 
354 2599.93 
355 2829.57 
356 2732.87 
357 2811.48 
358 2703.52 
359 2688.95 
360 2737.56 
361 2631.37 
362 2764.88 
363 2810.07 
364 2695.55 
365 2674.37 
366 2869.13 
367 2755.47 
368 2766.94 
369 2708.18 
370 2715.79 
371 2852.20 
372 2827.99 
373 2644.61 
374 2760.05 
375 2837.43 
376 2687.94 
377 2755.43 
378 2769.92 
379 2816.04 
380 2806.35 
381 2755.05 
382 2830.66 
383 2773.54 
384 2728.07 
385 2847.10 
386 2806.89 
387 2798.53 
388 2883.64 
389 2643.54 
390 2840.12 
391 2904.72 
392 2839.39 
393 2764.83 
394 2722.38 
395 2788.84 
396 2703.19 
397 2894.99 
398 2815.64 
399 2824.00 
400 2744.14 
401 2762.08 
402 2765.92 
403 2754.16 
404 2895.92 
405 2764.08 
406 2675.03 
407 2732.87 
408 2776.96 
409 2699.49 
410 2863.90 
411 2818.43 
412 2847.45 
413 2833.19 
414 2661.59 
415 2756.56 
416 2769.24 
417 2878.58 
418 2837.15 
419 2862.33 
420 2740.52 
421 2819.00 
422 2869.18 
423 2794.67 
424 2836.87 
425 2682.95 
426 2879.98 
427 2701.82 
428 2808.27 
429 2797.77 
430 2745.41 
431 2707.69 
432 2764.57 
433 2767.23 
434 2815.04 
435 2825.38 
436 2810.16 
437 2860.13 
438 2704.83 
439 2815.05 
440 2803.67 
441 2783.55 
442 2750.00 
443 2851.71 
444 2901.47 
445 2840.07 
446 2626.00 
447 2757.72 
448 2764.89 
449 2871.71 
450 2811.28 
451 2766.78 
452 2777.73 
453 2702.05 
454 2821.31 
455 2794.28 
456 2786.76 
457 2663.59 
458 2834.70 
459 2889.85 
460 2767.21 
461 2796.91 
462 2799.40 
463 1967.65 
464 2760.85 
465 2785.66 
466 2826.99 
467 2749.32 
468 2769.97 
469 2912.17 
470 2802.30 
471 2868.63 
472 2875.86 
473 2789.14 
474 2786.83 
475 2760.97 
476 2841.54 
477 2769.31 
478 2784.41 
479 2732.42 
480 2698.97 
481 2788.83 
482 2703.30 
483 2847.55 
484 2739.07 
485 2721.86 
486 2781.23 
487 2835.25 
488 2804.82 
489 2824.88 
490 2780.00 
491 2849.59 
492 2810.29 
493 2817.24 
494 2681.07 
495 2796.02 
496 2775.52 
497 2686.63 
498 2701.73 
499 2698.38 
500 2814.41 
501 2856.42 
502 2883.99 
503 2908.92 
504 2739.95 
505 2729.04 
506 2830.30 
507 2712.34 
508 2719.53 
509 2694.15 
510 2650.51 
511 2645.36 
512 2761.93 
513 2658.79 
514 2673.98 
515 2794.90 
516 2673.99 
517 2760.98 
518 2796.70 
519 2752.51 
520 2742.33 
521 2742.62 
522 2756.08 
523 2822.32 
524 2740.88 
525 2737.22 
526 2779.17 
527 2847.24 
528 2716.87 
529 2500.34 
530 2666.38 
531 2842.48 
532 2701.10 
533 2775.63 
534 2729.02 
535 2714.21 
536 2875.58 
537 2809.50 
538 2683.44 
539 2742.18 
540 2808.22 
541 2783.01 
542 2840.13 
543 2749.97 
544 2714.30 
545 2743.03 
546 2701.26 
547 2636.48 
548 2784.58 
549 2787.65 
550 2786.93 
551 2723.32 
552 2808.60 
553 2774.08 
554 2803.00 
555 2819.24 
556 2708.89 
557 2636.43 
558 2821.69 
559 2662.99 
560 2748.26 
561 2726.55 
562 2606.88 
563 2798.04 
564 2765.58 
565 2806.07 
566 2809.99 
567 2772.54 
568 2859.90 
569 2720.78 
570 2742.08 
571 2784.38 
572 2767.75 
573 2821.05 
574 2882.35 
575 2806.70 
576 2786.91 
577 2785.67 
578 2695.44 
579 2848.83 
580 2724.93 
581 2667.01 
582 2683.12 
583 2774.77 
584 2679.89 
585 2782.44 
586 2876.27 
587 2750.00 
588 2838.38 
589 2717.28 
590 2803.99 
591 2837.32 
592 2697.54 
593 2853.57 
594 2729.42 
595 2792.64 
596 2582.61 
597 2726.71 
598 2797.95 
599 2828.02 
600 2841.97 
601 2803.46 
602 2854.96 
603 2686.47 
604 2690.83 
605 2695.10 
606 2706.34 
607 2679.92 
608 2784.09 
609 2833.92 
610 2787.72 
611 2640.98 
612 2756.40 
613 2758.17 
614 2815.04 
615 2723.55 
616 2644.65 
617 2804.40 
618 2841.18 
619 2786.13 
620 2875.31 
621 2771.58 
622 2693.58 
623 2816.33 
624 2687.36 
625 2780.59 
626 2808.96 
627 2720.14 
628 2820.87 
629 2835.49 
630 2818.49 
631 2817.50 
632 2846.52 
633 2803.96 
634 2779.12 
635 2786.36 
636 2862.87 
637 2810.19 
638 2772.42 
639 2754.49 
640 2669.92 
641 2698.92 
642 2771.60 
643 2807.54 
644 2868.12 
645 2681.74 
646 2867.57 
647 2810.22 
648 2764.95 
649 2783.37 
650 2900.09 
651 2743.91 
652 2842.09 
653 2880.10 
654 2731.42 
655 2878.11 
656 2690.19 
657 2729.02 
658 2831.46 
659 2780.93 
660 2876.16 
661 2742.29 
662 2922.90 
663 2852.15 
664 2773.81 
665 2748.50 
666 2757.78 
667 2794.47 
668 2860.88 
669 2783.41 
670 2872.60 
671 2817.01 
672 2870.57 
673 2815.34 
674 2788.45 
675 2862.07 
676 -61.69 
677 2768.04 
678 2767.54 
679 2825.69 
680 2866.24 
681 2685.26 
682 2786.58 
683 2796.76 
684 2725.73 
685 2727.36 
686 2775.86 
687 2870.95 
688 2854.04 
689 2653.33 
690 2849.05 
691 2804.05 
692 2803.27 
693 2675.05 
694 2753.35 
695 2752.12 
696 2802.73 
697 2803.54 
698 2737.75 
699 2691.89 
700 2699.73 
701 2777.80 
702 2723.79 
703 2617.32 
704 2846.50 
705 2705.41 
706 2845.57 
707 2767.44 
708 2642.32 
709 2804.87 
710 2778.04 
711 2746.93 
712 2832.94 
713 2771.96 
714 2642.08 
715 2898.00 
716 2866.23 
717 2750.54 
718 2676.26 
719 2771.20 
720 2686.54 
721 2814.03 
722 2874.11 
723 2776.67 
724 2787.20 
725 2645.19 
726 2809.44 
727 -208.30 
728 2856.14 
729 2719.96 
730 2754.51 
731 2746.43 
732 2775.03 
733 2530.80 
734 2731.07 
735 2842.69 
736 2691.63 
737 2879.55 
738 2817.36 
739 2870.13 
740 2822.52 
741 2727.45 
742 2801.31 
743 2803.16 
744 2756.69 
745 2736.96 
746 2780.48 
747 2735.79 
748 2832.94 
749 2793.05 
750 2876.78 
751 2691.66 
752 2714.11 
753 2801.72 
754 2786.60 
755 2686.58 
756 2853.89 
757 2788.88 
758 2713.50 
759 2710.72 
760 2779.07 
761 2687.55 
762 2777.34 
763 2601.90 
764 2797.26 
765 2817.30 
766 2881.22 
767 2734.92 
768 2803.55 
769 2877.06 
770 2811.28 
771 2799.33 
772 2724.26 
773 2710.13 
774 2719.78 
775 2765.75 
776 2731.15 
777 2816.41 
778 2807.20 
779 2651.32 
780 2796.83 
781 2754.98 
782 2915.04 
783 2741.48 
784 2842.54 
785 2775.00 
786 2771.45 
787 2845.47 
788 2848.93 
789 2766.86 
790 2810.62 
791 2701.92 
792 2862.04 
793 2878.73 
794 2764.15 
795 2796.82 
796 2834.29 
797 2689.38 
798 2700.89 
799 2827.99 
800 2771.18 
801 2893.28 
802 2878.37 
803 2580.20 
804 2703.93 
805 2698.40 
806 2762.62 
807 2868.75 
808 2718.65 
809 2822.80 
810 2769.97 
811 2038.93 
812 2731.49 
813 2753.20 
814 2777.24 
815 2935.54 
816 2805.02 
817 2849.08 
818 2778.21 
819 2797.37 
820 2735.40 
821 2621.76 
822 2693.49 
823 2774.01 
824 2785.18 
825 2772.01 
826 2712.98 
827 2663.31 
828 2692.09 
829 2862.13 
830 2745.10 
831 2766.19 
832 2673.35 
833 2888.72 
834 2745.13 
835 2858.29 
836 775.52 
837 2860.42 
838 2758.96 
839 2627.70 
840 2701.07 
841 2722.64 
842 2867.39 
843 2771.44 
844 2653.99 
845 2776.03 
846 2910.86 
847 2625.80 
848 2805.30 
849 2762.97 
850 2638.90 
851 2833.64 
852 2800.53 
853 2774.01 
854 2808.96 
855 2788.16 
856 2869.08 
857 2704.83 
858 2726.61 
859 2812.70 
860 2843.00 
861 2679.98 
862 2833.50 
863 2813.36 
864 2765.81 
865 2753.09 
866 2731.03 
867 2675.83 
868 2775.67 
869 2798.68 
870 2752.24 
871 2787.87 
872 2757.79 
873 2743.99 
874 2845.61 
875 2733.19 
876 2800.99 
877 2658.76 
878 2728.53 
879 2782.96 
880 2736.38 
881 2842.80 
882 2729.59 
883 2782.33 
884 2811.92 
885 2823.60 
886 2692.36 
887 2840.85 
888 2773.60 
889 2655.23 
890 2737.44 
891 2639.12 
892 2763.81 
893 2788.37 
894 2630.07 
895 2775.50 
896 2836.01 
897 2734.82 
898 2885.84 
899 2812.94 
900 2778.40 
901 2712.97 
902 1443.53 
903 2805.33 
904 2822.05 
905 2703.39 
906 2777.39 
907 2862.12 
908 2735.58 
909 2810.09 
910 2803.48 
911 2786.25 
912 2771.12 
913 2787.36 
914 2759.21 
915 2709.53 
916 2818.86 
917 2588.14 
918 2795.16 
919 2770.02 
920 2761.41 
921 2730.90 
922 2778.23 
923 2830.41 
924 2786.79 
925 2668.22 
926 2701.71 
927 2780.43 
928 2720.54 
929 2721.08 
930 2751.25 
931 2763.18 
932 2799.54 
933 2840.79 
934 2730.64 
935 2772.29 
936 2573.24 
937 2909.44 
938 2718.16 
939 2804.73 
940 2722.03 
941 2772.07 
942 2649.19 
943 2761.16 
944 2687.45 
945 2815.75 
946 2716.63 
947 2824.08 
948 2722.16 
949 2808.24 
950 2830.36 
951 2585.40 
952 2786.59 
953 2771.84 
954 2739.53 
955 2831.25 
956 2730.92 
957 2770.44 
958 2725.35 
959 2827.62 
960 2701.21 
961 2815.44 
962 2838.81 
963 2715.36 
964 2788.34 
965 2622.76 
966 2742.97 
967 2778.87 
968 2803.55 
969 2739.68 
970 2763.20 
971 2729.47 
972 2777.00 
973 2722.47 
974 2804.61 
975 2853.01 
976 2711.29 
977 2751.08 
978 2783.53 
979 2776.17 
980 2782.15 
981 2743.02 
982 2794.44 
983 2514.00 
984 2739.51 
985 2831.16 
986 2829.04 
987 2706.58 
988 2813.85 
989 2789.18 
990 2758.18 
991 2803.23 
992 2805.27 
993 2806.13 
994 2711.93 
995 2792.83 
996 2234.94 
997 2844.86 
998 2786.04 
999 2778.37 
1000 2864.61 
1001 2883.97 
0 2763.55 
1 2696.14 
2 2701.62 
3 2800.88 
4 2757.65 
5 2807.42 
6 2709.52 
7 2730.30 
8 2755.22 
9 2710.29 
10 2834.04 
11 2797.17 
12 2737.99 
13 2735.29 
14 2788.27 
15 2784.31 
16 2631.58 
17 2682.07 
18 2727.70 
19 2739.01 
20 2787.89 
21 2711.39 
22 2708.48 
23 2758.04 
24 2897.00 
25 2773.85 
26 2869.07 
27 2756.72 
28 2776.55 
29 2887.26 
30 2778.73 
31 2707.93 
32 2735.41 
33 2695.92 
34 2813.77 
35 2832.47 
36 2735.95 
37 2723.43 
38 2770.87 
39 2767.79 
40 2779.54 
41 2672.27 
42 2836.71 
43 2786.59 
44 2760.12 
45 2733.47 
46 2763.95 
47 2759.44 
48 2751.70 
49 2825.83 
50 2743.65 
51 2826.85 
52 2704.91 
53 2812.19 
54 2757.89 
55 2849.74 
56 2646.19 
57 2761.81 
58 2662.43 
59 2854.36 
60 2851.10 
61 2829.31 
62 2755.25 
63 2771.49 
64 2801.73 
65 2900.83 
66 2611.99 
67 2763.62 
68 2838.93 
69 2492.66 
70 2785.75 
71 1993.41 
72 2846.49 
73 2766.96 
74 2848.47 
75 2765.97 
76 2855.58 
77 2815.95 
78 2762.60 
79 2621.42 
80 2730.86 
81 2888.54 
82 2703.90 
83 2685.28 
84 2742.30 
85 2691.49 
86 2731.15 
87 2808.75 
88 2870.00 
89 2794.29 
90 2809.64 
91 2817.31 
92 2819.92 
93 2727.34 
94 2829.71 
95 2792.54 
96 2762.95 
97 2797.44 
98 2860.64 
99 2816.61 
100 2789.59 
101 2652.62 
102 2619.51 
103 2791.31 
104 2896.33 
105 2706.09 
106 2845.19 
107 2693.49 
108 2766.74 
109 2876.55 
110 2830.25 
111 2777.84 
112 2710.76 
113 2760.27 
114 2813.86 
115 2839.73 
116 2766.28 
117 2797.25 
118 2791.34 
119 2756.87 
120 2863.98 
121 2830.37 
122 2773.93 
123 2815.15 
124 2655.50 
125 2914.89 
126 2856.53 
127 2692.95 
128 2805.91 
129 2844.54 
130 2738.18 
131 2696.17 
132 2702.87 
133 2772.52 
134 2685.86 
135 2771.97 
136 2778.82 
137 2763.84 
138 2761.00 
139 2770.24 
140 2763.43 
141 2873.24 
142 2816.16 
143 2724.85 
144 2710.30 
145 2819.26 
146 2854.24 
147 2839.13 
148 2779.12 
149 2748.53 
150 2746.37 
151 2838.35 
152 2803.99 
153 2798.35 
154 2851.91 
155 2755.40 
156 2829.52 
157 2876.50 
158 2820.45 
159 2879.46 
160 2837.46 
161 2674.95 
162 2834.95 
163 2807.90 
164 2678.34 
165 2795.07 
166 2751.06 
167 2790.78 
168 2930.26 
169 2778.84 
170 2829.79 
171 2844.66 
172 2666.16 
173 2766.28 
174 2860.51 
175 2816.45 
176 2790.42 
177 2751.23 
178 2782.03 
179 2940.02 
180 2871.28 
181 2451.50 
182 2706.62 
183 2839.57 
184 2783.31 
185 2726.52 
186 2829.34 
187 2844.47 
188 2854.60 
189 2811.40 
190 2808.68 
191 2840.95 
192 2811.05 
193 2712.94 
194 2842.51 
195 2701.41 
196 2763.37 
197 2821.61 
198 2765.01 
199 2770.44 
200 2800.73 
201 2856.88 
202 2807.52 
203 2740.96 
204 2700.59 
205 2764.63 
206 2853.57 
207 2695.56 
208 2755.04 
209 2746.48 
210 2821.52 
211 2778.31 
212 2758.03 
213 2910.07 
214 2834.44 
215 2672.25 
216 2687.03 
217 2863.69 
218 2870.35 
219 2778.04 
220 2763.46 
221 2910.09 
222 2816.46 
223 2879.40 
224 2725.81 
225 2820.37 
226 2716.25 
227 2654.79 
228 2904.74 
229 2771.57 
230 2791.98 
231 2791.39 
232 2790.26 
233 2859.02 
234 2775.66 
235 2903.83 
236 2797.84 
237 2859.19 
238 2659.94 
239 2791.98 
240 1599.15 
241 2804.63 
242 2738.69 
243 2841.78 
244 2733.00 
245 2788.40 
246 2851.93 
247 2884.26 
248 2879.62 
249 2789.20 
250 2790.84 
251 2938.06 
252 2829.18 
253 2818.78 
254 2725.91 
255 2847.34 
256 2747.40 
257 2732.35 
258 2719.86 
259 2811.86 
260 2844.53 
261 2880.18 
262 2792.43 
263 2762.26 
264 2823.33 
265 2842.84 
266 2726.97 
267 2863.10 
268 2703.64 
269 2871.21 
270 2754.74 
271 2779.05 
272 2839.18 
273 2750.45 
274 2767.67 
275 2797.10 
276 2769.65 
277 2745.60 
278 2922.92 
279 2826.56 
280 2773.44 
281 2739.95 
282 2755.13 
283 2772.70 
284 2756.13 
285 2804.64 
286 2746.79 
287 2788.06 
288 2847.70 
289 2764.16 
290 2757.85 
291 2816.01 
292 2770.90 
293 2823.59 
294 2875.95 
295 2727.69 
296 2711.34 
297 2834.85 
298 2726.25 
299 2847.98 
300 2876.59 
301 2879.45 
302 2758.00 
303 2781.64 
304 2814.45 
305 2883.03 
306 2754.24 
307 2787.80 
308 2867.46 
309 2835.48 
310 2726.94 
311 2855.43 
312 2754.48 
313 2857.12 
314 2828.07 
315 2890.09 
316 2757.70 
317 2732.79 
318 2879.24 
319 1817.58 
320 2763.09 
321 2798.50 
322 2688.08 
323 2857.07 
324 2904.84 
325 2860.65 
326 2894.10 
327 2836.86 
328 2884.95 
329 2773.19 
330 2712.46 
331 2716.87 
332 2754.51 
333 2789.61 
334 2919.47 
335 2728.91 
336 2783.15 
337 2835.04 
338 2812.61 
339 2823.98 
340 2861.50 
341 2837.72 
342 2816.64 
343 257.24 
344 2811.02 
345 2824.89 
346 2854.25 
347 2836.42 
348 2797.52 
349 2808.42 
350 2877.13 
351 2831.58 
352 2846.52 
353 2738.99 
354 2889.85 
355 2744.56 
356 2693.79 
357 2802.63 
358 2809.35 
359 2771.70 
360 2636.98 
361 2774.53 
362 2776.86 
363 2782.27 
364 2934.92 
365 2851.82 
366 2661.41 
367 1511.64 
368 2749.89 
369 2855.02 
370 2861.49 
371 2793.21 
372 2850.89 
373 2726.08 
374 2802.85 
375 2876.69 
376 2726.88 
377 2840.93 
378 2896.53 
379 2824.48 
380 2807.76 
381 2823.79 
382 2817.69 
383 2866.01 
384 2656.97 
385 2815.42 
386 2749.35 
387 2701.14 
388 2766.09 
389 2664.56 
390 2136.09 
391 2830.39 
392 2693.56 
393 2841.20 
394 2631.31 
395 2802.84 
396 2713.91 
397 2855.65 
398 2880.43 
399 2802.73 
400 2705.75 
401 2904.00 
402 2758.52 
403 2795.56 
404 2845.39 
405 2766.47 
406 2764.09 
407 2730.51 
408 2809.64 
409 2822.27 
410 2860.91 
411 2791.39 
412 2751.12 
413 2930.56 
414 2792.47 
415 2777.38 
416 2760.86 
417 2759.96 
418 2782.87 
419 2781.27 
420 2826.52 
421 2815.81 
422 2760.73 
423 2794.84 
424 2802.71 
425 2797.41 
426 2819.01 
427 2870.74 
428 2855.79 
429 2882.99 
430 2853.70 
431 2909.23 
432 2781.11 
433 2704.71 
434 2897.69 
435 2846.27 
436 2838.27 
437 2857.54 
438 2843.26 
439 2820.61 
440 2867.79 
441 2774.43 
442 2878.63 
443 2890.00 
444 2960.75 
445 2830.49 
446 2798.54 
447 2787.06 
448 2872.23 
449 2853.03 
450 2774.87 
451 2823.67 
452 2741.35 
453 2845.39 
454 2808.59 
455 2718.86 
456 2789.34 
457 2805.00 
458 2827.55 
459 2818.91 
460 2817.32 
461 2707.29 
462 2772.14 
463 2919.93 
464 2914.50 
465 2929.48 
466 2790.42 
467 2772.26 
468 2718.32 
469 2831.36 
470 2822.39 
471 2741.32 
472 2864.35 
473 2779.20 
474 2850.03 
475 2766.95 
476 2749.47 
477 2882.66 
478 2726.85 
479 2807.26 
480 2884.96 
481 2749.84 
482 2908.16 
483 2793.98 
484 2808.30 
485 2792.18 
486 2854.77 
487 2806.85 
488 2761.13 
489 2679.65 
490 2762.02 
491 2742.26 
492 2823.87 
493 2915.13 
494 2859.53 
495 2875.02 
496 2807.86 
497 2743.44 
498 2785.52 
499 2723.65 
500 2749.16 
501 2773.92 
502 2885.92 
503 2736.30 
504 2870.11 
505 2849.66 
506 2843.56 
507 2775.11 
508 2770.63 
509 2884.84 
510 2735.37 
511 2849.63 
512 2748.98 
513 2809.97 
514 2808.30 
515 2709.03 
516 2821.48 
517 2170.38 
518 2826.72 
519 2868.48 
520 2781.56 
521 2765.40 
522 2835.90 
523 2792.81 
524 2863.81 
525 2885.07 
526 2812.60 
527 2860.57 
528 2822.35 
529 2726.20 
530 2822.41 
531 2837.73 
532 2832.55 
533 2871.13 
534 2779.59 
535 2792.35 
536 2775.65 
537 2885.48 
538 2810.66 
539 2583.65 
540 1758.50 
541 2687.61 
542 2673.20 
543 2758.55 
544 2892.59 
545 2836.87 
546 2680.73 
547 2879.18 
548 2996.25 
549 2809.41 
550 2737.70 
551 2687.52 
552 2735.00 
553 2729.26 
554 2884.94 
555 2789.53 
556 2830.49 
557 2723.16 
558 2790.62 
559 2812.40 
560 2838.43 
561 2827.04 
562 2847.15 
563 2816.13 
564 2891.23 
565 2835.21 
566 2756.38 
567 2700.36 
568 2803.71 
569 2743.84 
570 2662.65 
571 2777.71 
572 2833.06 
573 2721.86 
574 2856.85 
575 2886.93 
576 2810.62 
577 2786.99 
578 2874.26 
579 2774.62 
580 2759.68 
581 2820.23 
582 2844.83 
583 2671.35 
584 2757.17 
585 2687.69 
586 2896.85 
587 2772.34 
588 2752.21 
589 2827.86 
590 2837.09 
591 2876.75 
592 2816.86 
593 2756.73 
594 2940.54 
595 2710.89 
596 2912.88 
597 2733.50 
598 2781.66 
599 2763.44 
600 2821.48 
601 2920.04 
602 2904.25 
603 2834.17 
604 2814.83 
605 2851.29 
606 2923.11 
607 2923.37 
608 2738.56 
609 2952.90 
610 2788.27 
611 2862.15 
612 2874.74 
613 2806.77 
614 2748.47 
615 2784.00 
616 2775.97 
617 2763.16 
618 2756.56 
619 2754.53 
620 2878.42 
621 2707.62 
622 2778.22 
623 2853.89 
624 2977.28 
625 2744.47 
626 2812.98 
627 2833.48 
628 2773.49 
629 2790.85 
630 2742.85 
631 2773.95 
632 2818.99 
633 2761.74 
634 2703.11 
635 2765.40 
636 2837.57 
637 2740.68 
638 2906.49 
639 2907.99 
640 2835.59 
641 2876.43 
642 2697.38 
643 2774.83 
644 2851.60 
645 2879.08 
646 2719.10 
647 2917.19 
648 2799.66 
649 2800.03 
650 2835.44 
651 2733.22 
652 2712.06 
653 2657.82 
654 2831.72 
655 2813.59 
656 2849.56 
657 2798.77 
658 2863.89 
659 2757.78 
660 2790.90 
661 2789.39 
662 2766.19 
663 2905.01 
664 2913.16 
665 2788.52 
666 2828.45 
667 2853.99 
668 2836.05 
669 2948.36 
670 2796.69 
671 2872.39 
672 2734.11 
673 2838.06 
674 2853.60 
675 2862.27 
676 2827.44 
677 2766.72 
678 2800.80 
679 2831.47 
680 2775.87 
681 2856.59 
682 2812.82 
683 2745.42 
684 2726.69 
685 2840.75 
686 2759.31 
687 2827.39 
688 2620.70 
689 2791.41 
690 2728.65 
691 2801.28 
692 2866.70 
693 2690.88 
694 2756.30 
695 2818.56 
696 2923.33 
697 2806.45 
698 2697.00 
699 2693.51 
700 2798.37 
701 2862.46 
702 2797.97 
703 2845.65 
704 2788.27 
705 2804.42 
706 2820.27 
707 2773.59 
708 2792.21 
709 2872.34 
710 2756.88 
711 2866.84 
712 2933.39 
713 2807.53 
714 2814.62 
715 2591.10 
716 2749.27 
717 2892.28 
718 2843.89 
719 2829.50 
720 2809.57 
721 2961.40 
722 2848.54 
723 2727.49 
724 2869.84 
725 2819.39 
726 2846.61 
727 2939.35 
728 2873.15 
729 2865.26 
730 2734.17 
731 2768.45 
732 2754.17 
733 2869.33 
734 2682.24 
735 2815.82 
736 2805.21 
737 2789.41 
738 2655.02 
739 2772.97 
740 2775.31 
741 2869.97 
742 2864.14 
743 2752.08 
744 2848.85 
745 2714.77 
746 2835.82 
747 2801.34 
748 2815.15 
749 2679.18 
750 2872.24 
751 2819.99 
752 2798.89 
753 2843.36 
754 177.07 
755 2830.76 
756 2771.05 
757 2904.84 
758 2857.41 
759 2886.15 
760 2800.93 
761 2803.17 
762 2744.27 
763 2850.10 
764 2867.65 
765 2815.92 
766 2861.52 
767 2781.61 
768 2814.81 
769 2737.54 
770 2723.53 
771 2762.79 
772 2792.77 
773 2809.99 
774 2799.07 
775 2743.15 
776 2780.31 
777 2854.36 
778 2810.89 
779 2832.81 
780 2862.27 
781 2755.16 
782 2881.62 
783 2831.66 
784 2814.61 
785 2841.75 
786 2852.65 
787 2760.60 
788 2865.90 
789 2864.41 
790 2729.96 
791 2861.04 
792 2769.95 
793 2810.69 
794 2824.93 
795 2743.33 
796 2854.51 
797 2861.60 
798 2850.40 
799 2830.17 
800 2857.87 
801 2854.99 
802 2754.90 
803 2794.31 
804 2795.10 
805 2870.00 
806 2782.21 
807 2757.45 
808 2763.28 
809 2786.31 
810 2838.96 
811 2762.87 
812 2816.39 
813 2768.76 
814 2687.21 
815 2887.40 
816 2874.12 
817 2754.94 
818 2853.47 
819 2834.79 
820 2812.09 
821 2765.73 
822 2735.26 
823 2797.47 
824 2864.11 
825 2812.87 
826 2719.37 
827 2770.76 
828 2779.57 
829 2762.35 
830 2801.46 
831 2815.68 
832 2877.87 
833 2894.02 
834 2926.99 
835 2791.82 
836 2821.02 
837 2847.63 
838 2871.37 
839 2818.37 
840 2890.93 
841 2768.29 
842 2860.14 
843 2763.82 
844 2816.01 
845 2951.45 
846 2782.37 
847 2808.73 
848 2817.79 
849 2824.36 
850 2879.55 
851 2830.96 
852 2774.30 
853 2864.96 
854 2815.22 
855 2769.35 
856 2820.90 
857 2718.43 
858 2767.63 
859 2777.80 
860 2896.04 
861 2704.59 
862 2853.23 
863 2824.43 
864 2872.91 
865 2798.58 
866 2762.92 
867 2833.96 
868 2765.30 
869 2726.86 
870 2771.47 
871 2944.85 
872 2759.68 
873 2714.16 
874 2748.64 
875 2863.41 
876 2735.61 
877 2783.21 
878 2936.31 
879 2879.86 
880 2913.04 
881 2833.27 
882 2757.78 
883 2872.42 
884 2964.40 
885 2864.69 
886 2838.91 
887 2765.60 
888 2922.43 
889 2882.96 
890 2702.90 
891 2884.90 
892 2819.99 
893 2838.51 
894 2841.68 
895 2690.26 
896 2853.90 
897 2596.92 
898 2740.10 
899 2677.16 
900 2761.00 
901 2833.50 
902 2873.13 
903 2819.43 
904 2777.15 
905 2787.00 
906 2863.68 
907 2789.88 
908 2824.34 
909 2889.43 
910 2872.54 
911 2719.29 
912 2671.82 
913 2702.10 
914 2741.60 
915 2844.82 
916 2891.12 
917 2708.51 
918 2853.42 
919 2843.57 
920 2753.47 
921 2823.85 
922 2867.67 
923 2713.47 
924 2809.26 
925 2815.15 
926 2881.99 
927 2700.77 
928 2924.41 
929 2844.37 
930 2844.96 
931 2878.80 
932 2857.06 
933 2849.49 
934 2860.71 
935 2847.79 
936 2837.81 
937 2898.90 
938 2840.24 
939 2767.38 
940 2886.93 
941 2791.22 
942 2805.06 
943 2726.18 
944 2918.81 
945 2795.50 
946 2828.33 
947 2873.11 
948 2912.06 
949 2835.63 
950 2804.90 
951 2750.99 
952 2870.79 
953 2920.70 
954 2798.36 
955 2786.63 
956 2838.09 
957 2859.88 
958 2810.55 
959 2809.30 
960 2791.14 
961 726.94 
962 2760.65 
963 2769.01 
964 2757.34 
965 2802.03 
966 2842.81 
967 2825.60 
968 2808.27 
969 2752.55 
970 2884.44 
971 2787.25 
972 2872.61 
973 2869.03 
974 2824.47 
975 1383.72 
976 2614.32 
977 2803.15 
978 2714.10 
979 -186.00 
980 2838.07 
981 2825.63 
982 2886.51 
983 2980.06 
984 2894.26 
985 2831.68 
986 2736.38 
987 2808.54 
988 2794.98 
989 2842.93 
990 2829.70 
991 2725.37 
992 2772.06 
993 2795.01 
994 2821.96 
995 2913.99 
996 2774.07 
997 2712.38 
998 2827.83 
999 2790.46 
1000 2868.44 
1001 2808.34 
1002 2846.86 
1003 2868.39 
1004 2773.34 
1005 2808.87 
1006 2790.10 
1007 2837.05 
1008 2798.74 
1009 2841.82 
1010 2876.16 
1011 2775.38 
1012 2767.27 
1013 2763.43 
1014 2842.43 
1015 2804.93 
1016 2891.99 
