Seed 0:
0 -13.33 
1 37.04 
2 46.47 
3 -73.18 
4 190.37 
5 348.80 
6 436.72 
7 355.80 
8 577.15 
9 491.02 
10 821.09 
11 713.92 
12 791.19 
13 851.80 
14 818.05 
15 865.17 
16 1052.26 
17 1152.71 
18 1358.45 
19 1393.46 
20 1487.30 
21 948.86 
22 1573.51 
23 1371.02 
24 1069.14 
25 1562.16 
26 1571.85 
27 1596.55 
28 1654.74 
29 1579.04 
30 895.60 
31 1600.25 
32 1697.11 
33 1641.32 
34 1653.68 
35 1526.25 
36 1665.17 
37 1683.44 
38 1663.32 
39 1681.65 
40 1025.15 
41 1629.53 
42 1738.39 
43 1713.28 
44 1684.30 
45 1758.82 
46 1697.31 
47 1715.86 
48 1788.18 
49 1730.87 
50 1692.13 
51 1756.74 
52 1854.80 
53 1731.66 
54 1790.46 
55 1815.17 
56 1766.01 
57 1864.87 
58 1853.34 
59 1833.72 
60 1834.09 
61 1337.49 
62 1818.71 
63 1882.98 
64 1527.62 
65 1823.23 
66 1884.15 
67 1938.21 
68 1780.07 
69 1878.20 
70 1887.24 
71 1843.89 
72 1839.45 
73 1926.61 
74 1908.06 
75 1936.91 
76 1891.28 
77 1868.59 
78 2000.19 
79 1954.70 
80 2015.23 
81 1905.57 
82 1979.79 
83 1926.24 
84 1961.32 
85 1898.66 
86 1912.02 
87 1906.91 
88 1930.87 
89 1899.23 
90 990.95 
91 1928.25 
92 1882.91 
93 1948.08 
94 1849.20 
95 1762.96 
96 1885.44 
97 1801.37 
98 1463.11 
99 1984.26 
100 1877.50 
101 1979.32 
102 1990.02 
103 1963.08 
104 1934.07 
105 1949.58 
106 1340.81 
107 1680.30 
108 1952.93 
109 1174.28 
110 1955.86 
111 1951.20 
112 417.23 
113 1136.49 
114 1926.72 
115 1946.08 
116 1912.69 
117 1974.12 
118 1927.52 
119 1978.27 
120 661.66 
121 1969.54 
122 1884.58 
123 1943.63 
124 1991.10 
125 2058.23 
126 1957.62 
127 1385.61 
128 1981.58 
129 1919.17 
130 1980.71 
131 1836.69 
132 2027.95 
133 1931.73 
134 1983.77 
135 2075.04 
136 2040.21 
137 2052.20 
138 1912.02 
139 2014.63 
140 1933.44 
141 2047.29 
142 567.21 
143 2006.27 
144 2008.19 
145 1983.01 
146 1953.08 
147 1887.87 
148 1939.23 
149 1960.64 
150 1934.75 
151 1124.98 
152 1881.63 
153 1876.80 
154 2103.75 
155 1983.04 
156 2055.24 
157 1116.94 
158 1941.57 
159 2156.81 
160 1988.12 
161 2064.35 
162 2010.85 
163 2112.57 
164 1946.37 
165 1907.70 
166 1998.22 
167 2003.46 
168 2024.34 
169 2077.02 
170 1999.84 
171 2066.41 
172 2115.36 
173 2062.53 
174 2099.29 
175 1917.40 
176 2106.51 
177 2063.95 
178 1988.73 
179 1935.75 
180 2176.79 
181 2175.83 
182 2189.44 
183 2006.49 
184 2098.98 
185 2264.29 
186 2121.51 
187 2315.99 
188 2194.66 
189 2193.05 
190 2209.67 
191 2197.15 
192 2314.32 
193 2233.49 
194 2234.67 
195 2326.43 
196 2306.78 
197 2177.85 
198 2209.69 
199 2209.66 
200 2295.59 
201 2222.46 
202 2337.26 
203 2350.85 
204 2291.40 
205 2323.70 
206 2243.96 
207 2378.33 
208 2280.21 
209 2243.94 
210 2270.37 
211 2259.03 
212 2278.63 
213 2290.61 
214 2370.31 
215 2378.66 
216 1691.79 
217 427.41 
218 2399.72 
219 2442.21 
220 2306.81 
221 2467.65 
222 2426.51 
223 2447.01 
224 2494.83 
225 2546.44 
226 2497.88 
227 2473.99 
228 2507.47 
229 2540.94 
230 2555.23 
231 2588.19 
232 2560.59 
233 2603.58 
234 2627.94 
235 2517.50 
236 2435.66 
237 2502.75 
238 2589.12 
239 2651.99 
240 2679.25 
241 2665.80 
242 2696.38 
243 2683.40 
244 2599.41 
245 2645.46 
246 2710.50 
247 2749.95 
248 2633.47 
249 2613.74 
250 2648.35 
251 2720.01 
252 2745.32 
253 2697.17 
254 2622.09 
255 2738.28 
256 2631.60 
257 2754.30 
258 2603.25 
259 2707.08 
260 2780.38 
261 2661.35 
262 2495.79 
263 2665.81 
264 2757.76 
265 2392.42 
266 2764.08 
267 2738.78 
268 2662.43 
269 2558.95 
270 2639.09 
271 2764.60 
272 2730.13 
273 2791.83 
274 495.08 
275 2667.94 
276 2623.37 
277 2613.76 
278 2742.14 
279 2739.48 
280 2689.35 
281 2699.51 
282 2759.87 
283 2799.67 
284 2696.84 
285 2678.18 
286 2730.56 
287 2721.72 
288 2148.11 
289 2738.69 
290 2714.20 
291 2650.81 
292 2827.99 
293 2629.36 
294 2765.94 
295 2078.71 
296 2633.74 
297 2662.58 
298 2684.62 
299 2671.10 
300 2624.01 
301 2731.67 
302 2675.34 
303 2633.14 
304 2714.73 
305 2275.96 
306 2815.37 
307 2585.83 
308 2755.26 
309 2747.34 
310 2758.63 
311 2607.53 
312 2675.28 
313 2711.04 
314 2788.99 
315 2680.78 
316 675.30 
317 2777.54 
318 2737.24 
319 2722.23 
320 2634.76 
321 2676.77 
322 2554.85 
323 2668.81 
324 1821.42 
325 2773.02 
326 2784.04 
327 2760.26 
328 2659.05 
329 2757.95 
330 2764.50 
331 2642.55 
332 2789.25 
333 2826.75 
334 2783.72 
335 2721.38 
336 2741.94 
337 2785.24 
338 2611.39 
339 2752.58 
340 2334.04 
341 2770.79 
342 2780.15 
343 2596.83 
344 2768.76 
345 2748.30 
346 2715.53 
347 2750.60 
348 2669.35 
349 2696.14 
350 2786.95 
351 2712.39 
352 2762.47 
353 2641.72 
354 2727.09 
355 338.78 
356 2744.79 
357 2751.18 
358 2628.67 
359 2773.88 
360 2751.02 
361 2752.12 
362 2715.46 
363 2771.88 
364 2648.86 
365 2683.31 
366 2886.81 
367 2685.69 
368 2682.82 
369 2731.25 
370 2776.17 
371 2794.46 
372 2729.13 
373 2708.29 
374 2713.55 
375 2832.35 
376 2756.16 
377 2838.16 
378 2669.40 
379 2617.43 
380 2695.27 
381 2836.41 
382 839.75 
383 2666.44 
384 2767.84 
385 2601.26 
386 2723.35 
387 2798.27 
388 2450.67 
389 2688.87 
390 2762.56 
391 2674.18 
392 2800.54 
393 2767.49 
394 2828.89 
395 2678.42 
396 2814.98 
397 2660.20 
398 2673.24 
399 2745.99 
400 2658.10 
401 2757.70 
402 2748.68 
403 2665.51 
404 2799.52 
405 2576.61 
406 2703.41 
407 2731.68 
408 2694.35 
409 2642.34 
410 2769.26 
411 2731.60 
412 2747.22 
413 2558.79 
414 -13.86 
415 2603.06 
416 2797.48 
417 2863.53 
418 2587.14 
419 2746.25 
420 2537.92 
421 2784.26 
422 2695.83 
423 2698.19 
424 2777.00 
425 2754.98 
426 2806.53 
427 2693.81 
428 2737.50 
429 2829.50 
430 2670.78 
431 2621.35 
432 2740.21 
433 2642.41 
434 2651.89 
435 220.42 
436 2636.04 
437 2657.01 
438 2767.73 
439 2779.11 
440 2738.36 
441 2663.38 
442 2688.24 
443 2619.35 
444 2799.70 
445 2666.75 
446 2617.19 
447 2823.33 
448 2699.58 
449 2803.04 
450 2667.40 
451 2589.63 
452 2805.20 
453 2692.90 
454 2624.33 
455 2782.51 
456 2766.87 
457 2800.55 
458 2760.85 
459 2857.97 
460 2810.36 
461 2683.82 
462 2759.43 
463 2713.52 
464 2643.71 
465 1611.10 
466 2702.45 
467 2787.37 
468 2723.34 
469 2737.00 
470 2722.26 
471 1678.51 
472 2757.58 
473 2672.21 
474 2629.49 
475 2752.88 
476 2723.18 
477 2852.21 
478 88.88 
479 2747.53 
480 2799.59 
481 2759.06 
482 2736.88 
483 2711.23 
484 2781.03 
485 2761.71 
486 2713.26 
487 2766.72 
488 2632.13 
489 2479.25 
490 2709.28 
491 2794.09 
492 2728.58 
493 2790.60 
494 2556.48 
495 2792.30 
496 2757.36 
497 2793.87 
498 2654.73 
499 2779.37 
500 2711.77 
501 2707.36 
502 2837.66 
503 2729.23 
504 2742.56 
505 2782.89 
506 1999.80 
507 2762.96 
508 2681.94 
509 2709.12 
510 2730.93 
511 2654.05 
512 2716.26 
513 2725.84 
514 2739.07 
515 2579.65 
516 2704.46 
517 2798.78 
518 2609.89 
519 2749.90 
520 2632.59 
521 2723.23 
522 2771.07 
523 2695.48 
524 2719.60 
525 2784.51 
526 2758.27 
527 2742.88 
528 25.71 
529 2802.85 
530 2634.92 
531 2799.72 
532 2648.30 
533 2710.07 
534 2657.83 
535 2695.33 
536 2765.66 
537 2765.95 
538 2737.73 
539 2710.60 
540 2770.88 
541 2706.82 
542 2689.24 
543 1583.00 
544 2794.08 
545 2522.70 
546 2781.46 
547 2781.57 
548 2705.40 
549 2737.49 
550 2732.17 
551 2745.77 
552 2759.80 
553 2777.45 
554 2740.09 
555 2596.35 
556 2622.75 
557 2765.39 
558 2680.13 
559 2665.50 
560 2750.04 
561 2702.50 
562 2737.42 
563 2813.77 
564 2581.39 
565 2772.61 
566 2746.17 
567 2336.69 
568 2669.47 
569 2436.48 
570 2668.51 
571 2784.38 
572 2784.64 
573 2851.37 
574 2580.45 
575 1567.63 
576 2731.78 
577 2714.02 
578 2528.67 
579 2678.14 
580 2739.28 
581 2710.00 
582 2822.20 
583 2785.89 
584 2680.26 
585 2733.09 
586 2714.66 
587 2744.54 
588 2684.98 
589 1339.30 
590 2777.08 
591 2778.40 
592 2738.28 
593 2761.37 
594 2822.09 
595 2725.59 
596 2795.68 
597 2721.16 
598 2688.78 
599 2660.30 
600 2706.01 
601 2719.74 
602 2734.77 
603 2627.76 
604 2809.45 
605 2818.65 
606 2751.35 
607 2688.31 
608 2771.59 
609 2800.03 
610 2701.97 
611 2687.11 
612 2694.22 
613 1511.68 
614 2702.26 
615 2826.26 
616 2639.55 
617 2742.50 
618 2823.86 
619 2621.29 
620 2713.66 
621 2729.01 
622 2737.29 
623 2749.28 
624 2701.32 
625 2680.40 
626 2698.43 
627 2378.32 
628 2723.05 
629 2697.47 
630 2755.40 
631 2755.40 
632 2775.45 
633 2798.13 
634 2778.93 
635 2725.60 
636 2763.14 
637 2869.72 
638 2705.75 
639 2772.70 
640 2749.78 
641 2691.98 
642 2839.96 
643 2785.73 
644 2666.93 
645 2804.30 
646 2873.76 
647 2644.31 
648 2802.77 
649 2718.74 
650 2717.24 
651 2742.22 
652 2759.12 
653 2671.49 
654 2782.09 
655 2744.10 
656 2750.04 
657 2833.78 
658 2669.26 
659 2753.72 
660 2699.44 
661 2731.92 
662 2217.50 
663 2728.43 
664 2805.75 
665 2734.72 
666 2739.17 
667 2786.15 
668 2717.84 
669 2700.25 
670 2779.29 
671 2801.71 
672 2691.81 
673 2748.55 
674 2662.78 
675 2753.92 
676 2671.33 
677 2729.78 
678 2716.68 
679 2718.44 
680 2801.19 
681 2672.12 
682 2685.24 
683 665.27 
684 2831.38 
685 2804.29 
686 2644.31 
687 2710.68 
688 2684.53 
689 2747.88 
690 2686.34 
691 2748.04 
692 2689.11 
693 2816.64 
694 2663.51 
695 2856.17 
696 2647.03 
697 2658.85 
698 2752.32 
699 2679.44 
700 2801.72 
701 2672.42 
702 2689.93 
703 2814.56 
704 2722.21 
705 2571.10 
706 2577.17 
707 -7.15 
708 2705.37 
709 2805.10 
710 2768.98 
711 2585.40 
712 2837.06 
713 2722.42 
714 2723.42 
715 2628.25 
716 2755.18 
717 2814.34 
718 2825.23 
719 2782.48 
720 2753.92 
721 2724.93 
722 2676.32 
723 2827.39 
724 2687.81 
725 2705.90 
726 2674.61 
727 2763.20 
728 2748.01 
729 2635.06 
730 2762.96 
731 2511.23 
732 2783.27 
733 2808.03 
734 2707.41 
735 2823.69 
736 2706.09 
737 2439.43 
738 2743.68 
739 2859.21 
740 2743.76 
741 2722.55 
742 2792.04 
743 2828.44 
744 2741.32 
745 2653.35 
746 2740.87 
747 2792.07 
748 2744.48 
749 1097.12 
750 2758.57 
751 2730.44 
752 2795.73 
753 2736.80 
754 2814.54 
755 2743.68 
756 2837.78 
757 2763.29 
758 2732.87 
759 2731.16 
760 2725.14 
761 2797.78 
762 2771.77 
763 2627.89 
764 2848.65 
765 2766.19 
766 2660.82 
767 2578.47 
768 2739.49 
769 2764.44 
770 2745.90 
771 267.30 
772 2725.07 
773 2580.52 
774 2492.29 
775 2719.13 
776 2202.33 
777 2659.44 
778 2689.20 
779 2737.97 
780 2809.66 
781 2661.16 
782 2801.25 
783 2758.07 
784 2663.97 
785 2719.55 
786 2787.46 
787 2706.28 
788 2695.51 
789 2745.45 
790 2577.41 
791 2764.63 
792 2797.64 
793 2680.36 
794 2699.45 
795 2178.75 
796 2752.72 
797 2742.40 
798 2677.28 
799 2679.05 
800 2760.57 
801 2648.22 
802 2179.38 
803 2624.11 
804 2790.26 
805 2628.25 
806 2777.54 
807 2737.21 
808 2778.53 
809 2827.96 
810 1070.23 
811 2711.56 
812 609.30 
813 2762.45 
814 2753.31 
815 2713.67 
816 2547.86 
817 2705.86 
818 2677.61 
819 2757.93 
820 2661.56 
821 2543.30 
822 2760.46 
823 2728.04 
824 2644.66 
825 2738.90 
826 1237.77 
827 2750.17 
828 2615.55 
829 2674.73 
830 2763.19 
831 2757.68 
832 2731.46 
833 2828.96 
834 2700.18 
835 2812.42 
836 2769.20 
837 2757.54 
838 2682.86 
839 2742.00 
840 2754.55 
841 2774.22 
842 2649.23 
843 2656.92 
844 2667.15 
845 2785.29 
846 2714.06 
847 1742.15 
848 2726.85 
849 2723.63 
850 2835.43 
851 2729.77 
852 2836.69 
853 2639.21 
854 2837.27 
855 2791.70 
856 2679.57 
857 2835.35 
858 2560.00 
859 2765.97 
860 2757.61 
861 2782.47 
862 2720.24 
863 2773.00 
864 2615.51 
865 2584.15 
866 2771.16 
867 2697.68 
868 2728.53 
869 2694.04 
870 2667.77 
871 2709.06 
872 2663.76 
873 656.92 
874 2856.47 
875 2775.89 
876 2759.29 
877 2661.06 
878 2837.55 
879 2688.62 
880 2732.63 
881 2776.82 
882 2705.83 
883 2537.24 
884 2810.98 
885 2819.56 
886 2798.92 
887 2666.92 
888 2818.90 
889 439.18 
890 2718.85 
891 2731.27 
892 2635.09 
893 2720.93 
894 2759.85 
895 2778.11 
896 2597.22 
897 2634.30 
898 2814.52 
899 2729.90 
900 2768.02 
901 1487.00 
902 2550.11 
903 2698.20 
904 2539.88 
905 2688.88 
906 2609.69 
907 2771.46 
908 2824.81 
909 2785.07 
910 2823.08 
911 2848.06 
912 2785.67 
913 2722.67 
914 2726.66 
915 2721.08 
916 2691.95 
917 2598.74 
918 2700.15 
919 2702.51 
920 2894.20 
921 2734.72 
922 2669.82 
923 2661.47 
924 2778.48 
925 2856.72 
926 2750.79 
927 2809.60 
928 2846.45 
929 2606.48 
930 2757.52 
931 2695.89 
932 1804.46 
933 2713.98 
934 2877.98 
935 2652.61 
936 2667.21 
937 2735.13 
938 2813.12 
939 2725.07 
940 2667.07 
941 2832.91 
942 2699.52 
943 2744.65 
944 2832.55 
945 2632.08 
946 2697.27 
947 2739.27 
948 2776.44 
949 2659.81 
950 2787.18 
951 2781.59 
952 2777.23 
953 2775.35 
954 2705.30 
955 2768.09 
956 2761.06 
957 2788.82 
958 2712.34 
959 2787.70 
960 2802.75 
961 2770.30 
962 2816.82 
963 2344.09 
964 2691.40 
965 2750.60 
966 2650.59 
967 2666.94 
968 2798.67 
969 2729.80 
970 2655.09 
971 2718.98 
972 2725.91 
973 2803.33 
974 2754.92 
975 2726.91 
976 2775.38 
977 2882.45 
978 2780.46 
979 2737.27 
980 2704.20 
981 2707.47 
982 2738.31 
983 2827.39 
984 2643.54 
985 2829.12 
986 2631.81 
987 2735.48 
988 2685.27 
989 2773.77 
990 2754.98 
991 2789.20 
992 2726.07 
993 2727.40 
994 2702.56 
995 2385.15 
996 2732.65 
997 2744.32 
998 2723.27 
999 2789.95 
1000 2793.83 
1001 2727.96 
1002 2699.34 
1003 257.33 
1004 2667.99 
1005 2675.80 
1006 2716.72 
1007 2770.54 
1008 2650.91 
1009 2875.95 
1010 2840.10 
1011 2771.30 
1012 1646.97 
1013 2687.76 
1014 2756.81 
1015 2799.90 
1016 2733.54 
0 2705.13 
1 2611.54 
2 2831.31 
3 2603.76 
4 2321.31 
5 2774.50 
6 2880.16 
7 2670.92 
8 2795.73 
9 2750.11 
10 2666.35 
11 2837.28 
12 2676.45 
13 2736.92 
14 2828.68 
15 2844.97 
16 2621.34 
17 2765.04 
18 2740.16 
19 2879.37 
20 2792.12 
21 1296.17 
22 2782.80 
23 2807.03 
24 2596.87 
25 2717.30 
26 2283.32 
27 2682.53 
28 2724.34 
29 2185.31 
30 2697.09 
31 2887.10 
32 2663.60 
33 2737.47 
34 2787.45 
35 2821.02 
36 2622.17 
37 194.67 
38 2753.27 
39 1750.15 
40 2593.95 
41 2695.67 
42 2762.42 
43 2791.25 
44 2838.92 
45 2843.14 
46 2654.71 
47 2732.42 
48 2734.76 
49 2755.51 
50 2566.73 
51 2717.60 
52 2737.01 
53 1192.38 
54 2638.34 
55 2738.74 
56 2701.24 
57 2779.49 
58 2760.15 
59 2864.96 
60 2656.55 
61 2701.22 
62 2647.08 
63 2720.06 
64 2669.57 
65 2676.27 
66 2803.51 
67 2749.01 
68 2792.87 
69 2721.87 
70 2528.63 
71 2719.48 
72 2588.34 
73 2822.49 
74 2696.58 
75 2715.63 
76 2700.49 
77 2731.66 
78 2841.93 
79 2674.85 
80 2695.06 
81 2762.58 
82 2715.71 
83 2785.73 
84 2630.74 
85 2746.07 
86 2677.76 
87 422.21 
88 2761.98 
89 2672.34 
90 2705.23 
91 912.84 
92 2714.96 
93 2700.14 
94 2711.06 
95 2762.51 
96 2758.08 
97 2753.64 
98 2293.32 
99 2760.59 
100 2664.73 
101 2653.49 
102 1112.88 
103 2627.54 
104 2642.00 
105 2674.23 
106 2696.29 
107 2811.85 
108 2628.62 
109 2746.36 
110 2934.37 
111 2786.18 
112 2552.13 
113 2774.92 
114 2667.11 
115 2692.11 
116 2955.11 
117 2807.13 
118 2728.22 
119 2836.73 
120 2851.49 
121 2788.67 
122 588.11 
123 2808.35 
124 2838.67 
125 2746.23 
126 2833.86 
127 2786.10 
128 2690.07 
129 2706.95 
130 2812.88 
131 2687.24 
132 2699.34 
133 2535.19 
134 2844.52 
135 2708.37 
136 2681.59 
137 2672.75 
138 1303.96 
139 2820.66 
140 2811.15 
141 2684.88 
142 2721.82 
143 2825.37 
144 2620.97 
145 2767.55 
146 2708.14 
147 2769.09 
148 2785.59 
149 2741.21 
150 2690.39 
151 2817.96 
152 2713.89 
153 2591.79 
154 2716.05 
155 2721.80 
156 2635.28 
157 2691.82 
158 2704.04 
159 2744.85 
160 2071.24 
161 2697.43 
162 2647.38 
163 2653.81 
164 2330.97 
165 2671.05 
166 2615.29 
167 2681.06 
168 2645.54 
169 2856.60 
170 2836.89 
171 2766.78 
172 2555.34 
173 2832.67 
174 2698.07 
175 2774.28 
176 2700.21 
177 2597.64 
178 2762.61 
179 2813.13 
180 2675.76 
181 2732.18 
182 2643.20 
183 2705.49 
184 2350.46 
185 1149.72 
186 2692.97 
187 2727.03 
188 2651.82 
189 2755.88 
190 2715.84 
191 2798.17 
192 2771.89 
193 2755.64 
194 2783.03 
195 2695.47 
196 2690.93 
197 2835.42 
198 2718.77 
199 2738.78 
200 2721.38 
201 1994.47 
202 2684.88 
203 2753.24 
204 2687.05 
205 2668.86 
206 2794.87 
207 2899.11 
208 2656.89 
209 2762.90 
210 2769.57 
211 2740.69 
212 2711.86 
213 2735.35 
214 2733.81 
215 2812.31 
216 2760.09 
217 2657.35 
218 2753.39 
219 2793.40 
220 2245.60 
221 2737.86 
222 2852.92 
223 2906.91 
224 2709.13 
225 2678.36 
226 2609.68 
227 2798.90 
228 2887.80 
229 2830.16 
230 2746.34 
231 2785.05 
232 2719.90 
233 2764.97 
234 2694.03 
235 2727.71 
236 2778.27 
237 2663.44 
238 2657.04 
239 2786.15 
240 2728.10 
241 2667.47 
242 2750.36 
243 2853.38 
244 2717.94 
245 2688.89 
246 2745.98 
247 2719.57 
248 2755.36 
249 2669.63 
250 1530.00 
251 2868.77 
252 2792.65 
253 2752.84 
254 2709.47 
255 2810.52 
256 2457.95 
257 2772.22 
258 2741.43 
259 2838.63 
260 2763.99 
261 2775.29 
262 2740.43 
263 2800.84 
264 2838.62 
265 1608.32 
266 184.43 
267 2728.63 
268 2682.09 
269 2730.86 
270 2736.96 
271 2742.92 
272 2695.63 
273 2652.30 
274 2591.72 
275 2772.18 
276 2729.93 
277 2700.02 
278 2732.41 
279 493.63 
280 2819.90 
281 2609.69 
282 2799.27 
283 2751.51 
284 2895.53 
285 2848.12 
286 2827.22 
287 2832.57 
288 2772.73 
289 2732.77 
290 2797.58 
291 2865.84 
292 2797.02 
293 2766.60 
294 2736.08 
295 2669.43 
296 2781.62 
297 2802.20 
298 2757.60 
299 2763.11 
300 2769.41 
301 2668.37 
302 2589.95 
303 2673.25 
304 2767.33 
305 2609.79 
306 2704.44 
307 2662.60 
308 2731.12 
309 2582.59 
310 2644.09 
311 2736.32 
312 2730.26 
313 2770.33 
314 1841.94 
315 2725.41 
316 2657.63 
317 2781.73 
318 2752.91 
319 2740.73 
320 2667.66 
321 2774.19 
322 2732.05 
323 2629.00 
324 2784.21 
325 2753.45 
326 2816.88 
327 2676.19 
328 2803.19 
329 2749.66 
330 2788.55 
331 2638.38 
332 2835.47 
333 2803.16 
334 2788.80 
335 2623.87 
336 2774.37 
337 2700.52 
338 2594.50 
339 2626.16 
340 2533.70 
341 2756.63 
342 2770.80 
343 2853.72 
344 2765.35 
345 2779.00 
346 2756.39 
347 2771.36 
348 259.72 
349 2668.95 
350 2767.02 
351 2726.54 
352 2789.31 
353 2800.17 
354 2610.71 
355 2746.97 
356 2673.15 
357 2670.73 
358 2709.91 
359 2777.66 
360 2723.05 
361 2756.89 
362 2722.69 
363 2728.56 
364 2694.77 
365 2629.15 
366 2779.49 
367 2743.65 
368 2779.11 
369 2697.34 
370 2753.66 
371 2702.40 
372 1362.82 
373 2761.81 
374 2780.29 
375 2833.23 
376 2652.22 
377 1687.16 
378 2737.17 
379 2656.86 
380 2800.61 
381 2690.86 
382 2719.18 
383 2638.33 
384 2685.18 
385 2671.94 
386 2839.75 
387 2730.41 
388 1367.12 
389 2648.79 
390 2777.91 
391 2709.44 
392 2548.13 
393 2673.81 
394 2848.24 
395 2591.36 
396 2846.46 
397 2700.43 
398 2750.47 
399 2769.17 
400 2726.21 
401 2785.98 
402 2643.48 
403 2296.62 
404 2723.61 
405 2791.89 
406 2750.65 
407 2834.26 
408 2757.75 
409 2831.27 
410 2723.49 
411 2697.45 
412 2662.25 
413 2763.89 
414 2690.55 
415 2778.77 
416 2759.18 
417 2886.08 
418 2776.76 
419 2669.21 
420 2786.11 
421 2874.88 
422 2750.04 
423 2746.45 
424 2809.52 
425 2564.22 
426 2848.37 
427 2609.05 
428 2731.73 
429 2676.59 
430 2748.36 
431 211.96 
432 2658.88 
433 2721.90 
434 2773.12 
435 2698.02 
436 2855.56 
437 2760.24 
438 2814.36 
439 2775.45 
440 2709.37 
441 2710.90 
442 2763.15 
443 2742.69 
444 2867.34 
445 2741.80 
446 2652.75 
447 2737.92 
448 2705.11 
449 2763.95 
450 2703.46 
451 2742.85 
452 2771.12 
453 2519.21 
454 2768.83 
455 2728.83 
456 2729.17 
457 1666.39 
458 2700.94 
459 2708.82 
460 591.47 
461 2730.26 
462 2721.63 
463 2704.68 
464 2673.09 
465 2653.24 
466 2802.66 
467 2784.28 
468 2762.11 
469 2821.54 
470 2751.81 
471 2718.95 
472 2681.60 
473 2710.87 
474 2601.81 
475 2748.18 
476 2746.94 
477 2683.72 
478 2685.22 
479 2621.47 
480 2693.08 
481 2752.36 
482 2686.34 
483 2811.25 
484 2661.30 
485 2681.39 
486 2779.73 
487 898.52 
488 2742.40 
489 2607.99 
490 2831.88 
491 2779.58 
492 2744.99 
493 2745.21 
494 2754.17 
495 2745.38 
496 2673.86 
497 2682.67 
498 2731.71 
499 2730.01 
500 2688.40 
501 2712.35 
502 2699.91 
503 2634.49 
504 2629.46 
505 2773.25 
506 2731.49 
507 2773.13 
508 2744.79 
509 2757.00 
510 2689.44 
511 2725.36 
512 2812.45 
513 2630.04 
514 2726.20 
515 2782.03 
516 2768.29 
517 2752.02 
518 2820.58 
519 2695.59 
520 2745.92 
521 2675.08 
522 2788.38 
523 2821.48 
524 2742.16 
525 2743.35 
526 2699.94 
527 2799.15 
528 2777.57 
529 2740.43 
530 2594.03 
531 271.53 
532 2712.17 
533 2716.85 
534 2762.34 
535 2872.05 
536 2731.09 
537 2840.55 
538 2748.54 
539 2759.46 
540 2809.05 
541 2740.76 
542 2863.49 
543 2810.82 
544 2806.78 
545 2779.91 
546 2746.77 
547 2770.17 
548 2765.43 
549 2899.60 
550 2698.08 
551 2638.96 
552 2703.08 
553 2734.02 
554 2813.11 
555 2709.24 
556 2788.60 
557 2771.02 
558 2690.90 
559 2629.23 
560 2787.07 
561 2759.05 
562 2686.77 
563 2634.12 
564 2694.99 
565 2631.32 
566 2800.57 
567 341.52 
568 2794.69 
569 2718.03 
570 2681.47 
571 2662.65 
572 2729.54 
573 2838.86 
574 2691.35 
575 2752.02 
576 2823.93 
577 813.10 
578 2762.73 
579 2782.80 
580 2741.84 
581 2664.82 
582 1280.62 
583 2709.15 
584 2872.53 
585 2818.59 
586 2822.51 
587 2709.22 
588 2745.90 
589 2806.57 
590 2794.02 
591 2867.98 
592 2781.14 
593 2784.66 
594 2735.92 
595 2769.16 
596 2770.93 
597 2835.16 
598 2695.10 
599 2450.82 
600 2646.58 
601 2708.92 
602 2871.38 
603 2813.23 
604 2732.89 
605 2622.68 
606 2766.74 
607 2686.32 
608 2486.12 
609 2692.48 
610 2742.55 
611 2821.26 
612 2824.77 
613 2745.18 
614 2793.91 
615 2928.88 
616 2895.61 
617 2686.20 
618 2749.89 
619 2812.78 
620 2726.29 
621 2811.93 
622 2574.63 
623 2693.98 
624 2790.06 
625 2707.64 
626 2787.49 
627 2788.73 
628 2729.57 
629 2608.38 
630 2763.57 
631 2598.33 
632 2652.08 
633 2678.59 
634 2792.37 
635 2770.69 
636 2852.85 
637 2831.07 
638 2758.74 
639 2833.60 
640 2629.21 
641 2736.13 
642 2698.16 
643 2716.27 
644 2829.61 
645 2727.90 
646 2752.42 
647 2756.47 
648 2698.22 
649 2694.28 
650 2645.24 
651 2784.87 
652 2519.54 
653 2747.73 
654 2681.18 
655 2839.20 
656 2721.45 
657 2789.87 
658 2712.70 
659 2792.30 
660 2786.42 
661 2817.23 
662 1448.01 
663 2706.47 
664 2703.38 
665 2728.34 
666 2722.85 
667 2675.64 
668 2669.54 
669 2884.95 
670 2757.86 
671 2829.75 
672 2850.58 
673 2716.77 
674 2740.33 
675 2817.24 
676 2757.37 
677 2649.51 
678 2699.33 
679 2797.14 
680 2645.73 
681 2766.33 
682 2810.84 
683 2752.52 
684 2604.57 
685 2874.01 
686 2729.21 
687 2846.53 
688 2775.09 
689 2827.06 
690 2707.02 
691 2719.22 
692 2762.05 
693 1466.40 
694 2662.01 
695 2758.10 
696 2824.66 
697 2663.18 
698 2784.29 
699 2680.63 
700 2822.74 
701 2792.55 
702 2775.40 
703 2869.62 
704 2837.09 
705 2641.29 
706 2790.59 
707 2916.81 
708 2734.81 
709 2642.53 
710 1891.90 
711 2781.27 
712 2764.97 
713 2719.53 
714 2745.28 
715 2853.70 
716 545.46 
717 2727.73 
718 2739.96 
719 2753.58 
720 2789.71 
721 2759.48 
722 2701.74 
723 2403.67 
724 2775.19 
725 2580.32 
726 2789.65 
727 585.66 
728 2728.35 
729 2633.17 
730 2703.90 
731 2683.12 
732 2697.32 
733 2686.68 
734 2773.88 
735 2790.18 
736 2691.18 
737 2751.29 
738 2772.07 
739 2914.82 
740 2749.74 
741 2887.06 
742 2759.37 
743 2800.32 
744 2727.69 
745 2737.62 
746 2535.58 
747 2731.63 
748 2679.53 
749 2673.63 
750 2751.54 
751 2792.82 
752 2801.21 
753 2687.67 
754 2827.81 
755 2890.84 
756 2795.73 
757 2058.24 
758 2643.92 
759 2642.61 
760 2635.64 
761 2845.88 
762 2755.98 
763 2719.96 
764 2629.62 
765 2727.70 
766 2647.13 
767 2729.16 
768 2773.60 
769 2586.16 
770 2824.92 
771 2733.47 
772 2859.25 
773 2865.13 
774 319.13 
775 2757.16 
776 2719.89 
777 2860.42 
778 2789.45 
779 2675.66 
780 2842.85 
781 2710.14 
782 2624.22 
783 2759.81 
784 2690.29 
785 2724.01 
786 2747.69 
787 2282.23 
788 2760.44 
789 2680.97 
790 2782.88 
791 2717.21 
792 2774.62 
793 2746.34 
794 2682.40 
795 2656.37 
796 2863.24 
797 2866.78 
798 2780.20 
799 2655.05 
800 2709.20 
801 2756.82 
802 2744.50 
803 2804.87 
804 2653.55 
805 2728.25 
806 2690.40 
807 2772.01 
808 2671.59 
809 2657.19 
810 2682.41 
811 2698.44 
812 2636.71 
813 784.83 
814 2815.76 
815 2784.37 
816 2674.19 
817 2725.06 
818 2704.55 
819 2750.70 
820 2720.60 
821 2662.14 
822 938.75 
823 2759.17 
824 2832.22 
825 2773.35 
826 2604.23 
827 2689.04 
828 2752.63 
829 2881.93 
830 2761.58 
831 2742.46 
832 2728.06 
833 1781.73 
834 2744.02 
835 2741.52 
836 2671.56 
837 2685.26 
838 2827.58 
839 2670.70 
840 2678.30 
841 2776.32 
842 2860.25 
843 2703.71 
844 2701.96 
845 2768.79 
846 2837.92 
847 2642.43 
848 2791.62 
849 2753.64 
850 2478.43 
851 2656.86 
852 2825.17 
853 2661.25 
854 2608.31 
855 2621.80 
856 2719.20 
857 2799.12 
858 2654.38 
859 2791.55 
860 2690.23 
861 2682.51 
862 2662.23 
863 2701.05 
864 1282.59 
865 2713.98 
866 2805.08 
867 2694.52 
868 2783.95 
869 2842.73 
870 2786.57 
871 2774.00 
872 2780.64 
873 2844.59 
874 2722.56 
875 2777.37 
876 2808.67 
877 2778.59 
878 2632.66 
879 2711.01 
880 2731.70 
881 2784.34 
882 2663.78 
883 2747.88 
884 2594.89 
885 2711.88 
886 2603.55 
887 2753.19 
888 1180.68 
889 2717.07 
890 2826.93 
891 2783.77 
892 2619.87 
893 2700.94 
894 2658.81 
895 2658.53 
896 2724.59 
897 2772.05 
898 2754.83 
899 2686.39 
900 2750.16 
901 2761.67 
902 2741.76 
903 2624.49 
904 2875.30 
905 2788.52 
906 2794.69 
907 2694.01 
908 2876.89 
909 2753.72 
910 2755.30 
911 2555.82 
912 2705.39 
913 2666.67 
914 2711.52 
915 2698.86 
916 2833.35 
917 2860.51 
918 2798.53 
919 2670.39 
920 2736.92 
921 2728.09 
922 2750.56 
923 2746.70 
924 2636.70 
925 2772.77 
926 2700.10 
927 2688.99 
928 937.35 
929 2736.99 
930 2763.51 
931 2741.77 
932 2696.28 
933 2786.47 
934 2785.75 
935 2681.01 
936 2728.33 
937 2738.36 
938 2846.51 
939 2712.50 
940 2670.77 
941 2775.13 
942 2624.22 
943 2695.13 
944 2635.40 
945 2772.28 
946 2717.69 
947 2806.46 
948 2745.61 
949 2668.37 
950 2714.21 
951 2754.53 
952 2774.73 
953 2761.70 
954 2668.75 
955 2752.48 
956 2571.10 
957 2764.32 
958 2721.45 
959 2769.94 
960 2678.75 
961 2692.48 
962 2782.03 
963 2868.14 
964 2661.07 
965 2800.44 
966 2790.64 
967 2793.84 
968 2775.05 
969 2768.24 
970 2690.92 
971 2752.16 
972 2780.61 
973 2766.87 
974 2632.58 
975 2711.88 
976 2797.84 
977 2788.51 
978 2675.30 
979 2827.80 
980 2813.37 
981 2805.62 
982 2698.12 
983 2863.11 
984 2776.95 
985 2788.25 
986 2712.11 
987 2640.86 
988 2755.62 
989 2849.78 
990 2789.36 
991 2824.56 
992 2664.04 
993 2741.54 
994 2712.45 
995 2834.27 
996 2649.37 
997 2626.46 
998 2623.71 
999 2713.71 
1000 2707.08 
1001 2675.65 
1002 2726.57 
1003 2802.01 
1004 2796.60 
1005 2648.69 
1006 2697.56 
1007 2577.51 
1008 2698.08 
1009 2869.36 
1010 2753.08 
1011 2534.25 
1012 2823.61 
1013 2764.24 
1014 2757.99 
1015 2665.02 
0 2697.99 
1 2760.66 
2 2714.56 
3 2703.35 
4 2767.53 
5 2733.64 
6 2713.13 
7 2687.77 
8 2753.55 
9 2694.80 
10 2547.11 
11 2768.37 
12 2778.04 
13 2751.63 
14 2737.73 
15 2815.11 
16 2835.35 
17 2804.10 
18 2675.89 
19 2642.62 
20 2783.79 
21 2775.65 
22 2745.87 
23 2795.94 
24 2228.08 
25 2793.56 
26 2704.62 
27 2740.95 
28 2788.32 
29 2688.56 
30 2714.57 
31 2824.81 
32 2778.86 
33 2716.50 
34 2795.73 
35 2813.33 
36 2686.66 
37 2779.58 
38 2662.57 
39 1431.72 
40 2809.60 
41 2835.75 
42 2799.74 
43 2705.97 
44 2717.07 
45 2653.08 
46 2575.77 
47 2832.12 
48 2818.44 
49 2877.70 
50 2801.63 
51 2687.49 
52 458.02 
53 2656.87 
54 2714.46 
55 2858.30 
56 2754.00 
57 2837.14 
58 2786.45 
59 2618.78 
60 2860.46 
61 2618.18 
62 2792.99 
63 2666.18 
64 2792.83 
65 2463.99 
66 2739.61 
67 2698.51 
68 2737.46 
69 2736.00 
70 2824.82 
71 2752.74 
72 2662.04 
73 2611.28 
74 2694.15 
75 2774.42 
76 2913.09 
77 2794.51 
78 2625.61 
79 2760.59 
80 2640.26 
81 2812.60 
82 2670.56 
83 2714.95 
84 2822.89 
85 2682.71 
86 2794.29 
87 2795.33 
88 2642.84 
89 2706.21 
90 2743.35 
91 2829.80 
92 2759.46 
93 2774.52 
94 2847.87 
95 2683.07 
96 2807.87 
97 2830.50 
98 2752.18 
99 2793.76 
100 2780.06 
101 2771.89 
102 2859.14 
103 2888.67 
104 2715.16 
105 2885.20 
106 2768.43 
107 2883.89 
108 2818.69 
109 2835.16 
110 2830.22 
111 2815.32 
112 2526.17 
113 2704.84 
114 2773.45 
115 2706.72 
116 2752.95 
117 2739.16 
118 2803.63 
119 2830.73 
120 2738.76 
121 2753.77 
122 2805.02 
123 2792.27 
124 2591.08 
125 2797.32 
126 2727.95 
127 2735.27 
128 2773.29 
129 2794.65 
130 2778.12 
131 2835.14 
132 2622.29 
133 2766.31 
134 2749.08 
135 2662.50 
136 2745.98 
137 2828.79 
138 2739.11 
139 2605.73 
140 2809.43 
141 2766.44 
142 2827.97 
143 2775.59 
144 2600.79 
145 2776.32 
146 2661.08 
147 2704.45 
148 2717.08 
149 2690.93 
150 2884.42 
151 2719.43 
152 2673.26 
153 2739.17 
154 2821.21 
155 2757.05 
156 2673.88 
157 2825.85 
158 2850.45 
159 2793.92 
160 2779.75 
161 2860.67 
162 2745.63 
163 2763.19 
164 2805.93 
165 2908.47 
166 2601.20 
167 2784.40 
168 2694.13 
169 2815.31 
170 2748.78 
171 2704.32 
172 2763.98 
173 2750.51 
174 2756.82 
175 2731.16 
176 2593.31 
177 2803.62 
178 2682.29 
179 2739.36 
180 2576.03 
181 2741.06 
182 2689.93 
183 2799.49 
184 2912.47 
185 2874.82 
186 2818.83 
187 2747.18 
188 2809.01 
189 2648.39 
190 2802.65 
191 2836.74 
192 2754.68 
193 2822.40 
194 2761.76 
195 2830.84 
196 2697.61 
197 2653.72 
198 2827.96 
199 2764.71 
200 2693.49 
201 2783.85 
202 2748.74 
203 2712.12 
204 2723.02 
205 2656.78 
206 2585.37 
207 2734.27 
208 2831.25 
209 2691.18 
210 2744.89 
211 2558.18 
212 2726.07 
213 2713.15 
214 2756.02 
215 2621.86 
216 2730.17 
217 2726.22 
218 2717.84 
219 2803.01 
220 2612.15 
221 2545.42 
222 2750.63 
223 2562.73 
224 2525.72 
225 2743.40 
226 2806.54 
227 2649.22 
228 2672.11 
229 2677.15 
230 2774.34 
231 2721.10 
232 2575.29 
233 2748.47 
234 2777.84 
235 2799.54 
236 2737.15 
237 2765.65 
238 2637.96 
239 1219.05 
240 2677.09 
241 2651.65 
242 2758.24 
243 2712.31 
244 2073.60 
245 2757.73 
246 2653.41 
247 2774.22 
248 2710.98 
249 2566.57 
250 2739.45 
251 2834.92 
252 2813.22 
253 2716.24 
254 2771.35 
255 2010.25 
256 2596.71 
257 2755.93 
258 2733.15 
259 2681.44 
260 2685.16 
261 2629.71 
262 2733.01 
263 2789.66 
264 2829.67 
265 2848.15 
266 2531.97 
267 2793.79 
268 98.86 
269 2674.65 
270 2686.70 
271 2843.15 
272 2583.88 
273 2698.51 
274 2872.03 
275 2707.54 
276 2801.44 
277 2694.66 
278 2739.51 
279 2783.18 
280 2769.73 
281 2668.71 
282 2747.28 
283 2778.17 
284 2779.36 
285 2682.85 
286 2797.62 
287 2685.64 
288 2780.05 
289 2815.53 
290 2790.42 
291 2737.66 
292 2621.70 
293 2716.82 
294 2722.93 
295 2800.94 
296 2740.39 
297 2724.16 
298 2807.92 
299 2801.94 
300 2722.42 
301 2816.26 
302 2690.72 
303 2857.89 
304 1315.97 
305 2701.07 
306 2872.27 
307 2761.97 
308 2616.97 
309 2786.25 
310 2776.66 
311 2783.48 
312 2650.77 
313 2779.62 
314 2811.80 
315 2651.36 
316 2722.31 
317 2761.34 
318 2804.23 
319 423.11 
320 2654.34 
321 2846.01 
322 2786.03 
323 2671.88 
324 2643.89 
325 2770.96 
326 2669.79 
327 2791.58 
328 2848.35 
329 2776.28 
330 2586.33 
331 602.54 
332 2763.98 
333 2675.44 
334 2618.27 
335 2795.05 
336 2743.59 
337 2801.42 
338 2776.91 
339 2757.88 
340 2733.22 
341 2752.80 
342 2715.01 
343 2643.13 
344 2755.27 
345 2788.27 
346 2743.22 
347 1086.19 
348 2825.41 
349 2771.30 
350 2756.84 
351 2788.18 
352 2684.44 
353 2747.17 
354 2665.49 
355 2875.41 
356 2642.12 
357 2825.99 
358 2662.11 
359 2675.05 
360 2690.40 
361 2629.76 
362 770.39 
363 2766.10 
364 2674.74 
365 2714.10 
366 2705.75 
367 2697.09 
368 2794.86 
369 2646.07 
370 2703.33 
371 2794.01 
372 2858.12 
373 2759.41 
374 2716.16 
375 2858.51 
376 2630.15 
377 2663.85 
378 2789.57 
379 2752.23 
380 2767.29 
381 2784.25 
382 2716.29 
383 2716.19 
384 2663.61 
385 2800.11 
386 2754.29 
387 2667.59 
388 2767.87 
389 2692.03 
390 2657.39 
391 346.90 
392 2666.28 
393 2750.84 
394 2848.33 
395 2600.64 
396 2764.81 
397 2701.26 
398 2808.98 
399 2868.99 
400 2776.22 
401 2677.14 
402 2721.41 
403 2787.09 
404 2639.27 
405 2740.94 
406 2741.59 
407 2728.45 
408 2617.25 
409 2832.71 
410 2759.29 
411 2744.05 
412 2764.04 
413 2725.48 
414 2671.24 
415 2723.67 
416 2777.56 
417 2654.52 
418 2666.99 
419 2704.69 
420 2811.84 
421 2701.76 
422 2659.63 
423 2745.88 
424 2729.57 
425 2574.90 
426 2764.27 
427 2716.96 
428 2704.02 
429 2813.94 
430 2792.89 
431 2769.78 
432 2751.28 
433 2775.14 
434 2798.63 
435 2871.43 
436 2711.59 
437 2820.19 
438 2754.58 
439 2821.09 
440 2829.25 
441 2734.09 
442 2788.06 
443 2743.33 
444 2762.45 
445 2670.07 
446 2749.32 
447 2780.29 
448 2784.23 
449 2745.72 
450 2686.12 
451 124.64 
452 2649.60 
453 2793.18 
454 2630.45 
455 2639.23 
456 2764.58 
457 2768.30 
458 2846.17 
459 2720.58 
460 2754.75 
461 2782.87 
462 2698.03 
463 2656.04 
464 2718.38 
465 2797.14 
466 2830.56 
467 1147.59 
468 2728.18 
469 2830.93 
470 2754.30 
471 2787.32 
472 2654.55 
473 2778.88 
474 2872.67 
475 2754.99 
476 2808.87 
477 2769.21 
478 2794.28 
479 2760.69 
480 2690.81 
481 2796.78 
482 2671.20 
483 2708.48 
484 2705.52 
485 2605.48 
486 2686.43 
487 2679.17 
488 2698.08 
489 2644.79 
490 2854.61 
491 2742.98 
492 2737.46 
493 2799.81 
494 2747.92 
495 2728.47 
496 2653.62 
497 2681.79 
498 2627.01 
499 2847.16 
500 2698.39 
501 2665.13 
502 2769.52 
503 2646.59 
504 2844.29 
505 2628.15 
506 2740.24 
507 2578.35 
508 2675.18 
509 2611.75 
510 2728.90 
511 2862.03 
512 2738.52 
513 2741.55 
514 2855.83 
515 2790.42 
516 2765.72 
517 953.68 
518 2713.96 
519 2759.78 
520 2628.37 
521 2868.89 
522 2636.56 
523 2755.17 
524 2747.34 
525 2720.83 
526 2759.89 
527 140.51 
528 2810.05 
529 2854.41 
530 2759.18 
531 2733.29 
532 2805.09 
533 2685.72 
534 2610.47 
535 2832.47 
536 2731.11 
537 2781.00 
538 2827.59 
539 2849.12 
540 2635.15 
541 2685.59 
542 2727.39 
543 2753.40 
544 2712.87 
545 2718.58 
546 2652.46 
547 2815.05 
548 2677.97 
549 2767.12 
550 2675.45 
551 2802.74 
552 2746.87 
553 2758.81 
554 2622.52 
555 2821.97 
556 2787.11 
557 2678.03 
558 1370.77 
559 2836.91 
560 2700.05 
561 2753.46 
562 2719.95 
563 2777.29 
564 2727.68 
565 2812.88 
566 2791.75 
567 2474.62 
568 2744.29 
569 2751.04 
570 2600.52 
571 2637.53 
572 2748.32 
573 2706.52 
574 2798.43 
575 2777.07 
576 2752.02 
577 2688.99 
578 2695.60 
579 2761.59 
580 2727.70 
581 2773.59 
582 2716.12 
583 2745.69 
584 2641.72 
585 2620.66 
586 2648.48 
587 2597.45 
588 2763.21 
589 2779.58 
590 2597.54 
591 2770.48 
592 2703.58 
593 2717.25 
594 2827.46 
595 2811.85 
596 2694.89 
597 2731.06 
598 2655.30 
599 2885.28 
600 2775.45 
601 2120.48 
602 2637.62 
603 2763.59 
604 2789.46 
605 2611.82 
606 2747.84 
607 2772.03 
608 2746.48 
609 831.39 
610 2682.06 
611 2624.80 
612 2801.25 
613 2723.69 
614 2802.55 
615 2776.48 
616 2736.98 
617 2765.08 
618 2691.68 
619 2724.30 
620 2702.61 
621 2699.48 
622 2661.44 
623 2762.07 
624 2739.41 
625 2750.47 
626 2797.47 
627 2817.76 
628 2771.55 
629 2685.32 
630 2669.28 
631 2668.74 
632 2692.74 
633 2785.84 
634 2782.65 
635 2705.16 
636 2836.05 
637 2611.93 
638 2613.92 
639 2819.92 
640 2693.71 
641 2752.24 
642 2661.22 
643 2725.81 
644 2670.17 
645 2590.75 
646 2788.56 
647 2637.69 
648 2814.69 
649 2861.32 
650 2838.08 
651 2779.21 
652 2764.96 
653 2657.99 
654 2820.81 
655 2638.07 
656 2686.31 
657 2611.73 
658 875.56 
659 2712.46 
660 2711.79 
661 2723.23 
662 2719.22 
663 2704.34 
664 2604.64 
665 2701.45 
666 2763.51 
667 2748.23 
668 2706.08 
669 2734.31 
670 2766.95 
671 2767.28 
672 2681.17 
673 2793.47 
674 2772.03 
675 2819.37 
676 2682.17 
677 2683.51 
678 2654.03 
679 2657.74 
680 2740.39 
681 2719.62 
682 2789.77 
683 2772.37 
684 2618.04 
685 2823.13 
686 2601.25 
687 2754.40 
688 2825.09 
689 2696.52 
690 2740.48 
691 2926.93 
692 2806.29 
693 2769.51 
694 2788.15 
695 2668.68 
696 2781.88 
697 2759.68 
698 2783.96 
699 2794.39 
700 2756.25 
701 2847.66 
702 2811.73 
703 2868.32 
704 2786.54 
705 2720.83 
706 2708.46 
707 2716.53 
708 2864.37 
709 2733.75 
710 2643.23 
711 2891.79 
712 2750.55 
713 2705.78 
714 2741.03 
715 2697.58 
716 2629.31 
717 2744.39 
718 2757.60 
719 2925.31 
720 2698.05 
721 2773.45 
722 2662.78 
723 2822.60 
724 2730.17 
725 2612.17 
726 2758.53 
727 2731.02 
728 2765.46 
729 2741.46 
730 2565.17 
731 2686.11 
732 2894.20 
733 2759.43 
734 2746.28 
735 2756.24 
736 2762.95 
737 2805.91 
738 2873.46 
739 2808.94 
740 225.43 
741 2737.76 
742 2674.66 
743 2923.45 
744 2712.29 
745 2690.06 
746 2693.90 
747 2780.37 
748 2739.46 
749 1121.00 
750 2810.01 
751 2777.79 
752 2764.74 
753 617.95 
754 2742.96 
755 2804.98 
756 2841.16 
757 2730.20 
758 2854.23 
759 2808.99 
760 2829.28 
761 2803.88 
762 2756.48 
763 2731.37 
764 2774.42 
765 2763.42 
766 2660.30 
767 2802.73 
768 2690.50 
769 2846.07 
770 2655.82 
771 1333.93 
772 2698.53 
773 2742.33 
774 2818.65 
775 2801.18 
776 2780.50 
777 2656.70 
778 2785.62 
779 2759.30 
780 2810.89 
781 2801.60 
782 1606.35 
783 2136.67 
784 2675.94 
785 2734.00 
786 2703.86 
787 2732.78 
788 2685.30 
789 2797.45 
790 2679.55 
791 2818.21 
792 2722.00 
793 2754.97 
794 2787.64 
795 2733.52 
796 2801.93 
797 2633.94 
798 2760.76 
799 2716.46 
800 2803.78 
801 2824.76 
802 2679.35 
803 2767.52 
804 2796.39 
805 2805.66 
806 2785.50 
807 2651.91 
808 2747.84 
809 2841.24 
810 2782.56 
811 2872.32 
812 2656.26 
813 2644.58 
814 2731.48 
815 2698.58 
816 2834.37 
817 2666.94 
818 2732.57 
819 2779.90 
820 2725.90 
821 2696.73 
822 2748.49 
823 2736.33 
824 2653.04 
825 542.70 
826 2803.60 
827 2519.70 
828 2556.81 
829 2725.57 
830 2761.22 
831 2764.62 
832 2750.19 
833 2827.44 
834 2714.97 
835 2804.62 
836 2732.49 
837 2719.83 
838 2697.13 
839 2763.28 
840 2683.98 
841 2721.28 
842 2641.43 
843 2786.16 
844 2798.14 
845 2719.49 
846 2638.77 
847 2700.85 
848 2755.28 
849 2762.36 
850 2776.69 
851 2669.16 
852 2800.99 
853 2730.21 
854 2754.36 
855 2592.35 
856 2748.10 
857 2812.06 
858 2681.00 
859 2887.90 
860 2820.09 
861 2713.82 
862 2745.34 
863 2903.67 
864 2691.64 
865 2776.66 
866 2814.72 
867 2704.48 
868 2680.55 
869 2722.65 
870 2678.29 
871 2756.83 
872 2751.73 
873 2729.95 
874 2772.00 
875 2667.83 
876 2516.84 
877 2828.73 
878 2846.10 
879 128.54 
880 2768.39 
881 2711.71 
882 2693.34 
883 2767.55 
884 2707.28 
885 2691.93 
886 2718.71 
887 2709.93 
888 2708.72 
889 2788.87 
890 2612.09 
891 2718.72 
892 2700.82 
893 2745.91 
894 2742.43 
895 2821.36 
896 2788.82 
897 2768.75 
898 2735.42 
899 2847.82 
900 2657.32 
901 2765.16 
902 2849.98 
903 2820.00 
904 1381.45 
905 2773.63 
906 2866.14 
907 2679.38 
908 2726.81 
909 2619.38 
910 2844.76 
911 2810.06 
912 2783.76 
913 1675.81 
914 2605.19 
915 2745.03 
916 2642.38 
917 2731.35 
918 2779.06 
919 2781.67 
920 2817.20 
921 2843.19 
922 280.56 
923 2708.73 
924 2764.58 
925 2786.47 
926 2709.05 
927 2772.51 
928 2705.38 
929 2700.51 
930 2769.47 
931 2736.86 
932 2714.24 
933 2757.58 
934 2745.67 
935 2596.10 
936 2709.94 
937 -137.17 
938 2815.36 
939 2709.39 
940 2786.21 
941 2560.76 
942 2591.55 
943 2732.16 
944 2800.49 
945 2869.73 
946 2480.07 
947 2703.59 
948 2629.80 
949 2728.82 
950 2742.83 
951 2760.33 
952 1634.61 
953 2869.14 
954 2684.62 
955 2733.32 
956 349.45 
957 2629.88 
958 2727.42 
959 2805.75 
960 2734.23 
961 2692.10 
962 2826.77 
963 2699.62 
964 2775.05 
965 2844.87 
966 2802.78 
967 2792.35 
968 2681.45 
969 2641.87 
970 2811.76 
971 2671.02 
972 2779.82 
973 2889.16 
974 2775.41 
975 2723.51 
976 2684.65 
977 1164.63 
978 2879.88 
979 2839.84 
980 2783.79 
981 2716.00 
982 2707.08 
983 2668.87 
984 2819.02 
985 2583.59 
986 2747.03 
987 2855.41 
988 2762.83 
989 2779.80 
990 2665.95 
991 2672.73 
992 2671.99 
0 2827.88 
1 2844.31 
2 2766.83 
3 2768.69 
4 2776.50 
5 2737.80 
6 2804.91 
7 2751.64 
8 2659.54 
9 2796.84 
10 2769.14 
11 2866.16 
12 2633.55 
13 2843.46 
14 2819.95 
15 2817.48 
16 2840.48 
17 2578.65 
18 2799.98 
19 2721.29 
20 2777.20 
21 2715.21 
22 2788.02 
23 2643.04 
24 2748.08 
25 2732.16 
26 2756.74 
27 2762.90 
28 2633.44 
29 2720.16 
30 2817.05 
31 2801.19 
32 2929.35 
33 2796.79 
34 2743.07 
35 2689.54 
36 2794.36 
37 2715.02 
38 2739.29 
39 935.72 
40 2682.59 
41 373.56 
42 2839.64 
43 2780.20 
44 2624.20 
45 2798.67 
46 2698.21 
47 2612.82 
48 2833.07 
49 2759.15 
50 2770.67 
51 2849.76 
52 2803.54 
53 2691.90 
54 2750.10 
55 2753.65 
56 2630.67 
57 2769.36 
58 2819.32 
59 2731.76 
60 2802.72 
61 2879.84 
62 2690.64 
63 2769.83 
64 2761.11 
65 2718.81 
66 2848.16 
67 2768.93 
68 2695.41 
69 2813.68 
70 2411.13 
71 2710.38 
72 2745.68 
73 2775.97 
74 2744.56 
75 2686.87 
76 2695.86 
77 2699.32 
78 2745.76 
79 2746.76 
80 2762.36 
81 2797.58 
82 2670.53 
83 2747.48 
84 419.13 
85 2734.19 
86 2614.45 
87 2611.44 
88 2798.27 
89 2661.01 
90 2696.01 
91 2754.07 
92 2793.48 
93 2750.41 
94 2662.49 
95 2705.48 
96 2788.09 
97 2778.36 
98 2759.75 
99 2776.20 
100 2194.28 
101 2778.51 
102 2727.48 
103 2762.53 
104 2845.57 
105 2696.81 
106 2794.66 
107 2730.59 
108 2762.23 
109 2804.81 
110 2759.75 
111 2729.38 
112 2840.31 
113 2672.59 
114 2704.19 
115 2740.35 
116 2645.35 
117 2807.30 
118 2749.35 
119 2792.20 
120 2760.70 
121 2794.43 
122 2863.18 
123 2820.29 
124 318.79 
125 2757.56 
126 2800.43 
127 2712.17 
128 2611.03 
129 2650.10 
130 2607.32 
131 2682.15 
132 2704.65 
133 2794.23 
134 2701.30 
135 2563.56 
136 2576.32 
137 2725.12 
138 2754.09 
139 2743.25 
140 2793.85 
141 2716.98 
142 2270.27 
143 2761.47 
144 2685.88 
145 2842.67 
146 2673.43 
147 2689.77 
148 2644.45 
149 2676.53 
150 2823.46 
151 2685.56 
152 2836.40 
153 2740.93 
154 2829.84 
155 1982.62 
156 2729.67 
157 2811.16 
158 2794.35 
159 2781.86 
160 2711.56 
161 2889.69 
162 2750.82 
163 2742.29 
164 2793.98 
165 2733.27 
166 2671.24 
167 2787.80 
168 2766.84 
169 2760.81 
170 2859.39 
171 2841.17 
172 2584.08 
173 2095.16 
174 2675.15 
175 2699.11 
176 2783.43 
177 2608.04 
178 2730.47 
179 2784.27 
180 2706.44 
181 2773.34 
182 2709.67 
183 2854.47 
184 2729.31 
185 2572.44 
186 2826.78 
187 2839.42 
188 2659.33 
189 2745.85 
190 2553.94 
191 2725.78 
192 2663.58 
193 2751.60 
194 2737.50 
195 2706.84 
196 2705.90 
197 2735.84 
198 2653.30 
199 2701.80 
200 2745.60 
201 2678.24 
202 1961.67 
203 1819.41 
204 2819.58 
205 2727.73 
206 2876.30 
207 2739.51 
208 2673.81 
209 2670.36 
210 2790.36 
211 2750.78 
212 2834.06 
213 2611.94 
214 2700.98 
215 2738.29 
216 2699.02 
217 2803.29 
218 2772.47 
219 2701.47 
220 2859.79 
221 2781.06 
222 125.22 
223 1182.65 
224 2657.40 
225 2784.66 
226 2714.37 
227 2728.05 
228 2622.04 
229 2633.88 
230 2766.89 
231 2723.22 
232 2707.06 
233 2838.28 
234 2696.21 
235 1132.33 
236 2824.53 
237 2684.69 
238 610.64 
239 2729.34 
240 2703.39 
241 2819.86 
242 2727.08 
243 2718.53 
244 2686.07 
245 2708.23 
246 2694.68 
247 2739.54 
248 2702.29 
249 2734.97 
250 2880.69 
251 2736.21 
252 2737.58 
253 2750.85 
254 2867.22 
255 2778.87 
256 2637.27 
257 2709.61 
258 2620.70 
259 2667.70 
260 2750.17 
261 2721.47 
262 2701.05 
263 2696.64 
264 2723.63 
265 2782.08 
266 2762.52 
267 2648.90 
268 1324.08 
269 2827.33 
270 2901.90 
271 2574.91 
272 2708.52 
273 2519.00 
274 2842.04 
275 2718.30 
276 2747.29 
277 2827.70 
278 1363.66 
279 146.28 
280 2758.93 
281 2540.32 
282 499.59 
283 2804.83 
284 2720.87 
285 2831.36 
286 2815.18 
287 2591.40 
288 2866.27 
289 2844.68 
290 2746.60 
291 2743.85 
292 2487.43 
293 2675.96 
294 2764.39 
295 2796.58 
296 2815.91 
297 2746.48 
298 2719.80 
299 2842.12 
300 2743.83 
301 2749.46 
302 2752.58 
303 2737.90 
304 2732.28 
305 1409.69 
306 2736.62 
307 2752.44 
308 2667.24 
309 2719.04 
310 2684.83 
311 2693.86 
312 2717.29 
313 2780.94 
314 2708.20 
315 2877.45 
316 2803.39 
317 2657.24 
318 2868.33 
319 2751.28 
320 2773.10 
321 2750.01 
322 2700.11 
323 2679.84 
324 2830.91 
325 2654.69 
326 2830.60 
327 2759.18 
328 2872.02 
329 2760.02 
330 2772.72 
331 2757.86 
332 2703.37 
333 2781.66 
334 2854.10 
335 2791.37 
336 2657.39 
337 2703.06 
338 2789.55 
339 2740.86 
340 2870.19 
341 2937.34 
342 2724.98 
343 2343.00 
344 2763.37 
345 2772.88 
346 2681.00 
347 2793.54 
348 2803.12 
349 2861.87 
350 2279.48 
351 2835.17 
352 2780.38 
353 1619.48 
354 2831.32 
355 2771.71 
356 2814.56 
357 2815.53 
358 2746.18 
359 694.76 
360 2827.72 
361 2789.42 
362 2875.12 
363 2791.87 
364 2895.32 
365 2815.25 
366 2808.51 
367 2799.16 
368 2703.96 
369 2722.69 
370 2740.35 
371 2644.72 
372 2747.12 
373 2934.54 
374 2613.34 
375 2804.66 
376 2740.90 
377 2936.58 
378 2700.55 
379 2751.31 
380 200.04 
381 2143.09 
382 2707.64 
383 2699.87 
384 2747.77 
385 2767.17 
386 2665.72 
387 2755.58 
388 2807.71 
389 2786.49 
390 2624.84 
391 2726.24 
392 2651.84 
393 2777.88 
394 2704.44 
395 2764.40 
396 2752.61 
397 2755.57 
398 815.06 
399 2804.55 
400 2693.22 
401 2823.66 
402 2703.56 
403 2902.23 
404 2727.21 
405 2707.32 
406 2797.22 
407 2749.73 
408 2755.64 
409 2828.47 
410 2797.83 
411 2691.85 
412 2805.70 
413 2767.72 
414 2681.50 
415 2735.05 
416 2693.04 
417 2792.36 
418 2751.64 
419 2676.01 
420 2684.43 
421 2796.03 
422 2688.89 
423 2621.01 
424 2724.99 
425 2797.19 
426 2760.77 
427 1283.66 
428 2765.13 
429 2697.33 
430 2777.83 
431 2759.89 
432 1488.27 
433 2615.53 
434 2871.39 
435 2660.16 
436 2686.06 
437 2793.75 
438 2692.00 
439 2777.58 
440 2752.05 
441 2778.13 
442 2828.25 
443 2641.58 
444 2683.61 
445 2778.78 
446 2777.15 
447 1910.37 
448 2728.87 
449 2775.72 
450 2790.31 
451 2825.03 
452 2856.69 
453 2719.87 
454 2691.99 
455 2733.60 
456 2743.11 
457 2747.59 
458 2648.09 
459 2751.89 
460 2725.42 
461 2691.46 
462 2709.11 
463 2680.20 
464 679.43 
465 2701.25 
466 2700.82 
467 2855.56 
468 2773.95 
469 2765.02 
470 1971.56 
471 2742.40 
472 2768.27 
473 2851.05 
474 2619.27 
475 2782.38 
476 2637.07 
477 2761.10 
478 2771.12 
479 2826.15 
480 2745.68 
481 2773.65 
482 2843.25 
483 2812.41 
484 2703.73 
485 2751.76 
486 2802.95 
487 2689.49 
488 2807.91 
489 2726.81 
490 2656.09 
491 2773.68 
492 2768.52 
493 2871.69 
494 2830.63 
495 2837.47 
496 2832.48 
497 2687.52 
498 2593.45 
499 2812.81 
500 2861.05 
501 2803.85 
502 2032.94 
503 2739.79 
504 2758.01 
505 2731.66 
506 2695.96 
507 2769.90 
508 2733.51 
509 2729.25 
510 2729.52 
511 2722.10 
512 2729.53 
513 2870.85 
514 2781.68 
515 2796.56 
516 2879.46 
517 2807.82 
518 2850.98 
519 2722.33 
520 2785.51 
521 2755.12 
522 2754.63 
523 2829.92 
524 2771.91 
525 2822.45 
526 2773.87 
527 2737.51 
528 2789.53 
529 2751.12 
530 2851.31 
531 2679.75 
532 2620.70 
533 2722.00 
534 2803.77 
535 2662.28 
536 2801.24 
537 1733.05 
538 2780.73 
539 2544.04 
540 2776.85 
541 2855.36 
542 2764.08 
543 2680.35 
544 2852.44 
545 2762.10 
546 2748.39 
547 2735.88 
548 2690.26 
549 2659.57 
550 2683.37 
551 2724.41 
552 2681.93 
553 2782.16 
554 2730.77 
555 2816.48 
556 2820.97 
557 2710.01 
558 2792.06 
559 2664.88 
560 2746.35 
561 2705.97 
562 2662.05 
563 2582.26 
564 2846.07 
565 2850.98 
566 2765.66 
567 2714.78 
568 2690.03 
569 2769.98 
570 2080.42 
571 2697.60 
572 2799.07 
573 2825.25 
574 2805.01 
575 2784.54 
576 2701.73 
577 2605.72 
578 2828.05 
579 2640.12 
580 2726.56 
581 2769.59 
582 2062.85 
583 1233.58 
584 2734.42 
585 2710.39 
586 2697.56 
587 2817.66 
588 906.79 
589 2836.95 
590 2759.85 
591 2759.63 
592 2726.46 
593 2902.57 
594 2779.81 
595 2847.48 
596 2776.54 
597 2843.02 
598 2667.78 
599 2658.64 
600 2717.96 
601 2538.60 
602 2759.30 
603 2731.51 
604 2730.42 
605 2737.80 
606 2767.06 
607 2704.74 
608 2772.63 
609 2789.03 
610 2796.25 
611 2666.81 
612 549.44 
613 2855.98 
614 2755.46 
615 2821.04 
616 2662.88 
617 2765.25 
618 2751.53 
619 2832.35 
620 2729.46 
621 2793.03 
622 2237.12 
623 2782.96 
624 2719.51 
625 2702.94 
626 2737.47 
627 2694.05 
628 2763.34 
629 2691.21 
630 1471.16 
631 2721.52 
632 2809.52 
633 2751.68 
634 2812.85 
635 2679.95 
636 2617.89 
637 2720.30 
638 2824.38 
639 2797.23 
640 2744.38 
641 2731.66 
642 2706.14 
643 2875.51 
644 2853.02 
645 2719.71 
646 2765.89 
647 2734.28 
648 690.03 
649 2726.65 
650 2729.19 
651 2819.06 
652 2772.56 
653 1603.90 
654 2800.43 
655 2718.12 
656 2588.21 
657 2757.03 
658 2689.49 
659 2692.32 
660 2829.72 
661 2748.57 
662 2647.59 
663 2684.13 
664 2768.99 
665 2801.46 
666 2804.62 
667 2787.92 
668 2681.96 
669 2751.30 
670 2733.01 
671 2687.40 
672 2700.85 
673 2707.90 
674 53.93 
675 2843.82 
676 2812.78 
677 2770.57 
678 2867.35 
679 2792.92 
680 2755.46 
681 2733.26 
682 1034.81 
683 2756.39 
684 2773.38 
685 476.04 
686 2749.28 
687 2817.80 
688 2686.62 
689 2656.63 
690 2747.35 
691 2748.81 
692 2796.54 
0 2802.27 
1 2708.77 
2 2836.51 
3 2636.16 
4 2683.39 
5 563.70 
6 2743.43 
7 2833.23 
8 2721.04 
9 2669.02 
10 2749.35 
11 2771.05 
12 2738.55 
13 2828.05 
14 2744.25 
15 2736.53 
16 2790.34 
17 2788.88 
18 2717.47 
19 2717.98 
20 2653.30 
21 2666.10 
22 2726.73 
23 2675.48 
24 2866.12 
25 2702.28 
26 2811.84 
27 2563.08 
28 2668.66 
29 2702.91 
30 2727.49 
31 2708.57 
32 2631.27 
33 2742.40 
34 2770.31 
35 2647.23 
36 2689.21 
37 2814.28 
38 2729.46 
39 2768.43 
40 2824.44 
41 2730.41 
42 2605.39 
43 745.09 
44 2785.02 
45 2701.04 
46 2742.16 
47 2620.16 
48 2804.13 
49 2585.59 
50 2765.48 
51 2741.78 
52 2646.81 
53 2719.18 
54 2731.67 
55 2822.49 
56 2773.34 
57 2910.49 
58 742.97 
59 2689.65 
60 1918.34 
61 2768.67 
62 84.10 
63 2693.13 
64 2665.82 
65 2783.50 
66 2857.71 
67 2774.50 
68 2754.74 
69 2771.38 
70 2742.24 
71 2785.26 
72 2784.73 
73 2096.97 
74 1239.70 
75 2881.63 
76 2773.42 
77 650.00 
78 2693.41 
79 2778.45 
80 2699.53 
81 2693.18 
82 2741.79 
83 2826.15 
84 2730.60 
85 2575.81 
86 2839.42 
87 2782.71 
88 2619.34 
89 2764.17 
90 2755.85 
91 2869.47 
92 2781.79 
93 2740.80 
94 2783.36 
95 2578.61 
96 2388.32 
97 2824.76 
98 2688.37 
99 2608.99 
100 2879.19 
101 2732.80 
102 2826.52 
103 2794.56 
104 2870.90 
105 2807.49 
106 2784.57 
107 2745.25 
108 2718.95 
109 2711.51 
110 2758.21 
111 2781.99 
112 2780.43 
113 2788.82 
114 2722.93 
115 2669.31 
116 2790.44 
117 2817.20 
118 2872.93 
119 2764.06 
120 2587.28 
121 2431.59 
122 2655.87 
123 2763.51 
124 2739.32 
125 2812.55 
126 2787.06 
127 2755.13 
128 2839.56 
129 2823.57 
130 2664.78 
131 2779.65 
132 1222.15 
133 2680.09 
134 2891.48 
135 2792.33 
136 2871.97 
137 2677.50 
138 2674.68 
139 2774.16 
140 2774.42 
141 2740.93 
142 2705.17 
143 2715.50 
144 2479.78 
145 2728.30 
146 2754.65 
147 2750.63 
148 2722.86 
149 2196.92 
150 2727.26 
151 2695.09 
152 2802.21 
153 2786.25 
154 2746.05 
155 2693.45 
156 2794.03 
157 2803.84 
158 426.84 
159 2755.10 
160 2719.98 
161 2615.66 
162 2791.15 
163 2661.67 
164 2683.86 
165 2709.67 
166 2718.56 
167 2787.59 
168 2766.77 
169 2736.93 
170 2763.86 
171 2728.87 
172 2785.13 
173 2674.37 
174 2759.21 
175 2734.98 
176 2769.35 
177 2750.56 
178 2672.32 
179 2848.12 
180 2650.94 
181 2786.01 
182 2863.90 
183 2773.94 
184 2754.31 
185 2771.18 
186 2577.01 
187 2748.36 
188 2749.70 
189 2677.25 
190 2661.69 
191 2708.20 
192 2795.09 
193 2792.95 
194 1518.57 
195 2835.08 
196 2765.01 
197 2888.79 
198 2724.80 
199 2802.34 
200 2667.41 
201 2789.23 
202 2829.16 
203 2544.39 
204 2635.97 
205 2752.01 
206 2774.63 
207 2741.65 
208 2765.93 
209 2727.19 
210 2771.30 
211 2881.24 
212 2750.67 
213 2709.38 
214 822.31 
215 2863.62 
216 2745.16 
217 2680.33 
218 2837.19 
219 2759.58 
220 2715.98 
221 2842.04 
222 2720.55 
223 487.08 
224 2765.29 
225 2685.83 
226 2640.71 
227 2784.97 
228 2755.25 
229 2660.35 
230 2845.34 
231 2728.84 
232 2734.64 
233 352.72 
234 2661.61 
235 2782.55 
236 2696.24 
237 2593.35 
238 2690.28 
239 2681.70 
240 2789.55 
241 2847.47 
242 2707.50 
243 2812.51 
244 2770.56 
245 2757.05 
246 2880.69 
247 2783.87 
248 2683.91 
249 2840.83 
250 2787.62 
251 2813.31 
252 2727.21 
253 2746.79 
254 1192.68 
255 2805.99 
256 2657.88 
257 2779.96 
258 868.37 
259 2876.67 
260 2594.06 
261 2809.06 
262 2794.32 
263 419.86 
264 2810.11 
265 2802.07 
266 2827.43 
267 2785.49 
268 2865.91 
269 2751.10 
270 798.42 
271 2882.06 
272 2750.06 
273 2851.31 
274 2739.04 
275 2778.35 
276 2741.70 
277 2629.41 
278 2700.26 
279 2812.09 
280 2798.77 
281 2793.13 
282 2447.67 
283 2741.52 
284 2735.32 
285 2851.84 
286 1876.14 
287 1906.69 
288 2880.06 
289 3015.33 
290 2789.33 
291 2807.66 
292 2737.11 
293 2759.57 
294 2810.04 
295 2766.70 
296 2648.35 
297 2698.66 
298 2720.88 
299 2781.55 
300 2446.96 
301 2803.37 
302 2814.29 
303 2790.70 
304 2783.80 
305 2775.72 
306 2698.39 
307 2813.38 
308 2779.54 
309 2757.74 
310 2720.05 
311 2849.50 
312 2844.87 
313 2655.46 
314 2857.64 
315 2860.20 
316 2777.89 
317 2706.49 
318 2864.45 
319 2686.26 
320 2768.82 
321 2753.98 
322 2968.12 
323 2913.31 
324 2827.22 
325 2797.01 
326 2834.71 
327 2775.64 
328 2749.06 
329 1975.18 
330 2788.25 
331 2760.36 
332 2661.92 
333 2729.56 
334 2712.72 
335 2842.86 
336 1391.40 
337 2737.66 
338 2822.58 
339 2766.43 
340 2831.71 
341 2709.14 
342 2723.14 
343 2047.26 
344 2700.72 
345 2754.16 
346 2866.94 
347 2613.43 
348 2804.31 
349 2600.33 
350 2618.40 
351 2836.28 
352 2760.83 
353 2691.54 
354 2832.19 
355 2718.23 
356 2720.20 
357 2783.46 
358 2833.81 
359 2707.67 
360 2682.17 
361 2654.45 
362 2767.44 
363 2792.14 
364 2790.15 
365 2858.99 
366 2571.44 
367 2767.93 
368 2770.34 
369 2749.64 
370 2730.02 
371 2764.33 
372 2862.32 
373 2793.85 
374 2738.01 
375 2751.02 
376 2841.52 
377 2758.60 
378 2822.22 
379 2687.83 
380 2538.11 
381 2746.04 
382 2725.75 
383 2700.01 
384 2741.53 
385 2783.41 
386 2700.98 
387 2646.01 
388 2800.94 
389 2793.67 
390 2757.33 
391 2726.42 
392 166.76 
393 2803.07 
394 2718.07 
395 2797.18 
396 2619.82 
397 2662.86 
398 2676.53 
399 2771.13 
400 2727.05 
401 2769.55 
402 2784.72 
403 2792.21 
404 2631.34 
405 2795.60 
406 2796.87 
407 2689.99 
408 2766.93 
409 2742.08 
410 2876.24 
411 2736.66 
412 2819.21 
413 2780.65 
414 2753.48 
415 2733.72 
416 2798.86 
417 2701.37 
418 2741.74 
419 2803.90 
420 2735.75 
421 2697.67 
422 2777.24 
423 2615.48 
424 2882.91 
425 2724.93 
426 2717.11 
427 2785.45 
428 381.77 
429 2871.51 
430 2733.05 
431 2760.95 
432 2777.77 
433 2890.63 
434 2619.00 
435 2729.80 
436 2747.11 
437 2754.46 
438 2795.31 
439 2649.09 
440 2801.96 
441 2872.21 
442 2809.61 
443 2786.28 
444 2778.00 
445 2733.31 
446 2642.90 
447 2644.76 
448 2730.70 
449 2820.93 
450 2885.31 
451 2746.30 
452 2801.41 
453 2739.28 
454 2871.68 
455 2743.80 
456 2710.06 
457 2789.17 
458 2697.32 
459 2765.95 
460 2760.09 
461 2833.85 
462 2745.64 
463 2616.97 
464 2754.31 
465 2679.99 
466 2842.43 
467 1560.43 
468 560.90 
469 1439.79 
470 2685.28 
471 2737.98 
472 2734.90 
473 2790.89 
474 2817.82 
475 2749.92 
476 2680.79 
477 2848.22 
478 2777.81 
479 1328.36 
480 2533.54 
481 2708.01 
482 2795.93 
483 2732.54 
484 2536.82 
485 2684.56 
486 602.51 
487 2891.73 
488 2749.02 
489 2813.32 
490 2775.17 
491 2715.90 
492 2867.38 
493 2544.81 
494 2763.34 
495 2917.12 
496 2735.61 
497 2770.58 
498 2773.12 
499 260.58 
500 2731.22 
501 2874.00 
502 2704.85 
503 2505.41 
504 2735.08 
505 2573.46 
506 2682.45 
507 2789.97 
508 2746.65 
509 2877.95 
510 2877.61 
511 2665.58 
512 2689.01 
513 2722.75 
514 2715.40 
515 2779.64 
516 2754.48 
517 2785.33 
518 2857.44 
519 2787.97 
520 2803.31 
521 2712.69 
522 2773.72 
523 2756.35 
524 2735.90 
525 2824.12 
526 2701.27 
527 2600.56 
528 2799.46 
529 2773.06 
530 2760.94 
531 2726.53 
532 2604.22 
533 2842.78 
534 2568.59 
535 2708.64 
536 2746.69 
537 2794.55 
538 2809.64 
539 2815.94 
540 2785.27 
541 2823.56 
542 2616.01 
543 2875.19 
544 2692.66 
545 2760.66 
546 2820.51 
547 2928.16 
548 2694.65 
549 2683.13 
550 2714.45 
551 2760.50 
552 2729.37 
553 2794.90 
554 2762.99 
555 2744.96 
556 2827.07 
557 2734.38 
558 2643.02 
559 2791.22 
560 2769.37 
561 2787.98 
562 2621.56 
563 2785.46 
564 2791.73 
565 2801.09 
566 2685.14 
567 1626.25 
568 2631.71 
569 2716.90 
570 2700.59 
571 2782.22 
572 2702.09 
573 2672.22 
574 2481.17 
575 2776.37 
576 2871.71 
577 2764.35 
578 2783.78 
579 2744.97 
580 2696.39 
581 2751.45 
582 2779.51 
583 2783.98 
584 2751.62 
585 2733.76 
586 2697.34 
587 2690.06 
588 2792.54 
589 2733.91 
590 2809.04 
591 2791.52 
592 2798.90 
593 2684.32 
594 2772.55 
595 2869.86 
596 2784.16 
597 2769.16 
598 2670.13 
599 2647.39 
600 2664.04 
601 2693.34 
602 2754.66 
603 2756.15 
604 2527.62 
605 2668.75 
606 2840.92 
607 2757.63 
608 2771.43 
609 2771.35 
610 2699.20 
611 2836.79 
612 2852.46 
613 2852.29 
614 2772.16 
615 2787.28 
616 2760.86 
617 1877.24 
618 2815.44 
619 2786.43 
620 2698.50 
621 2759.79 
622 2911.65 
623 2603.19 
624 2722.67 
625 2756.78 
626 2824.50 
627 2792.18 
628 2782.85 
629 2864.47 
630 2798.18 
631 2847.56 
632 2703.64 
633 2814.62 
634 2788.10 
635 2675.99 
636 2674.75 
637 2762.43 
638 2827.39 
639 2707.64 
640 2794.97 
641 2722.53 
642 2731.76 
643 534.61 
644 2871.25 
645 860.20 
646 2743.51 
647 2673.39 
648 2699.85 
649 2753.67 
650 2637.62 
651 2801.03 
652 2771.43 
653 2618.82 
654 1050.24 
655 2673.36 
656 2566.20 
657 2760.62 
658 2842.08 
659 2874.15 
660 2701.29 
661 2823.30 
662 999.41 
663 2595.39 
664 2621.51 
665 2787.77 
666 2823.69 
667 2842.32 
668 2795.28 
669 2803.92 
670 2794.28 
671 2668.77 
672 2653.12 
673 2689.71 
674 2826.37 
675 2711.80 
676 2658.08 
677 2799.87 
678 2714.39 
679 2769.18 
680 2711.13 
681 2720.29 
682 2734.40 
683 2901.66 
684 2822.64 
685 2740.55 
686 2825.47 
687 2766.62 
688 2691.26 
689 2800.64 
690 2776.70 
691 2719.76 
692 2726.58 
693 2771.33 
694 2767.37 
695 2647.56 
696 2776.61 
697 2838.52 
698 2798.41 
699 2701.07 
700 2868.11 
701 2703.25 
702 2687.72 
703 2821.31 
704 365.92 
705 2730.90 
706 2849.53 
707 2713.33 
708 2763.23 
709 2796.03 
710 2841.34 
711 2616.32 
712 2615.17 
713 2792.80 
714 2284.68 
715 2829.72 
716 2780.41 
717 2770.42 
718 2669.37 
719 2607.78 
720 2769.89 
721 2721.62 
722 2540.40 
723 2724.07 
724 2790.43 
725 2735.49 
726 2700.84 
727 2749.41 
728 2730.00 
729 2754.39 
730 2711.54 
731 2760.60 
732 2770.10 
733 2751.80 
734 2862.66 
735 2695.72 
736 2690.79 
737 2678.48 
738 2815.13 
739 2880.95 
