Seed 9:
0 -200.00 
1 -200.00 
2 -200.00 
3 -200.00 
4 -200.00 
5 -200.00 
6 -200.00 
7 -200.00 
8 -200.00 
9 -200.00 
10 -200.00 
11 -200.00 
12 -200.00 
13 -200.00 
14 -200.00 
15 -200.00 
16 -200.00 
17 -200.00 
18 -200.00 
19 -200.00 
20 -200.00 
21 -200.00 
22 -200.00 
23 -200.00 
24 -200.00 
25 -200.00 
26 -200.00 
27 -200.00 
28 -200.00 
29 -200.00 
30 -200.00 
31 -200.00 
32 -200.00 
33 -200.00 
34 -200.00 
35 -200.00 
36 -200.00 
37 -200.00 
38 -200.00 
39 -200.00 
40 -200.00 
41 -200.00 
42 -200.00 
43 -200.00 
44 -200.00 
45 -200.00 
46 -200.00 
47 -200.00 
48 -200.00 
49 -200.00 
50 -200.00 
51 -200.00 
52 -200.00 
53 -200.00 
54 -200.00 
55 -200.00 
56 -200.00 
57 -200.00 
58 -200.00 
59 -200.00 
60 -200.00 
61 -200.00 
62 -200.00 
63 -200.00 
64 -200.00 
65 -200.00 
66 -200.00 
67 -200.00 
68 -200.00 
69 -200.00 
70 -200.00 
71 -200.00 
72 -200.00 
73 -200.00 
74 -200.00 
75 -200.00 
76 -200.00 
77 -200.00 
78 -200.00 
79 -200.00 
80 -200.00 
81 -200.00 
82 -200.00 
83 -200.00 
84 -200.00 
85 -200.00 
86 -200.00 
87 -200.00 
88 -200.00 
89 -200.00 
90 -200.00 
91 -200.00 
92 -200.00 
93 -200.00 
94 -200.00 
95 -200.00 
96 -200.00 
97 -200.00 
98 -200.00 
99 -200.00 
100 -200.00 
101 -200.00 
102 -200.00 
103 -200.00 
104 -200.00 
105 -200.00 
106 -200.00 
107 -200.00 
108 -200.00 
109 -200.00 
110 -200.00 
111 -200.00 
112 -200.00 
113 -200.00 
114 -200.00 
115 -200.00 
116 -200.00 
117 -200.00 
118 -200.00 
119 -200.00 
120 -200.00 
121 -200.00 
122 -200.00 
123 -200.00 
124 -200.00 
125 -200.00 
126 -200.00 
127 -200.00 
128 -200.00 
129 -200.00 
130 -200.00 
131 -200.00 
132 -200.00 
133 -200.00 
134 -200.00 
135 -200.00 
136 -200.00 
137 -200.00 
138 -200.00 
139 -200.00 
140 -200.00 
141 -200.00 
142 -200.00 
143 -200.00 
144 -200.00 
145 -200.00 
146 -200.00 
147 -200.00 
148 -200.00 
149 -200.00 
150 -200.00 
151 -200.00 
152 -200.00 
153 -200.00 
154 -200.00 
155 -200.00 
156 -200.00 
157 -200.00 
158 -200.00 
159 -200.00 
160 -200.00 
161 -200.00 
162 -200.00 
163 -200.00 
164 -200.00 
165 -200.00 
166 -200.00 
167 -200.00 
168 -200.00 
169 -200.00 
170 -200.00 
171 -200.00 
172 -200.00 
173 -200.00 
174 -200.00 
175 -200.00 
176 -200.00 
177 -200.00 
178 -200.00 
179 -200.00 
180 -200.00 
181 -200.00 
182 -200.00 
183 -200.00 
184 -200.00 
185 -200.00 
186 -200.00 
187 -200.00 
188 -200.00 
189 -200.00 
190 -200.00 
191 -200.00 
192 -200.00 
193 -200.00 
194 -200.00 
195 -200.00 
196 -200.00 
197 -200.00 
198 -200.00 
199 -200.00 
200 -200.00 
201 -200.00 
202 -200.00 
203 -200.00 
204 -200.00 
205 -200.00 
206 -200.00 
207 -200.00 
208 -200.00 
209 -200.00 
210 -200.00 
211 -200.00 
212 -200.00 
213 -200.00 
214 -200.00 
215 -200.00 
216 -200.00 
217 -200.00 
218 -200.00 
219 -200.00 
220 -200.00 
221 -200.00 
222 -200.00 
223 -200.00 
224 -200.00 
225 -200.00 
226 -200.00 
227 -200.00 
228 -200.00 
229 -200.00 
230 -200.00 
231 -200.00 
232 -200.00 
233 -200.00 
234 -200.00 
235 -200.00 
236 -200.00 
237 -200.00 
238 -200.00 
239 -200.00 
240 -200.00 
241 -200.00 
242 -200.00 
243 -200.00 
244 -200.00 
245 -200.00 
246 -200.00 
247 -200.00 
248 -200.00 
249 -200.00 
250 -200.00 
251 -200.00 
252 -200.00 
253 -200.00 
254 -200.00 
255 -200.00 
256 -200.00 
257 -200.00 
258 -200.00 
259 -200.00 
260 -200.00 
261 -200.00 
262 -200.00 
263 -200.00 
264 -200.00 
265 -200.00 
266 -200.00 
267 -200.00 
268 -200.00 
269 -200.00 
270 -200.00 
271 -200.00 
272 -200.00 
273 -200.00 
274 -200.00 
275 -200.00 
276 -200.00 
277 -200.00 
278 -200.00 
279 -200.00 
280 -200.00 
281 -200.00 
282 -200.00 
283 -200.00 
284 -200.00 
285 -200.00 
286 -200.00 
287 -200.00 
288 -200.00 
289 -200.00 
290 -200.00 
291 -200.00 
292 -200.00 
293 -200.00 
294 -200.00 
295 -200.00 
296 -200.00 
297 -200.00 
298 -200.00 
299 -200.00 
300 -200.00 
301 -200.00 
302 -200.00 
303 -200.00 
304 -200.00 
305 -200.00 
306 -200.00 
307 -200.00 
308 -200.00 
309 -200.00 
310 -200.00 
311 -200.00 
312 -200.00 
313 -200.00 
314 -200.00 
315 -200.00 
316 -200.00 
317 -200.00 
318 -200.00 
319 -200.00 
320 -200.00 
321 -200.00 
322 -200.00 
323 -200.00 
324 -200.00 
325 -200.00 
326 -200.00 
327 -200.00 
328 -200.00 
329 -200.00 
330 -200.00 
331 -200.00 
332 -200.00 
333 -200.00 
334 -200.00 
335 -200.00 
336 -200.00 
337 -200.00 
338 -200.00 
339 -200.00 
340 -200.00 
341 -200.00 
342 -200.00 
343 -200.00 
344 -200.00 
345 -200.00 
346 -200.00 
347 -200.00 
348 -200.00 
349 -200.00 
350 -200.00 
351 -200.00 
352 -200.00 
353 -200.00 
354 -200.00 
355 -200.00 
356 -200.00 
357 -200.00 
358 -200.00 
359 -200.00 
360 -200.00 
361 -200.00 
362 -200.00 
363 -200.00 
364 -200.00 
365 -200.00 
366 -200.00 
367 -200.00 
368 -200.00 
369 -200.00 
370 -200.00 
371 -200.00 
372 -200.00 
373 -200.00 
374 -200.00 
375 -200.00 
376 -200.00 
377 -200.00 
378 -200.00 
379 -200.00 
380 -200.00 
381 -200.00 
382 -200.00 
383 -200.00 
384 -200.00 
385 -200.00 
386 -200.00 
387 -200.00 
388 -200.00 
389 -200.00 
390 -200.00 
391 -200.00 
392 -200.00 
393 -200.00 
394 -200.00 
395 -200.00 
396 -200.00 
397 -200.00 
398 -200.00 
399 -200.00 
400 -200.00 
401 -200.00 
402 -200.00 
403 -200.00 
404 -200.00 
405 -200.00 
406 -200.00 
407 -200.00 
408 -200.00 
409 -200.00 
410 -200.00 
411 -200.00 
412 -200.00 
413 -200.00 
414 -200.00 
415 -200.00 
416 -200.00 
417 -200.00 
418 -200.00 
419 -200.00 
420 -200.00 
421 -200.00 
422 -200.00 
423 -200.00 
424 -200.00 
425 -200.00 
426 -200.00 
427 -200.00 
428 -200.00 
429 -200.00 
430 -200.00 
431 -200.00 
432 -200.00 
433 -200.00 
434 -200.00 
435 -200.00 
436 -200.00 
437 -200.00 
438 -200.00 
439 -200.00 
440 -200.00 
441 -200.00 
442 -200.00 
443 -200.00 
444 -200.00 
445 -200.00 
446 -200.00 
447 -200.00 
448 -200.00 
449 -200.00 
450 -200.00 
451 -200.00 
452 -200.00 
453 -200.00 
454 -200.00 
455 -200.00 
456 -200.00 
457 -200.00 
458 -200.00 
459 -200.00 
460 -200.00 
461 -200.00 
462 -200.00 
463 -200.00 
464 -200.00 
465 -200.00 
466 -200.00 
467 -200.00 
468 -200.00 
469 -200.00 
470 -200.00 
471 -200.00 
472 -200.00 
473 -200.00 
474 -200.00 
475 -200.00 
476 -200.00 
477 -200.00 
478 -200.00 
479 -200.00 
480 -200.00 
481 -200.00 
482 -200.00 
483 -200.00 
484 -200.00 
485 -200.00 
486 -200.00 
487 -200.00 
488 -200.00 
489 -200.00 
490 -200.00 
491 -200.00 
492 -200.00 
493 -200.00 
494 -200.00 
495 -200.00 
496 -200.00 
497 -200.00 
498 -200.00 
499 -200.00 
500 -200.00 
501 -200.00 
502 -200.00 
503 -200.00 
504 -200.00 
505 -200.00 
506 -200.00 
507 -200.00 
508 -200.00 
509 -200.00 
510 -200.00 
511 -200.00 
512 -200.00 
513 -200.00 
514 -200.00 
515 -200.00 
516 -200.00 
517 -200.00 
518 -200.00 
519 -200.00 
520 -200.00 
521 -200.00 
522 -200.00 
523 -200.00 
524 -200.00 
525 -200.00 
526 -200.00 
527 -200.00 
528 -200.00 
529 -200.00 
530 -200.00 
531 -200.00 
532 -200.00 
533 -200.00 
534 -200.00 
535 -200.00 
536 -200.00 
537 -200.00 
538 -200.00 
539 -200.00 
540 -200.00 
541 -200.00 
542 -200.00 
543 -200.00 
544 -200.00 
545 -200.00 
546 -200.00 
547 -200.00 
548 -200.00 
549 -200.00 
550 -200.00 
551 -200.00 
552 -200.00 
553 -200.00 
554 -200.00 
555 -200.00 
556 -200.00 
557 -200.00 
558 -200.00 
559 -200.00 
560 -200.00 
561 -200.00 
562 -200.00 
563 -200.00 
564 -200.00 
565 -200.00 
566 -200.00 
567 -200.00 
568 -200.00 
569 -200.00 
570 -200.00 
571 -200.00 
572 -200.00 
573 -200.00 
574 -200.00 
575 -200.00 
576 -200.00 
577 -200.00 
578 -200.00 
579 -200.00 
580 -200.00 
581 -200.00 
582 -200.00 
583 -200.00 
584 -200.00 
585 -200.00 
586 -200.00 
587 -200.00 
588 -200.00 
589 -200.00 
590 -200.00 
591 -200.00 
592 -200.00 
593 -200.00 
594 -200.00 
595 -200.00 
596 -200.00 
597 -200.00 
598 -200.00 
599 -200.00 
600 -200.00 
601 -200.00 
602 -200.00 
603 -200.00 
604 -200.00 
605 -200.00 
606 -200.00 
607 -200.00 
608 -200.00 
609 -200.00 
610 -200.00 
611 -200.00 
612 -200.00 
613 -200.00 
614 -200.00 
615 -200.00 
616 -200.00 
617 -200.00 
618 -200.00 
619 -200.00 
620 -200.00 
621 -200.00 
622 -200.00 
623 -200.00 
624 -200.00 
625 -200.00 
626 -200.00 
627 -200.00 
628 -200.00 
629 -200.00 
630 -200.00 
631 -200.00 
632 -200.00 
633 -200.00 
634 -200.00 
635 -200.00 
636 -200.00 
637 -200.00 
638 -200.00 
639 -200.00 
640 -200.00 
641 -200.00 
642 -200.00 
643 -200.00 
644 -200.00 
645 -200.00 
646 -200.00 
647 -200.00 
648 -200.00 
649 -200.00 
650 -200.00 
651 -200.00 
652 -200.00 
653 -200.00 
654 -200.00 
655 -200.00 
656 -200.00 
657 -200.00 
658 -200.00 
659 -200.00 
660 -200.00 
661 -200.00 
662 -200.00 
663 -200.00 
664 -200.00 
665 -200.00 
666 -200.00 
667 -200.00 
668 -200.00 
669 -200.00 
670 -200.00 
671 -200.00 
672 -200.00 
673 -200.00 
674 -200.00 
675 -200.00 
676 -200.00 
677 -200.00 
678 -200.00 
679 -200.00 
680 -200.00 
681 -200.00 
682 -200.00 
683 -200.00 
684 -200.00 
685 -200.00 
686 -200.00 
687 -200.00 
688 -200.00 
689 -200.00 
690 -200.00 
691 -200.00 
692 -200.00 
693 -200.00 
694 -200.00 
695 -200.00 
696 -200.00 
697 -200.00 
698 -200.00 
699 -200.00 
700 -200.00 
701 -200.00 
702 -200.00 
703 -200.00 
704 -200.00 
705 -200.00 
706 -200.00 
707 -200.00 
708 -200.00 
709 -200.00 
710 -200.00 
711 -200.00 
712 -200.00 
713 -200.00 
714 -200.00 
715 -200.00 
716 -200.00 
717 -200.00 
718 -200.00 
719 -200.00 
720 -200.00 
721 -200.00 
722 -200.00 
723 -200.00 
724 -200.00 
725 -200.00 
726 -200.00 
727 -200.00 
728 -200.00 
729 -200.00 
730 -200.00 
731 -200.00 
732 -200.00 
733 -200.00 
734 -200.00 
735 -200.00 
736 -200.00 
737 -200.00 
738 -200.00 
739 -200.00 
740 -200.00 
741 -200.00 
742 -200.00 
743 -200.00 
744 -200.00 
745 -200.00 
746 -200.00 
747 -200.00 
748 -200.00 
749 -200.00 
750 -200.00 
751 -200.00 
752 -200.00 
753 -200.00 
754 -200.00 
755 -200.00 
756 -200.00 
757 -200.00 
758 -200.00 
759 -200.00 
760 -200.00 
761 -200.00 
762 -200.00 
763 -200.00 
764 -200.00 
765 -200.00 
766 -200.00 
767 -200.00 
768 -200.00 
769 -200.00 
770 -200.00 
771 -200.00 
772 -200.00 
773 -200.00 
774 -200.00 
775 -200.00 
776 -200.00 
777 -200.00 
778 -200.00 
779 -200.00 
780 -200.00 
781 -200.00 
782 -200.00 
783 -200.00 
784 -200.00 
785 -200.00 
786 -200.00 
787 -200.00 
788 -200.00 
789 -200.00 
790 -200.00 
791 -200.00 
792 -200.00 
793 -200.00 
794 -200.00 
795 -200.00 
796 -200.00 
797 -200.00 
798 -200.00 
799 -200.00 
800 -200.00 
801 -200.00 
802 -200.00 
803 -200.00 
804 -200.00 
805 -200.00 
806 -200.00 
807 -200.00 
808 -200.00 
809 -200.00 
810 -200.00 
811 -200.00 
812 -200.00 
813 -200.00 
814 -200.00 
815 -200.00 
816 -200.00 
817 -200.00 
818 -200.00 
819 -200.00 
820 -200.00 
821 -200.00 
822 -200.00 
823 -200.00 
824 -200.00 
825 -200.00 
826 -200.00 
827 -200.00 
828 -200.00 
829 -200.00 
830 -200.00 
831 -200.00 
832 -200.00 
833 -200.00 
834 -200.00 
835 -200.00 
836 -200.00 
837 -200.00 
838 -200.00 
839 -200.00 
840 -200.00 
841 -200.00 
842 -200.00 
843 -200.00 
844 -200.00 
845 -200.00 
846 -200.00 
847 -200.00 
848 -200.00 
849 -200.00 
850 -200.00 
851 -200.00 
852 -200.00 
853 -200.00 
854 -200.00 
855 -200.00 
856 -200.00 
857 -200.00 
858 -200.00 
859 -200.00 
860 -200.00 
861 -200.00 
862 -200.00 
863 -200.00 
864 -200.00 
865 -200.00 
866 -200.00 
867 -200.00 
868 -200.00 
869 -200.00 
870 -200.00 
871 -200.00 
872 -200.00 
873 -200.00 
874 -200.00 
875 -200.00 
876 -200.00 
877 -200.00 
878 -200.00 
879 -200.00 
880 -200.00 
881 -200.00 
882 -200.00 
883 -200.00 
884 -200.00 
885 -200.00 
886 -200.00 
887 -200.00 
888 -200.00 
889 -200.00 
890 -200.00 
891 -200.00 
892 -200.00 
893 -200.00 
894 -200.00 
895 -200.00 
896 -200.00 
897 -200.00 
898 -200.00 
899 -200.00 
900 -200.00 
901 -200.00 
902 -200.00 
903 -200.00 
904 -200.00 
905 -200.00 
906 -200.00 
907 -200.00 
908 -200.00 
909 -200.00 
910 -200.00 
911 -200.00 
912 -200.00 
913 -200.00 
914 -200.00 
915 -200.00 
916 -200.00 
917 -200.00 
918 -200.00 
919 -200.00 
920 -200.00 
921 -200.00 
922 -200.00 
923 -200.00 
924 -200.00 
925 -200.00 
926 -200.00 
927 -200.00 
928 -200.00 
929 -200.00 
930 -200.00 
931 -200.00 
932 -200.00 
933 -200.00 
934 -200.00 
935 -200.00 
936 -200.00 
937 -200.00 
938 -200.00 
939 -200.00 
940 -200.00 
941 -200.00 
942 -200.00 
943 -200.00 
944 -200.00 
945 -200.00 
946 -200.00 
947 -200.00 
948 -200.00 
949 -200.00 
950 -200.00 
951 -200.00 
952 -200.00 
953 -200.00 
954 -200.00 
955 -200.00 
956 -200.00 
957 -200.00 
958 -200.00 
959 -200.00 
960 -200.00 
961 -200.00 
962 -200.00 
963 -200.00 
964 -200.00 
965 -200.00 
966 -200.00 
967 -200.00 
968 -200.00 
969 -200.00 
970 -200.00 
971 -200.00 
972 -200.00 
973 -200.00 
974 -200.00 
975 -200.00 
976 -200.00 
977 -200.00 
978 -200.00 
979 -200.00 
980 -200.00 
981 -200.00 
982 -200.00 
983 -200.00 
984 -200.00 
985 -200.00 
986 -200.00 
987 -200.00 
988 -200.00 
989 -200.00 
990 -200.00 
991 -200.00 
992 -200.00 
993 -200.00 
994 -200.00 
995 -200.00 
996 -200.00 
997 -200.00 
998 -200.00 
999 -200.00 
1000 -200.00 
1001 -200.00 
1002 -200.00 
1003 -200.00 
1004 -200.00 
1005 -200.00 
1006 -200.00 
1007 -200.00 
1008 -200.00 
1009 -200.00 
1010 -200.00 
1011 -200.00 
1012 -200.00 
1013 -200.00 
1014 -200.00 
1015 -200.00 
1016 -200.00 
1017 -200.00 
1018 -200.00 
1019 -200.00 
1020 -200.00 
1021 -200.00 
1022 -200.00 
1023 -200.00 
1024 -200.00 
1025 -200.00 
1026 -200.00 
1027 -200.00 
1028 -200.00 
1029 -200.00 
1030 -200.00 
1031 -200.00 
1032 -200.00 
1033 -200.00 
1034 -200.00 
1035 -200.00 
1036 -200.00 
1037 -200.00 
1038 -200.00 
1039 -200.00 
1040 -200.00 
1041 -200.00 
1042 -200.00 
1043 -200.00 
1044 -200.00 
1045 -200.00 
1046 -200.00 
1047 -200.00 
1048 -200.00 
1049 -200.00 
1050 -200.00 
1051 -200.00 
1052 -200.00 
1053 -200.00 
1054 -200.00 
1055 -200.00 
1056 -200.00 
1057 -200.00 
1058 -200.00 
1059 -200.00 
1060 -200.00 
1061 -200.00 
1062 -200.00 
1063 -200.00 
1064 -200.00 
1065 -200.00 
1066 -200.00 
1067 -200.00 
1068 -200.00 
1069 -200.00 
1070 -200.00 
1071 -200.00 
1072 -200.00 
1073 -200.00 
1074 -200.00 
1075 -200.00 
1076 -200.00 
1077 -200.00 
1078 -200.00 
1079 -200.00 
1080 -200.00 
1081 -200.00 
1082 -200.00 
1083 -200.00 
1084 -200.00 
1085 -200.00 
1086 -200.00 
1087 -200.00 
1088 -200.00 
1089 -200.00 
1090 -200.00 
1091 -200.00 
1092 -200.00 
1093 -200.00 
1094 -200.00 
1095 -200.00 
1096 -200.00 
1097 -200.00 
1098 -200.00 
1099 -200.00 
1100 -200.00 
1101 -200.00 
1102 -200.00 
1103 -200.00 
1104 -200.00 
1105 -200.00 
1106 -200.00 
1107 -200.00 
1108 -200.00 
1109 -200.00 
1110 -200.00 
1111 -200.00 
1112 -200.00 
1113 -200.00 
1114 -200.00 
1115 -200.00 
1116 -200.00 
1117 -200.00 
1118 -200.00 
1119 -200.00 
1120 -200.00 
1121 -200.00 
1122 -200.00 
1123 -200.00 
1124 -200.00 
1125 -200.00 
1126 -200.00 
1127 -200.00 
1128 -200.00 
1129 -200.00 
1130 -200.00 
1131 -200.00 
1132 -200.00 
1133 -200.00 
1134 -200.00 
1135 -200.00 
1136 -200.00 
1137 -200.00 
1138 -200.00 
1139 -200.00 
1140 -200.00 
1141 -200.00 
1142 -200.00 
1143 -200.00 
1144 -200.00 
1145 -200.00 
1146 -200.00 
1147 -200.00 
1148 -200.00 
1149 -200.00 
1150 -200.00 
1151 -200.00 
1152 -200.00 
1153 -200.00 
1154 -200.00 
1155 -200.00 
1156 -200.00 
1157 -200.00 
1158 -200.00 
1159 -200.00 
1160 -200.00 
1161 -200.00 
1162 -200.00 
1163 -200.00 
1164 -200.00 
1165 -200.00 
1166 -200.00 
1167 -200.00 
1168 -200.00 
1169 -200.00 
1170 -200.00 
1171 -200.00 
1172 -200.00 
1173 -200.00 
1174 -200.00 
1175 -200.00 
1176 -200.00 
1177 -200.00 
1178 -200.00 
1179 -200.00 
1180 -200.00 
1181 -200.00 
1182 -200.00 
1183 -200.00 
1184 -200.00 
1185 -200.00 
1186 -200.00 
1187 -200.00 
1188 -200.00 
1189 -200.00 
1190 -200.00 
1191 -200.00 
1192 -200.00 
1193 -200.00 
1194 -200.00 
1195 -200.00 
1196 -200.00 
1197 -200.00 
1198 -200.00 
1199 -200.00 
1200 -200.00 
1201 -200.00 
1202 -200.00 
1203 -200.00 
1204 -200.00 
1205 -200.00 
1206 -200.00 
1207 -200.00 
1208 -200.00 
1209 -200.00 
1210 -200.00 
1211 -200.00 
1212 -200.00 
1213 -200.00 
1214 -200.00 
1215 -200.00 
1216 -200.00 
1217 -200.00 
1218 -200.00 
1219 -200.00 
1220 -200.00 
1221 -200.00 
1222 -200.00 
1223 -200.00 
1224 -200.00 
1225 -200.00 
1226 -200.00 
1227 -200.00 
1228 -200.00 
1229 -200.00 
1230 -200.00 
1231 -200.00 
1232 -200.00 
1233 -200.00 
1234 -200.00 
1235 -200.00 
1236 -200.00 
1237 -200.00 
1238 -200.00 
1239 -200.00 
1240 -200.00 
1241 -200.00 
1242 -200.00 
1243 -200.00 
1244 -200.00 
1245 -200.00 
1246 -200.00 
1247 -200.00 
1248 -200.00 
1249 -200.00 
1250 -200.00 
1251 -200.00 
1252 -200.00 
1253 -200.00 
1254 -200.00 
1255 -200.00 
1256 -200.00 
1257 -200.00 
1258 -200.00 
1259 -200.00 
1260 -200.00 
1261 -200.00 
1262 -200.00 
1263 -200.00 
1264 -200.00 
1265 -200.00 
1266 -200.00 
1267 -200.00 
1268 -200.00 
1269 -200.00 
1270 -200.00 
1271 -200.00 
1272 -200.00 
1273 -200.00 
1274 -200.00 
1275 -200.00 
1276 -200.00 
1277 -200.00 
1278 -200.00 
1279 -200.00 
1280 -200.00 
1281 -200.00 
1282 -200.00 
1283 -200.00 
1284 -200.00 
1285 -200.00 
1286 -200.00 
1287 -200.00 
1288 -200.00 
1289 -200.00 
1290 -200.00 
1291 -200.00 
1292 -200.00 
1293 -200.00 
1294 -200.00 
1295 -200.00 
1296 -200.00 
1297 -200.00 
1298 -200.00 
1299 -200.00 
1300 -200.00 
1301 -200.00 
1302 -200.00 
1303 -200.00 
1304 -200.00 
1305 -200.00 
1306 -200.00 
1307 -200.00 
1308 -200.00 
1309 -200.00 
1310 -200.00 
1311 -200.00 
1312 -200.00 
1313 -200.00 
1314 -200.00 
1315 -200.00 
1316 -200.00 
1317 -200.00 
1318 -200.00 
1319 -200.00 
1320 -200.00 
1321 -200.00 
1322 -200.00 
1323 -200.00 
1324 -200.00 
1325 -200.00 
1326 -200.00 
1327 -200.00 
1328 -200.00 
1329 -200.00 
1330 -200.00 
1331 -200.00 
1332 -200.00 
1333 -200.00 
1334 -200.00 
1335 -200.00 
1336 -200.00 
1337 -200.00 
1338 -200.00 
1339 -200.00 
1340 -200.00 
1341 -200.00 
1342 -200.00 
1343 -200.00 
1344 -200.00 
1345 -200.00 
1346 -200.00 
1347 -200.00 
1348 -200.00 
1349 -200.00 
1350 -200.00 
1351 -200.00 
1352 -200.00 
1353 -200.00 
1354 -200.00 
1355 -200.00 
1356 -200.00 
1357 -200.00 
1358 -200.00 
1359 -200.00 
1360 -200.00 
1361 -200.00 
1362 -200.00 
1363 -200.00 
1364 -200.00 
1365 -200.00 
1366 -200.00 
1367 -200.00 
1368 -200.00 
1369 -200.00 
1370 -200.00 
1371 -200.00 
1372 -200.00 
1373 -200.00 
1374 -200.00 
1375 -200.00 
1376 -200.00 
1377 -200.00 
1378 -200.00 
1379 -200.00 
1380 -200.00 
1381 -200.00 
1382 -200.00 
1383 -200.00 
1384 -200.00 
1385 -200.00 
1386 -200.00 
1387 -200.00 
1388 -200.00 
1389 -200.00 
1390 -200.00 
1391 -200.00 
1392 -200.00 
1393 -200.00 
1394 -200.00 
1395 -200.00 
1396 -200.00 
1397 -200.00 
1398 -200.00 
1399 -200.00 
1400 -200.00 
1401 -200.00 
1402 -200.00 
1403 -200.00 
1404 -200.00 
1405 -200.00 
1406 -200.00 
1407 -200.00 
1408 -200.00 
1409 -200.00 
1410 -200.00 
1411 -200.00 
1412 -200.00 
1413 -200.00 
1414 -200.00 
1415 -200.00 
1416 -200.00 
1417 -200.00 
1418 -200.00 
1419 -200.00 
1420 -200.00 
1421 -200.00 
1422 -200.00 
1423 -200.00 
1424 -200.00 
1425 -200.00 
1426 -200.00 
1427 -200.00 
1428 -200.00 
1429 -200.00 
1430 -200.00 
1431 -200.00 
1432 -200.00 
1433 -200.00 
1434 -200.00 
1435 -200.00 
1436 -200.00 
1437 -200.00 
1438 -200.00 
1439 -200.00 
1440 -200.00 
1441 -200.00 
1442 -200.00 
1443 -200.00 
1444 -200.00 
1445 -200.00 
1446 -200.00 
1447 -200.00 
1448 -200.00 
1449 -200.00 
1450 -200.00 
1451 -200.00 
1452 -200.00 
1453 -200.00 
1454 -200.00 
1455 -200.00 
1456 -200.00 
1457 -200.00 
1458 -200.00 
1459 -200.00 
1460 -200.00 
1461 -200.00 
1462 -200.00 
1463 -200.00 
1464 -200.00 
1465 -200.00 
1466 -200.00 
1467 -200.00 
1468 -200.00 
1469 -200.00 
1470 -200.00 
1471 -200.00 
1472 -200.00 
1473 -200.00 
1474 -200.00 
1475 -200.00 
1476 -200.00 
1477 -200.00 
1478 -200.00 
1479 -200.00 
1480 -200.00 
1481 -200.00 
1482 -200.00 
1483 -200.00 
1484 -200.00 
1485 -200.00 
1486 -200.00 
1487 -200.00 
1488 -200.00 
1489 -200.00 
1490 -200.00 
1491 -200.00 
1492 -200.00 
1493 -200.00 
1494 -200.00 
1495 -200.00 
1496 -200.00 
1497 -200.00 
1498 -200.00 
1499 -200.00 
1500 -200.00 
1501 -200.00 
1502 -200.00 
1503 -200.00 
1504 -200.00 
1505 -200.00 
1506 -200.00 
1507 -200.00 
1508 -200.00 
1509 -200.00 
1510 -200.00 
1511 -200.00 
1512 -200.00 
1513 -200.00 
1514 -200.00 
1515 -200.00 
1516 -200.00 
1517 -200.00 
1518 -200.00 
1519 -200.00 
1520 -200.00 
1521 -200.00 
1522 -200.00 
1523 -200.00 
1524 -200.00 
1525 -200.00 
1526 -200.00 
1527 -200.00 
1528 -200.00 
1529 -200.00 
1530 -200.00 
1531 -200.00 
1532 -200.00 
1533 -200.00 
1534 -200.00 
1535 -200.00 
1536 -200.00 
1537 -200.00 
1538 -200.00 
1539 -200.00 
1540 -200.00 
1541 -200.00 
1542 -200.00 
1543 -200.00 
1544 -200.00 
1545 -200.00 
1546 -200.00 
1547 -200.00 
1548 -200.00 
1549 -200.00 
1550 -200.00 
1551 -200.00 
1552 -200.00 
1553 -200.00 
1554 -200.00 
1555 -200.00 
1556 -200.00 
1557 -200.00 
1558 -200.00 
1559 -200.00 
1560 -200.00 
1561 -200.00 
1562 -200.00 
1563 -200.00 
1564 -200.00 
1565 -200.00 
1566 -200.00 
1567 -200.00 
1568 -200.00 
1569 -200.00 
1570 -200.00 
1571 -200.00 
1572 -200.00 
1573 -200.00 
1574 -200.00 
1575 -200.00 
1576 -200.00 
1577 -200.00 
1578 -200.00 
1579 -200.00 
1580 -200.00 
1581 -200.00 
1582 -200.00 
1583 -200.00 
1584 -200.00 
1585 -200.00 
1586 -200.00 
1587 -200.00 
1588 -200.00 
1589 -200.00 
1590 -200.00 
1591 -200.00 
1592 -200.00 
1593 -200.00 
1594 -200.00 
1595 -200.00 
1596 -200.00 
1597 -200.00 
1598 -200.00 
1599 -200.00 
1600 -200.00 
1601 -200.00 
1602 -200.00 
1603 -200.00 
1604 -200.00 
1605 -200.00 
1606 -200.00 
1607 -200.00 
1608 -200.00 
1609 -200.00 
1610 -200.00 
1611 -200.00 
1612 -200.00 
1613 -200.00 
1614 -200.00 
1615 -200.00 
1616 -200.00 
1617 -200.00 
1618 -200.00 
1619 -200.00 
1620 -200.00 
1621 -200.00 
1622 -200.00 
1623 -200.00 
1624 -200.00 
1625 -200.00 
1626 -200.00 
1627 -200.00 
1628 -200.00 
1629 -200.00 
1630 -200.00 
1631 -200.00 
1632 -200.00 
1633 -200.00 
1634 -200.00 
1635 -200.00 
1636 -200.00 
1637 -200.00 
1638 -200.00 
1639 -200.00 
1640 -200.00 
1641 -200.00 
1642 -200.00 
1643 -200.00 
1644 -200.00 
1645 -200.00 
1646 -200.00 
1647 -200.00 
1648 -200.00 
1649 -200.00 
1650 -200.00 
1651 -200.00 
1652 -200.00 
1653 -200.00 
1654 -200.00 
1655 -200.00 
1656 -200.00 
1657 -200.00 
1658 -200.00 
1659 -200.00 
1660 -200.00 
1661 -200.00 
1662 -200.00 
1663 -200.00 
1664 -200.00 
1665 -200.00 
1666 -200.00 
1667 -200.00 
1668 -200.00 
1669 -200.00 
1670 -200.00 
1671 -200.00 
1672 -200.00 
1673 -200.00 
1674 -200.00 
1675 -200.00 
1676 -200.00 
1677 -200.00 
1678 -200.00 
1679 -200.00 
1680 -200.00 
1681 -200.00 
1682 -200.00 
1683 -200.00 
1684 -200.00 
1685 -200.00 
1686 -200.00 
1687 -200.00 
1688 -200.00 
1689 -200.00 
1690 -200.00 
1691 -200.00 
1692 -200.00 
1693 -200.00 
1694 -200.00 
1695 -200.00 
1696 -200.00 
1697 -200.00 
1698 -200.00 
1699 -200.00 
1700 -200.00 
1701 -200.00 
1702 -200.00 
1703 -200.00 
1704 -200.00 
1705 -200.00 
1706 -200.00 
1707 -200.00 
1708 -200.00 
1709 -200.00 
1710 -200.00 
1711 -200.00 
1712 -200.00 
1713 -200.00 
1714 -200.00 
1715 -200.00 
1716 -200.00 
1717 -200.00 
1718 -200.00 
1719 -200.00 
1720 -200.00 
1721 -200.00 
1722 -200.00 
1723 -200.00 
1724 -200.00 
1725 -200.00 
1726 -200.00 
1727 -200.00 
1728 -200.00 
1729 -200.00 
1730 -200.00 
1731 -200.00 
1732 -200.00 
1733 -200.00 
1734 -200.00 
1735 -200.00 
1736 -200.00 
1737 -200.00 
1738 -200.00 
1739 -200.00 
1740 -200.00 
1741 -200.00 
1742 -200.00 
1743 -200.00 
1744 -200.00 
1745 -200.00 
1746 -200.00 
1747 -200.00 
1748 -200.00 
1749 -200.00 
1750 -200.00 
1751 -200.00 
1752 -200.00 
1753 -200.00 
1754 -200.00 
1755 -200.00 
1756 -200.00 
1757 -200.00 
1758 -200.00 
1759 -200.00 
1760 -200.00 
1761 -200.00 
1762 -200.00 
1763 -200.00 
1764 -200.00 
1765 -200.00 
1766 -200.00 
1767 -200.00 
1768 -200.00 
1769 -200.00 
1770 -200.00 
1771 -200.00 
1772 -200.00 
1773 -200.00 
1774 -200.00 
1775 -200.00 
1776 -200.00 
1777 -200.00 
1778 -200.00 
1779 -200.00 
1780 -200.00 
1781 -200.00 
1782 -200.00 
1783 -200.00 
1784 -200.00 
1785 -200.00 
1786 -200.00 
1787 -200.00 
1788 -200.00 
1789 -200.00 
1790 -200.00 
1791 -200.00 
1792 -200.00 
1793 -200.00 
1794 -200.00 
1795 -200.00 
1796 -200.00 
1797 -200.00 
1798 -200.00 
1799 -200.00 
1800 -200.00 
1801 -200.00 
1802 -200.00 
1803 -200.00 
1804 -200.00 
1805 -200.00 
1806 -200.00 
1807 -200.00 
1808 -200.00 
1809 -200.00 
1810 -200.00 
1811 -200.00 
1812 -200.00 
1813 -200.00 
1814 -200.00 
1815 -200.00 
1816 -200.00 
1817 -200.00 
1818 -200.00 
1819 -200.00 
1820 -200.00 
1821 -200.00 
1822 -200.00 
1823 -200.00 
1824 -200.00 
1825 -200.00 
1826 -200.00 
1827 -200.00 
1828 -200.00 
1829 -200.00 
1830 -200.00 
1831 -200.00 
1832 -200.00 
1833 -200.00 
1834 -200.00 
1835 -200.00 
1836 -200.00 
1837 -200.00 
1838 -200.00 
1839 -200.00 
1840 -200.00 
1841 -200.00 
1842 -200.00 
1843 -200.00 
1844 -200.00 
1845 -200.00 
1846 -200.00 
1847 -200.00 
1848 -200.00 
1849 -200.00 
1850 -200.00 
1851 -200.00 
1852 -200.00 
1853 -200.00 
1854 -200.00 
1855 -200.00 
1856 -200.00 
1857 -200.00 
1858 -200.00 
1859 -200.00 
1860 -200.00 
1861 -200.00 
1862 -200.00 
1863 -200.00 
1864 -200.00 
1865 -200.00 
1866 -200.00 
1867 -200.00 
1868 -200.00 
1869 -200.00 
1870 -200.00 
1871 -200.00 
1872 -200.00 
1873 -200.00 
1874 -200.00 
1875 -200.00 
1876 -200.00 
1877 -200.00 
1878 -200.00 
1879 -200.00 
1880 -200.00 
1881 -200.00 
1882 -200.00 
1883 -200.00 
1884 -200.00 
1885 -200.00 
1886 -200.00 
1887 -200.00 
1888 -200.00 
1889 -200.00 
1890 -200.00 
1891 -200.00 
1892 -200.00 
1893 -200.00 
1894 -200.00 
1895 -200.00 
1896 -200.00 
1897 -200.00 
1898 -200.00 
1899 -200.00 
1900 -200.00 
1901 -200.00 
1902 -200.00 
1903 -200.00 
1904 -200.00 
1905 -200.00 
1906 -200.00 
1907 -200.00 
1908 -200.00 
1909 -200.00 
1910 -200.00 
1911 -200.00 
1912 -200.00 
1913 -200.00 
1914 -200.00 
1915 -200.00 
1916 -200.00 
1917 -200.00 
1918 -200.00 
1919 -200.00 
1920 -200.00 
1921 -200.00 
1922 -200.00 
1923 -200.00 
1924 -200.00 
1925 -200.00 
1926 -200.00 
1927 -200.00 
1928 -200.00 
1929 -200.00 
1930 -200.00 
1931 -200.00 
1932 -200.00 
1933 -200.00 
1934 -200.00 
1935 -200.00 
1936 -200.00 
1937 -200.00 
1938 -200.00 
1939 -200.00 
1940 -200.00 
1941 -200.00 
1942 -200.00 
1943 -200.00 
1944 -200.00 
1945 -200.00 
1946 -200.00 
1947 -200.00 
1948 -200.00 
1949 -200.00 
1950 -200.00 
1951 -200.00 
1952 -200.00 
1953 -200.00 
1954 -200.00 
1955 -200.00 
1956 -200.00 
1957 -200.00 
1958 -200.00 
1959 -200.00 
1960 -200.00 
1961 -200.00 
1962 -200.00 
1963 -200.00 
1964 -200.00 
1965 -200.00 
1966 -200.00 
1967 -200.00 
1968 -200.00 
1969 -200.00 
1970 -200.00 
1971 -200.00 
1972 -200.00 
1973 -200.00 
1974 -200.00 
1975 -200.00 
1976 -200.00 
1977 -200.00 
1978 -200.00 
1979 -200.00 
1980 -200.00 
1981 -200.00 
1982 -200.00 
1983 -200.00 
1984 -200.00 
1985 -200.00 
1986 -200.00 
1987 -200.00 
1988 -200.00 
1989 -200.00 
1990 -200.00 
1991 -200.00 
1992 -200.00 
1993 -200.00 
1994 -200.00 
1995 -200.00 
1996 -200.00 
1997 -200.00 
1998 -200.00 
1999 -200.00 
2000 -200.00 
2001 -200.00 
2002 -200.00 
2003 -200.00 
2004 -200.00 
2005 -200.00 
2006 -200.00 
2007 -200.00 
2008 -200.00 
2009 -200.00 
2010 -200.00 
2011 -200.00 
2012 -200.00 
2013 -200.00 
2014 -200.00 
2015 -200.00 
2016 -200.00 
2017 -200.00 
2018 -200.00 
2019 -200.00 
2020 -200.00 
2021 -200.00 
2022 -200.00 
2023 -200.00 
2024 -200.00 
2025 -200.00 
2026 -200.00 
2027 -200.00 
2028 -200.00 
2029 -200.00 
2030 -200.00 
2031 -200.00 
2032 -200.00 
2033 -200.00 
2034 -200.00 
2035 -200.00 
2036 -200.00 
2037 -200.00 
2038 -200.00 
2039 -200.00 
2040 -200.00 
2041 -200.00 
2042 -200.00 
2043 -200.00 
2044 -200.00 
2045 -200.00 
2046 -200.00 
2047 -200.00 
2048 -200.00 
2049 -200.00 
2050 -200.00 
2051 -200.00 
2052 -200.00 
2053 -200.00 
2054 -200.00 
2055 -200.00 
2056 -200.00 
2057 -200.00 
2058 -200.00 
2059 -200.00 
2060 -200.00 
2061 -200.00 
2062 -200.00 
2063 -200.00 
2064 -200.00 
2065 -200.00 
2066 -200.00 
2067 -200.00 
2068 -200.00 
2069 -200.00 
2070 -200.00 
2071 -200.00 
2072 -200.00 
2073 -200.00 
2074 -200.00 
2075 -200.00 
2076 -200.00 
2077 -200.00 
2078 -200.00 
2079 -200.00 
2080 -200.00 
2081 -200.00 
2082 -200.00 
2083 -200.00 
2084 -200.00 
2085 -200.00 
2086 -200.00 
2087 -200.00 
2088 -200.00 
2089 -200.00 
2090 -200.00 
2091 -200.00 
2092 -200.00 
2093 -200.00 
2094 -200.00 
2095 -200.00 
2096 -200.00 
2097 -200.00 
2098 -200.00 
2099 -200.00 
2100 -200.00 
2101 -200.00 
2102 -200.00 
2103 -200.00 
2104 -200.00 
2105 -200.00 
2106 -200.00 
2107 -200.00 
2108 -200.00 
2109 -200.00 
2110 -200.00 
2111 -200.00 
2112 -200.00 
2113 -200.00 
2114 -200.00 
2115 -200.00 
2116 -200.00 
2117 -200.00 
2118 -200.00 
2119 -200.00 
2120 -200.00 
2121 -200.00 
2122 -200.00 
2123 -200.00 
2124 -200.00 
2125 -200.00 
2126 -200.00 
2127 -200.00 
2128 -200.00 
2129 -200.00 
2130 -200.00 
2131 -200.00 
2132 -200.00 
2133 -200.00 
2134 -200.00 
2135 -200.00 
2136 -200.00 
2137 -200.00 
2138 -200.00 
2139 -200.00 
2140 -200.00 
2141 -200.00 
2142 -200.00 
2143 -200.00 
2144 -200.00 
2145 -200.00 
2146 -200.00 
2147 -200.00 
2148 -200.00 
2149 -200.00 
2150 -200.00 
2151 -200.00 
2152 -200.00 
2153 -200.00 
2154 -200.00 
2155 -200.00 
2156 -200.00 
2157 -200.00 
2158 -200.00 
2159 -200.00 
2160 -200.00 
2161 -200.00 
2162 -200.00 
2163 -200.00 
2164 -200.00 
2165 -200.00 
2166 -200.00 
2167 -200.00 
2168 -200.00 
2169 -200.00 
2170 -200.00 
2171 -200.00 
2172 -200.00 
2173 -200.00 
2174 -200.00 
2175 -200.00 
2176 -200.00 
2177 -200.00 
2178 -200.00 
2179 -200.00 
2180 -200.00 
2181 -200.00 
2182 -200.00 
2183 -200.00 
2184 -200.00 
2185 -200.00 
2186 -200.00 
2187 -200.00 
2188 -200.00 
2189 -200.00 
2190 -200.00 
2191 -200.00 
2192 -200.00 
2193 -200.00 
2194 -200.00 
2195 -200.00 
2196 -200.00 
2197 -200.00 
2198 -200.00 
2199 -200.00 
2200 -200.00 
2201 -200.00 
2202 -200.00 
2203 -200.00 
2204 -200.00 
2205 -200.00 
2206 -200.00 
2207 -200.00 
2208 -200.00 
2209 -200.00 
2210 -200.00 
2211 -200.00 
2212 -200.00 
2213 -200.00 
2214 -200.00 
2215 -200.00 
2216 -200.00 
2217 -200.00 
2218 -200.00 
2219 -200.00 
2220 -200.00 
2221 -200.00 
2222 -200.00 
2223 -200.00 
2224 -200.00 
2225 -200.00 
2226 -200.00 
2227 -200.00 
2228 -200.00 
2229 -200.00 
2230 -200.00 
2231 -200.00 
2232 -200.00 
2233 -200.00 
2234 -200.00 
2235 -200.00 
2236 -200.00 
2237 -200.00 
2238 -200.00 
2239 -200.00 
2240 -200.00 
2241 -200.00 
2242 -200.00 
2243 -200.00 
2244 -200.00 
2245 -200.00 
2246 -200.00 
2247 -200.00 
2248 -200.00 
2249 -200.00 
2250 -200.00 
2251 -200.00 
2252 -200.00 
2253 -200.00 
2254 -200.00 
2255 -200.00 
2256 -200.00 
2257 -200.00 
2258 -200.00 
2259 -200.00 
2260 -200.00 
2261 -200.00 
2262 -200.00 
2263 -200.00 
2264 -200.00 
2265 -200.00 
2266 -200.00 
2267 -200.00 
2268 -200.00 
2269 -200.00 
2270 -200.00 
2271 -200.00 
2272 -200.00 
2273 -200.00 
2274 -200.00 
2275 -200.00 
2276 -200.00 
2277 -200.00 
2278 -200.00 
2279 -200.00 
2280 -200.00 
2281 -200.00 
2282 -200.00 
2283 -200.00 
2284 -200.00 
2285 -200.00 
2286 -200.00 
2287 -200.00 
2288 -200.00 
2289 -200.00 
2290 -200.00 
2291 -200.00 
2292 -200.00 
2293 -200.00 
2294 -200.00 
2295 -200.00 
2296 -200.00 
2297 -200.00 
2298 -200.00 
2299 -200.00 
2300 -200.00 
2301 -200.00 
2302 -200.00 
2303 -200.00 
2304 -200.00 
2305 -200.00 
2306 -200.00 
2307 -200.00 
2308 -200.00 
2309 -200.00 
2310 -200.00 
2311 -200.00 
2312 -200.00 
2313 -200.00 
2314 -200.00 
2315 -200.00 
2316 -200.00 
2317 -200.00 
2318 -200.00 
2319 -200.00 
2320 -200.00 
2321 -200.00 
2322 -200.00 
2323 -200.00 
2324 -200.00 
2325 -200.00 
2326 -200.00 
2327 -200.00 
2328 -200.00 
2329 -200.00 
2330 -200.00 
2331 -200.00 
2332 -200.00 
2333 -200.00 
2334 -200.00 
2335 -200.00 
2336 -200.00 
2337 -200.00 
2338 -200.00 
2339 -200.00 
2340 -200.00 
2341 -200.00 
2342 -200.00 
2343 -200.00 
2344 -200.00 
2345 -200.00 
2346 -200.00 
2347 -200.00 
2348 -200.00 
2349 -200.00 
2350 -200.00 
2351 -200.00 
2352 -200.00 
2353 -200.00 
2354 -200.00 
2355 -200.00 
2356 -200.00 
2357 -200.00 
2358 -200.00 
2359 -200.00 
2360 -200.00 
2361 -200.00 
2362 -200.00 
2363 -200.00 
2364 -200.00 
2365 -200.00 
2366 -200.00 
2367 -200.00 
2368 -200.00 
2369 -200.00 
2370 -200.00 
2371 -200.00 
2372 -200.00 
2373 -200.00 
2374 -200.00 
2375 -200.00 
2376 -200.00 
2377 -200.00 
2378 -200.00 
2379 -200.00 
2380 -200.00 
2381 -200.00 
2382 -200.00 
2383 -200.00 
2384 -200.00 
2385 -200.00 
2386 -200.00 
2387 -200.00 
2388 -200.00 
2389 -200.00 
2390 -200.00 
2391 -200.00 
2392 -200.00 
2393 -200.00 
2394 -200.00 
2395 -200.00 
2396 -200.00 
2397 -200.00 
2398 -200.00 
2399 -200.00 
2400 -200.00 
2401 -200.00 
2402 -200.00 
2403 -200.00 
2404 -200.00 
2405 -200.00 
2406 -200.00 
2407 -200.00 
2408 -200.00 
2409 -200.00 
2410 -200.00 
2411 -200.00 
2412 -200.00 
2413 -200.00 
2414 -200.00 
2415 -200.00 
2416 -200.00 
2417 -200.00 
2418 -200.00 
2419 -200.00 
2420 -200.00 
2421 -200.00 
2422 -200.00 
2423 -200.00 
2424 -200.00 
2425 -200.00 
2426 -200.00 
2427 -200.00 
2428 -200.00 
2429 -200.00 
2430 -200.00 
2431 -200.00 
2432 -200.00 
2433 -200.00 
2434 -200.00 
2435 -200.00 
2436 -200.00 
2437 -200.00 
2438 -200.00 
2439 -200.00 
2440 -200.00 
2441 -200.00 
2442 -200.00 
2443 -200.00 
2444 -200.00 
2445 -200.00 
2446 -200.00 
2447 -200.00 
2448 -200.00 
2449 -200.00 
2450 -200.00 
2451 -200.00 
2452 -200.00 
2453 -200.00 
2454 -200.00 
2455 -200.00 
2456 -200.00 
2457 -200.00 
2458 -200.00 
2459 -200.00 
2460 -200.00 
2461 -200.00 
2462 -200.00 
2463 -200.00 
2464 -200.00 
2465 -200.00 
2466 -200.00 
2467 -200.00 
2468 -200.00 
2469 -200.00 
2470 -200.00 
2471 -200.00 
2472 -200.00 
2473 -200.00 
2474 -200.00 
2475 -200.00 
2476 -200.00 
2477 -200.00 
2478 -200.00 
2479 -200.00 
2480 -200.00 
2481 -200.00 
2482 -200.00 
2483 -200.00 
2484 -200.00 
2485 -200.00 
2486 -200.00 
2487 -200.00 
2488 -200.00 
2489 -200.00 
2490 -200.00 
2491 -200.00 
2492 -200.00 
2493 -200.00 
2494 -200.00 
2495 -200.00 
2496 -200.00 
2497 -200.00 
2498 -200.00 
2499 -200.00 
2500 -200.00 
2501 -200.00 
2502 -200.00 
2503 -200.00 
2504 -200.00 
2505 -200.00 
2506 -200.00 
2507 -200.00 
2508 -200.00 
2509 -200.00 
2510 -200.00 
2511 -200.00 
2512 -200.00 
2513 -200.00 
2514 -200.00 
2515 -200.00 
2516 -200.00 
2517 -200.00 
2518 -200.00 
2519 -200.00 
2520 -200.00 
2521 -200.00 
2522 -200.00 
2523 -200.00 
2524 -200.00 
2525 -200.00 
2526 -200.00 
2527 -200.00 
2528 -200.00 
2529 -200.00 
2530 -200.00 
2531 -200.00 
2532 -200.00 
2533 -200.00 
2534 -200.00 
2535 -200.00 
2536 -200.00 
2537 -200.00 
2538 -200.00 
2539 -200.00 
2540 -200.00 
2541 -200.00 
2542 -200.00 
2543 -200.00 
2544 -200.00 
2545 -200.00 
2546 -200.00 
2547 -200.00 
2548 -200.00 
2549 -200.00 
2550 -200.00 
2551 -200.00 
2552 -200.00 
2553 -200.00 
2554 -200.00 
2555 -200.00 
2556 -200.00 
2557 -200.00 
2558 -200.00 
2559 -200.00 
2560 -200.00 
2561 -200.00 
2562 -200.00 
2563 -200.00 
2564 -200.00 
2565 -200.00 
2566 -200.00 
2567 -200.00 
2568 -200.00 
2569 -200.00 
2570 -200.00 
2571 -200.00 
2572 -200.00 
2573 -200.00 
2574 -200.00 
2575 -200.00 
2576 -200.00 
2577 -200.00 
2578 -200.00 
2579 -200.00 
2580 -200.00 
2581 -200.00 
2582 -200.00 
2583 -200.00 
2584 -200.00 
2585 -200.00 
2586 -200.00 
2587 -200.00 
2588 -200.00 
2589 -200.00 
2590 -200.00 
2591 -200.00 
2592 -200.00 
2593 -200.00 
2594 -200.00 
2595 -200.00 
2596 -200.00 
2597 -200.00 
2598 -200.00 
2599 -200.00 
2600 -200.00 
2601 -200.00 
2602 -200.00 
2603 -200.00 
2604 -200.00 
2605 -200.00 
2606 -200.00 
2607 -200.00 
2608 -200.00 
2609 -200.00 
2610 -200.00 
2611 -200.00 
2612 -200.00 
2613 -200.00 
2614 -200.00 
2615 -200.00 
2616 -200.00 
2617 -200.00 
2618 -200.00 
2619 -200.00 
2620 -200.00 
2621 -200.00 
2622 -200.00 
2623 -200.00 
2624 -200.00 
2625 -200.00 
2626 -200.00 
2627 -200.00 
2628 -200.00 
2629 -200.00 
2630 -200.00 
2631 -200.00 
2632 -200.00 
2633 -200.00 
2634 -200.00 
2635 -200.00 
2636 -200.00 
2637 -200.00 
2638 -200.00 
2639 -200.00 
2640 -200.00 
2641 -200.00 
2642 -200.00 
2643 -200.00 
2644 -200.00 
2645 -200.00 
2646 -200.00 
2647 -200.00 
2648 -200.00 
2649 -200.00 
2650 -200.00 
2651 -200.00 
2652 -200.00 
2653 -200.00 
2654 -200.00 
2655 -200.00 
2656 -200.00 
2657 -200.00 
2658 -200.00 
2659 -200.00 
2660 -200.00 
2661 -200.00 
2662 -200.00 
2663 -200.00 
2664 -200.00 
2665 -200.00 
2666 -200.00 
2667 -200.00 
2668 -200.00 
2669 -200.00 
2670 -200.00 
2671 -200.00 
2672 -200.00 
2673 -200.00 
2674 -200.00 
2675 -200.00 
2676 -200.00 
2677 -200.00 
2678 -200.00 
2679 -200.00 
2680 -200.00 
2681 -200.00 
2682 -200.00 
2683 -200.00 
2684 -200.00 
2685 -200.00 
2686 -200.00 
2687 -200.00 
2688 -200.00 
2689 -200.00 
2690 -200.00 
2691 -200.00 
2692 -200.00 
2693 -200.00 
2694 -200.00 
2695 -200.00 
2696 -200.00 
2697 -200.00 
2698 -200.00 
2699 -200.00 
2700 -200.00 
2701 -200.00 
2702 -200.00 
2703 -200.00 
2704 -200.00 
2705 -200.00 
2706 -200.00 
2707 -200.00 
2708 -200.00 
2709 -200.00 
2710 -200.00 
2711 -200.00 
2712 -200.00 
2713 -200.00 
2714 -200.00 
2715 -200.00 
2716 -200.00 
2717 -200.00 
2718 -200.00 
2719 -200.00 
2720 -200.00 
2721 -200.00 
2722 -200.00 
2723 -200.00 
2724 -200.00 
2725 -200.00 
2726 -200.00 
2727 -200.00 
2728 -200.00 
2729 -200.00 
2730 -200.00 
2731 -200.00 
2732 -200.00 
2733 -200.00 
2734 -200.00 
2735 -200.00 
2736 -200.00 
2737 -200.00 
2738 -200.00 
2739 -200.00 
2740 -200.00 
2741 -200.00 
2742 -200.00 
2743 -200.00 
2744 -200.00 
2745 -200.00 
2746 -200.00 
2747 -200.00 
2748 -200.00 
2749 -200.00 
2750 -200.00 
2751 -200.00 
2752 -200.00 
2753 -200.00 
2754 -200.00 
2755 -200.00 
2756 -200.00 
2757 -200.00 
2758 -200.00 
2759 -200.00 
2760 -200.00 
2761 -200.00 
2762 -200.00 
2763 -200.00 
2764 -200.00 
2765 -200.00 
2766 -200.00 
2767 -200.00 
2768 -200.00 
2769 -200.00 
2770 -200.00 
2771 -200.00 
2772 -200.00 
2773 -200.00 
2774 -200.00 
2775 -200.00 
2776 -200.00 
2777 -200.00 
2778 -200.00 
2779 -200.00 
2780 -200.00 
2781 -200.00 
2782 -200.00 
2783 -200.00 
2784 -200.00 
2785 -200.00 
2786 -200.00 
2787 -200.00 
2788 -200.00 
2789 -200.00 
2790 -200.00 
2791 -200.00 
2792 -200.00 
2793 -200.00 
2794 -200.00 
2795 -200.00 
2796 -200.00 
2797 -200.00 
2798 -200.00 
2799 -200.00 
2800 -200.00 
2801 -200.00 
2802 -200.00 
2803 -200.00 
2804 -200.00 
2805 -200.00 
2806 -200.00 
2807 -200.00 
2808 -200.00 
2809 -200.00 
2810 -200.00 
2811 -200.00 
2812 -200.00 
2813 -200.00 
2814 -200.00 
2815 -200.00 
2816 -200.00 
2817 -200.00 
2818 -200.00 
2819 -200.00 
2820 -200.00 
2821 -200.00 
2822 -200.00 
2823 -200.00 
2824 -200.00 
2825 -200.00 
2826 -200.00 
2827 -200.00 
2828 -200.00 
2829 -200.00 
2830 -200.00 
2831 -200.00 
2832 -200.00 
2833 -200.00 
2834 -200.00 
2835 -200.00 
2836 -200.00 
2837 -200.00 
2838 -200.00 
2839 -200.00 
2840 -200.00 
2841 -200.00 
2842 -200.00 
2843 -200.00 
2844 -200.00 
2845 -200.00 
2846 -200.00 
2847 -200.00 
2848 -200.00 
2849 -200.00 
2850 -200.00 
2851 -200.00 
2852 -200.00 
2853 -200.00 
2854 -200.00 
2855 -200.00 
2856 -200.00 
2857 -200.00 
2858 -200.00 
2859 -200.00 
2860 -200.00 
2861 -200.00 
2862 -200.00 
2863 -200.00 
2864 -200.00 
2865 -200.00 
2866 -200.00 
2867 -200.00 
2868 -200.00 
2869 -200.00 
2870 -200.00 
2871 -200.00 
2872 -200.00 
2873 -200.00 
2874 -200.00 
2875 -200.00 
2876 -200.00 
2877 -200.00 
2878 -200.00 
2879 -200.00 
2880 -200.00 
2881 -200.00 
2882 -200.00 
2883 -200.00 
2884 -200.00 
2885 -200.00 
2886 -200.00 
2887 -200.00 
2888 -200.00 
2889 -200.00 
2890 -200.00 
2891 -200.00 
2892 -200.00 
2893 -200.00 
2894 -200.00 
2895 -200.00 
2896 -200.00 
2897 -200.00 
2898 -200.00 
2899 -200.00 
2900 -200.00 
2901 -200.00 
2902 -200.00 
2903 -200.00 
2904 -200.00 
2905 -200.00 
2906 -200.00 
2907 -200.00 
2908 -200.00 
2909 -200.00 
2910 -200.00 
2911 -200.00 
2912 -200.00 
2913 -200.00 
2914 -200.00 
2915 -200.00 
2916 -200.00 
2917 -200.00 
2918 -200.00 
2919 -200.00 
2920 -200.00 
2921 -200.00 
2922 -200.00 
2923 -200.00 
2924 -200.00 
2925 -200.00 
2926 -200.00 
2927 -200.00 
2928 -200.00 
2929 -200.00 
2930 -200.00 
2931 -200.00 
2932 -200.00 
2933 -200.00 
2934 -200.00 
2935 -200.00 
2936 -200.00 
2937 -200.00 
2938 -200.00 
2939 -200.00 
2940 -200.00 
2941 -200.00 
2942 -200.00 
2943 -200.00 
2944 -200.00 
2945 -200.00 
2946 -200.00 
2947 -200.00 
2948 -200.00 
2949 -200.00 
2950 -200.00 
2951 -200.00 
2952 -200.00 
2953 -200.00 
2954 -200.00 
2955 -200.00 
2956 -200.00 
2957 -200.00 
2958 -200.00 
2959 -200.00 
2960 -200.00 
2961 -200.00 
2962 -200.00 
2963 -200.00 
2964 -200.00 
2965 -200.00 
2966 -200.00 
2967 -200.00 
2968 -200.00 
2969 -200.00 
2970 -200.00 
2971 -200.00 
2972 -200.00 
2973 -200.00 
2974 -200.00 
2975 -200.00 
2976 -200.00 
2977 -200.00 
2978 -200.00 
2979 -200.00 
2980 -200.00 
2981 -200.00 
2982 -200.00 
2983 -200.00 
2984 -200.00 
2985 -200.00 
2986 -200.00 
2987 -200.00 
2988 -200.00 
2989 -200.00 
2990 -200.00 
2991 -200.00 
2992 -200.00 
2993 -200.00 
2994 -200.00 
2995 -200.00 
2996 -200.00 
2997 -200.00 
2998 -200.00 
2999 -200.00 
3000 -200.00 
