Seed 9:
0 -500.00 
1 -500.00 
2 -500.00 
3 -500.00 
4 -181.00 
5 -92.00 
6 -79.00 
7 -96.00 
8 -81.00 
9 -79.00 
10 -210.00 
11 -86.00 
12 -139.00 
13 -82.00 
14 -73.00 
15 -94.00 
16 -86.00 
17 -86.00 
18 -82.00 
19 -73.00 
20 -87.00 
21 -157.00 
22 -74.00 
23 -77.00 
24 -64.00 
25 -73.00 
26 -86.00 
27 -73.00 
28 -83.00 
29 -79.00 
30 -73.00 
31 -72.00 
32 -64.00 
33 -80.00 
34 -77.00 
35 -90.00 
36 -93.00 
37 -74.00 
38 -72.00 
39 -73.00 
40 -72.00 
41 -73.00 
42 -163.00 
43 -74.00 
44 -102.00 
45 -72.00 
46 -97.00 
47 -101.00 
48 -118.00 
49 -77.00 
50 -73.00 
51 -87.00 
52 -73.00 
53 -108.00 
54 -64.00 
55 -90.00 
56 -183.00 
57 -72.00 
58 -65.00 
59 -79.00 
60 -81.00 
61 -65.00 
62 -75.00 
63 -90.00 
64 -100.00 
65 -78.00 
66 -90.00 
67 -73.00 
68 -118.00 
69 -79.00 
70 -75.00 
71 -92.00 
72 -79.00 
73 -72.00 
74 -95.00 
75 -81.00 
76 -96.00 
77 -72.00 
78 -78.00 
79 -88.00 
80 -78.00 
81 -85.00 
82 -79.00 
83 -79.00 
84 -93.00 
85 -73.00 
86 -76.00 
87 -65.00 
88 -73.00 
89 -78.00 
90 -84.00 
91 -89.00 
92 -79.00 
93 -91.00 
94 -85.00 
95 -77.00 
96 -64.00 
97 -94.00 
98 -64.00 
99 -89.00 
100 -283.00 
101 -73.00 
102 -64.00 
103 -77.00 
104 -73.00 
105 -85.00 
106 -92.00 
107 -78.00 
108 -64.00 
109 -72.00 
110 -93.00 
111 -82.00 
112 -72.00 
113 -82.00 
114 -79.00 
115 -193.00 
116 -98.00 
117 -73.00 
118 -79.00 
119 -78.00 
120 -73.00 
121 -78.00 
122 -79.00 
123 -71.00 
124 -78.00 
125 -73.00 
126 -170.00 
127 -79.00 
128 -90.00 
129 -64.00 
130 -87.00 
131 -87.00 
132 -89.00 
133 -100.00 
134 -73.00 
135 -86.00 
136 -83.00 
137 -72.00 
138 -87.00 
139 -79.00 
140 -87.00 
141 -130.00 
142 -81.00 
143 -65.00 
144 -78.00 
145 -80.00 
146 -86.00 
147 -73.00 
148 -82.00 
149 -64.00 
150 -79.00 
151 -115.00 
152 -72.00 
153 -77.00 
154 -72.00 
155 -80.00 
156 -75.00 
157 -88.00 
158 -89.00 
159 -84.00 
160 -85.00 
161 -71.00 
162 -84.00 
163 -79.00 
164 -178.00 
165 -74.00 
166 -79.00 
167 -110.00 
168 -78.00 
169 -76.00 
170 -72.00 
171 -87.00 
172 -77.00 
173 -77.00 
174 -79.00 
175 -95.00 
176 -83.00 
177 -98.00 
178 -78.00 
179 -71.00 
180 -78.00 
181 -93.00 
182 -77.00 
183 -65.00 
184 -77.00 
185 -86.00 
186 -81.00 
187 -78.00 
188 -74.00 
189 -85.00 
190 -84.00 
191 -82.00 
192 -88.00 
193 -85.00 
194 -78.00 
195 -93.00 
196 -81.00 
197 -78.00 
198 -76.00 
199 -74.00 
200 -87.00 
201 -72.00 
202 -90.00 
203 -80.00 
204 -86.00 
205 -92.00 
206 -84.00 
207 -86.00 
208 -91.00 
209 -82.00 
210 -89.00 
211 -88.00 
212 -105.00 
213 -83.00 
214 -97.00 
215 -72.00 
216 -90.00 
217 -79.00 
218 -75.00 
219 -82.00 
220 -64.00 
221 -87.00 
222 -81.00 
223 -77.00 
224 -93.00 
225 -76.00 
226 -73.00 
227 -73.00 
228 -74.00 
229 -91.00 
230 -73.00 
231 -64.00 
232 -73.00 
233 -73.00 
234 -72.00 
235 -84.00 
236 -78.00 
237 -76.00 
238 -87.00 
239 -98.00 
240 -69.00 
241 -78.00 
242 -86.00 
243 -84.00 
244 -95.00 
245 -88.00 
246 -86.00 
247 -83.00 
248 -74.00 
249 -82.00 
250 -86.00 
251 -84.00 
252 -84.00 
253 -72.00 
254 -72.00 
255 -87.00 
256 -79.00 
257 -78.00 
258 -81.00 
259 -88.00 
260 -74.00 
261 -74.00 
262 -71.00 
263 -81.00 
264 -86.00 
265 -91.00 
266 -87.00 
267 -112.00 
268 -73.00 
269 -114.00 
270 -93.00 
271 -78.00 
272 -85.00 
273 -79.00 
274 -83.00 
275 -85.00 
276 -81.00 
277 -87.00 
278 -86.00 
279 -78.00 
280 -111.00 
281 -72.00 
282 -93.00 
283 -87.00 
284 -99.00 
285 -79.00 
286 -77.00 
287 -80.00 
288 -77.00 
289 -84.00 
290 -84.00 
291 -84.00 
292 -95.00 
293 -85.00 
294 -97.00 
295 -78.00 
296 -78.00 
297 -78.00 
298 -86.00 
299 -78.00 
300 -90.00 
301 -83.00 
302 -77.00 
303 -71.00 
304 -73.00 
305 -86.00 
306 -94.00 
307 -72.00 
308 -86.00 
309 -84.00 
310 -90.00 
311 -78.00 
312 -80.00 
313 -73.00 
314 -89.00 
315 -132.00 
316 -70.00 
317 -73.00 
318 -77.00 
319 -86.00 
320 -97.00 
321 -90.00 
322 -78.00 
323 -86.00 
324 -87.00 
325 -90.00 
326 -84.00 
327 -72.00 
328 -83.00 
329 -75.00 
330 -72.00 
331 -78.00 
332 -78.00 
333 -78.00 
334 -79.00 
335 -84.00 
336 -79.00 
337 -77.00 
338 -83.00 
339 -105.00 
340 -95.00 
341 -77.00 
342 -77.00 
343 -98.00 
344 -78.00 
345 -71.00 
346 -91.00 
347 -79.00 
348 -80.00 
349 -84.00 
350 -99.00 
351 -93.00 
352 -91.00 
353 -70.00 
354 -74.00 
355 -79.00 
356 -70.00 
357 -78.00 
358 -85.00 
359 -78.00 
360 -84.00 
361 -87.00 
362 -90.00 
363 -79.00 
364 -79.00 
365 -111.00 
366 -78.00 
367 -82.00 
368 -89.00 
369 -112.00 
370 -78.00 
371 -88.00 
372 -78.00 
373 -73.00 
374 -91.00 
375 -77.00 
376 -77.00 
377 -88.00 
378 -78.00 
379 -77.00 
380 -85.00 
381 -79.00 
382 -79.00 
383 -80.00 
384 -84.00 
385 -321.00 
386 -79.00 
387 -83.00 
388 -78.00 
389 -86.00 
390 -100.00 
391 -78.00 
392 -78.00 
393 -77.00 
394 -79.00 
395 -78.00 
396 -72.00 
397 -78.00 
398 -91.00 
399 -80.00 
400 -73.00 
401 -86.00 
402 -83.00 
403 -73.00 
404 -86.00 
405 -65.00 
406 -103.00 
407 -77.00 
408 -77.00 
409 -79.00 
410 -89.00 
411 -82.00 
412 -76.00 
413 -94.00 
414 -100.00 
415 -69.00 
416 -164.00 
417 -72.00 
418 -78.00 
419 -77.00 
420 -79.00 
421 -80.00 
422 -78.00 
423 -84.00 
424 -79.00 
425 -79.00 
426 -78.00 
427 -78.00 
428 -86.00 
429 -86.00 
430 -79.00 
431 -77.00 
432 -69.00 
433 -79.00 
434 -77.00 
435 -72.00 
436 -82.00 
437 -79.00 
438 -78.00 
439 -71.00 
440 -88.00 
441 -73.00 
442 -64.00 
443 -122.00 
444 -77.00 
445 -104.00 
446 -78.00 
447 -96.00 
448 -78.00 
449 -77.00 
450 -63.00 
451 -77.00 
452 -78.00 
453 -87.00 
454 -86.00 
455 -80.00 
456 -107.00 
457 -82.00 
458 -88.00 
459 -77.00 
460 -85.00 
461 -97.00 
462 -69.00 
463 -78.00 
464 -91.00 
465 -78.00 
466 -70.00 
467 -78.00 
468 -125.00 
469 -79.00 
470 -177.00 
471 -78.00 
472 -82.00 
473 -80.00 
474 -77.00 
475 -70.00 
476 -73.00 
477 -79.00 
478 -106.00 
479 -77.00 
480 -77.00 
481 -84.00 
482 -78.00 
483 -95.00 
484 -81.00 
485 -103.00 
486 -91.00 
487 -72.00 
488 -84.00 
489 -78.00 
490 -78.00 
491 -92.00 
492 -90.00 
493 -73.00 
494 -92.00 
495 -85.00 
496 -86.00 
497 -69.00 
498 -71.00 
499 -71.00 
500 -98.00 
