Seed 5:
0 -500.00 
1 -500.00 
2 -500.00 
3 -75.00 
4 -500.00 
5 -102.00 
6 -100.00 
7 -79.00 
8 -500.00 
9 -127.00 
10 -94.00 
11 -89.00 
12 -89.00 
13 -94.00 
14 -86.00 
15 -75.00 
16 -90.00 
17 -70.00 
18 -97.00 
19 -77.00 
20 -97.00 
21 -72.00 
22 -78.00 
23 -83.00 
24 -104.00 
25 -73.00 
26 -86.00 
27 -86.00 
28 -81.00 
29 -100.00 
30 -78.00 
31 -78.00 
32 -81.00 
33 -84.00 
34 -91.00 
35 -87.00 
36 -112.00 
37 -86.00 
38 -64.00 
39 -73.00 
40 -91.00 
41 -80.00 
42 -86.00 
43 -81.00 
44 -77.00 
45 -134.00 
46 -82.00 
47 -98.00 
48 -70.00 
49 -85.00 
50 -78.00 
51 -94.00 
52 -153.00 
53 -72.00 
54 -89.00 
55 -73.00 
56 -96.00 
57 -70.00 
58 -73.00 
59 -90.00 
60 -76.00 
61 -64.00 
62 -88.00 
63 -95.00 
64 -80.00 
65 -72.00 
66 -74.00 
67 -95.00 
68 -71.00 
69 -74.00 
70 -77.00 
71 -82.00 
72 -74.00 
73 -86.00 
74 -79.00 
75 -73.00 
76 -185.00 
77 -80.00 
78 -227.00 
79 -203.00 
80 -72.00 
81 -98.00 
82 -73.00 
83 -87.00 
84 -97.00 
85 -110.00 
86 -65.00 
87 -86.00 
88 -76.00 
89 -97.00 
90 -74.00 
91 -74.00 
92 -65.00 
93 -80.00 
94 -85.00 
95 -73.00 
96 -84.00 
97 -89.00 
98 -64.00 
99 -79.00 
100 -87.00 
101 -116.00 
102 -65.00 
103 -86.00 
104 -95.00 
105 -96.00 
106 -87.00 
107 -82.00 
108 -79.00 
109 -103.00 
110 -109.00 
111 -64.00 
112 -65.00 
113 -79.00 
114 -73.00 
115 -79.00 
116 -78.00 
117 -74.00 
118 -82.00 
119 -78.00 
120 -65.00 
121 -81.00 
122 -74.00 
123 -65.00 
124 -65.00 
125 -72.00 
126 -87.00 
127 -90.00 
128 -73.00 
129 -74.00 
130 -93.00 
131 -282.00 
132 -105.00 
133 -88.00 
134 -72.00 
135 -73.00 
136 -128.00 
137 -95.00 
138 -73.00 
139 -72.00 
140 -203.00 
141 -84.00 
142 -87.00 
143 -85.00 
144 -78.00 
145 -72.00 
146 -73.00 
147 -73.00 
148 -72.00 
149 -71.00 
150 -97.00 
151 -65.00 
152 -65.00 
153 -94.00 
154 -74.00 
155 -204.00 
156 -79.00 
157 -76.00 
158 -72.00 
159 -140.00 
160 -103.00 
161 -64.00 
162 -92.00 
163 -74.00 
164 -65.00 
165 -73.00 
166 -73.00 
167 -87.00 
168 -73.00 
169 -79.00 
170 -73.00 
171 -81.00 
172 -65.00 
173 -100.00 
174 -67.00 
175 -74.00 
176 -71.00 
177 -201.00 
178 -159.00 
179 -87.00 
180 -74.00 
181 -82.00 
182 -65.00 
183 -74.00 
184 -65.00 
185 -64.00 
186 -86.00 
187 -75.00 
188 -72.00 
189 -64.00 
190 -194.00 
191 -89.00 
192 -73.00 
193 -80.00 
194 -104.00 
195 -66.00 
196 -84.00 
197 -72.00 
198 -64.00 
199 -72.00 
200 -89.00 
201 -91.00 
202 -73.00 
203 -64.00 
204 -84.00 
205 -145.00 
206 -83.00 
207 -74.00 
208 -78.00 
209 -65.00 
210 -89.00 
211 -87.00 
212 -88.00 
213 -65.00 
214 -87.00 
215 -77.00 
216 -74.00 
217 -74.00 
218 -81.00 
219 -95.00 
220 -88.00 
221 -75.00 
222 -79.00 
223 -89.00 
224 -87.00 
225 -87.00 
226 -80.00 
227 -89.00 
228 -80.00 
229 -64.00 
230 -74.00 
231 -65.00 
232 -82.00 
233 -97.00 
234 -83.00 
235 -81.00 
236 -74.00 
237 -79.00 
238 -71.00 
239 -86.00 
240 -73.00 
241 -73.00 
242 -73.00 
243 -73.00 
244 -73.00 
245 -72.00 
246 -91.00 
247 -73.00 
248 -72.00 
249 -79.00 
250 -64.00 
251 -78.00 
252 -73.00 
253 -79.00 
254 -82.00 
255 -89.00 
256 -99.00 
257 -72.00 
258 -87.00 
259 -87.00 
260 -73.00 
261 -164.00 
262 -65.00 
263 -78.00 
264 -80.00 
265 -96.00 
266 -87.00 
267 -85.00 
268 -90.00 
269 -76.00 
270 -95.00 
271 -87.00 
272 -84.00 
273 -76.00 
274 -78.00 
275 -89.00 
276 -73.00 
277 -100.00 
278 -73.00 
279 -88.00 
280 -65.00 
281 -78.00 
282 -65.00 
283 -73.00 
284 -64.00 
285 -74.00 
286 -104.00 
287 -78.00 
288 -91.00 
289 -64.00 
290 -87.00 
291 -178.00 
292 -73.00 
293 -72.00 
294 -78.00 
295 -78.00 
296 -73.00 
297 -71.00 
298 -77.00 
299 -65.00 
300 -87.00 
301 -90.00 
302 -73.00 
303 -120.00 
304 -64.00 
305 -73.00 
306 -77.00 
307 -83.00 
308 -91.00 
309 -98.00 
310 -73.00 
311 -81.00 
312 -65.00 
313 -103.00 
314 -78.00 
315 -73.00 
316 -82.00 
317 -74.00 
318 -76.00 
319 -72.00 
320 -79.00 
321 -115.00 
322 -74.00 
323 -116.00 
324 -169.00 
325 -72.00 
326 -77.00 
327 -84.00 
328 -74.00 
329 -64.00 
330 -78.00 
331 -76.00 
332 -74.00 
333 -65.00 
334 -89.00 
335 -73.00 
336 -73.00 
337 -73.00 
338 -234.00 
339 -82.00 
340 -78.00 
341 -73.00 
342 -86.00 
343 -75.00 
344 -82.00 
345 -75.00 
346 -77.00 
347 -91.00 
348 -78.00 
349 -76.00 
350 -163.00 
351 -72.00 
352 -85.00 
353 -71.00 
354 -81.00 
355 -94.00 
356 -97.00 
357 -74.00 
358 -72.00 
359 -124.00 
360 -74.00 
361 -65.00 
362 -74.00 
363 -86.00 
364 -74.00 
365 -72.00 
366 -73.00 
367 -77.00 
368 -74.00 
369 -102.00 
370 -90.00 
371 -78.00 
372 -83.00 
373 -74.00 
374 -74.00 
375 -84.00 
376 -73.00 
377 -76.00 
378 -82.00 
379 -67.00 
380 -72.00 
381 -95.00 
382 -84.00 
383 -96.00 
384 -72.00 
385 -64.00 
386 -96.00 
387 -73.00 
388 -90.00 
389 -73.00 
390 -126.00 
391 -92.00 
392 -90.00 
393 -73.00 
394 -74.00 
395 -73.00 
396 -77.00 
397 -73.00 
398 -82.00 
399 -73.00 
400 -73.00 
401 -84.00 
402 -78.00 
403 -83.00 
404 -76.00 
405 -75.00 
406 -88.00 
407 -73.00 
408 -72.00 
409 -139.00 
410 -87.00 
411 -93.00 
412 -74.00 
413 -72.00 
414 -90.00 
415 -103.00 
416 -72.00 
417 -83.00 
418 -167.00 
419 -73.00 
420 -74.00 
421 -104.00 
422 -87.00 
423 -98.00 
424 -78.00 
425 -88.00 
426 -92.00 
427 -86.00 
428 -64.00 
429 -83.00 
430 -73.00 
431 -176.00 
432 -73.00 
433 -78.00 
434 -104.00 
435 -64.00 
436 -88.00 
437 -72.00 
438 -73.00 
439 -78.00 
440 -74.00 
441 -65.00 
442 -73.00 
443 -78.00 
444 -65.00 
445 -72.00 
446 -67.00 
447 -74.00 
448 -79.00 
449 -74.00 
450 -73.00 
451 -109.00 
452 -64.00 
453 -76.00 
454 -87.00 
455 -90.00 
456 -74.00 
457 -82.00 
458 -71.00 
459 -65.00 
460 -65.00 
461 -72.00 
462 -65.00 
463 -156.00 
464 -74.00 
465 -78.00 
466 -66.00 
467 -81.00 
468 -120.00 
469 -74.00 
470 -78.00 
471 -90.00 
472 -100.00 
473 -65.00 
474 -74.00 
475 -87.00 
476 -73.00 
477 -77.00 
478 -77.00 
479 -72.00 
480 -72.00 
481 -83.00 
482 -74.00 
483 -64.00 
484 -64.00 
485 -114.00 
486 -75.00 
487 -81.00 
488 -75.00 
489 -77.00 
490 -76.00 
491 -77.00 
492 -77.00 
493 -71.00 
494 -73.00 
495 -65.00 
496 -75.00 
497 -74.00 
498 -72.00 
499 -66.00 
500 -86.00 
