Seed 0:
0 -290.11 
1 -284.62 
2 -411.42 
3 -316.92 
4 -134.38 
5 -207.43 
6 -116.64 
7 -145.98 
8 -77.72 
9 -160.05 
10 -109.16 
11 -109.05 
12 -147.07 
13 -99.87 
14 -301.58 
15 -94.23 
16 -106.82 
17 -151.95 
18 75.15 
19 -70.71 
20 488.57 
21 530.12 
22 720.09 
23 883.96 
24 787.44 
25 758.96 
26 828.32 
27 813.49 
28 860.27 
29 918.05 
30 873.12 
31 866.02 
32 895.97 
33 918.77 
34 942.45 
35 1090.51 
36 1183.83 
37 1386.77 
38 1463.12 
39 1592.68 
40 1520.18 
41 1684.52 
42 1635.53 
43 1709.00 
44 1675.94 
45 1664.11 
46 1425.17 
47 1813.68 
48 1759.45 
49 1909.02 
50 1998.00 
51 2022.68 
52 853.37 
53 2056.18 
54 2033.84 
55 2231.18 
56 686.69 
57 2281.54 
58 2330.45 
59 2259.80 
60 2407.68 
61 2265.35 
62 2312.55 
63 2339.58 
64 879.70 
65 2388.46 
66 2479.78 
67 2511.67 
68 2453.35 
69 2595.20 
70 2665.77 
71 2550.50 
72 2587.64 
73 2607.98 
74 2713.35 
75 1184.14 
76 2738.44 
77 2553.94 
78 2559.71 
79 1008.59 
80 2629.94 
81 2667.06 
82 2684.37 
83 2629.66 
84 2633.12 
85 2726.36 
86 2690.18 
87 2591.99 
88 2631.54 
89 2817.19 
90 2786.23 
91 2738.91 
92 2732.98 
93 2779.19 
94 2567.50 
95 2669.33 
96 2808.52 
97 2821.48 
98 2805.41 
99 2742.53 
100 2629.52 
101 2680.27 
102 2720.01 
103 2539.84 
104 2727.02 
105 2656.82 
106 109.02 
107 2757.48 
108 2674.67 
109 2550.84 
110 1708.54 
111 1467.78 
112 2783.60 
113 2748.82 
114 2718.25 
115 2638.89 
116 2755.22 
117 2594.76 
118 2652.52 
119 2573.05 
120 2620.23 
121 2707.00 
122 2765.64 
123 2703.23 
124 2764.79 
125 2735.57 
126 2463.09 
127 2738.43 
128 2618.84 
129 2691.25 
130 2825.29 
131 2773.59 
132 2872.69 
133 2763.69 
134 2651.67 
135 2787.32 
136 2745.91 
137 2713.75 
138 2716.95 
139 1217.08 
140 2856.57 
141 2727.47 
142 2669.24 
143 2585.72 
144 2716.59 
145 2732.02 
146 2765.97 
147 2273.47 
148 2688.12 
149 2684.23 
150 2532.20 
151 2496.35 
152 2241.25 
153 2691.77 
154 2689.07 
155 2643.75 
156 2662.24 
157 2793.25 
158 2764.80 
159 2718.70 
160 2659.95 
161 2812.49 
162 869.39 
163 2700.64 
164 2563.86 
165 668.97 
166 2638.12 
167 2652.99 
168 2733.64 
169 2791.23 
170 2787.23 
171 2770.42 
172 2622.20 
173 2746.65 
174 2742.67 
175 2708.69 
176 2789.13 
177 2691.91 
178 2858.83 
179 2656.68 
180 2669.14 
181 2700.35 
182 2672.05 
183 2686.53 
184 2714.42 
185 2598.66 
186 2561.85 
187 2671.85 
188 2687.50 
189 2740.81 
190 2706.00 
191 2660.89 
192 2656.17 
193 2674.24 
194 2677.84 
195 2735.13 
196 2687.74 
197 2729.20 
198 2623.20 
199 2560.93 
200 2548.94 
201 2645.58 
202 2730.48 
203 2683.07 
204 2715.71 
205 2672.51 
206 2838.89 
207 2716.76 
208 2761.28 
209 2706.55 
210 2633.26 
211 2663.25 
212 2710.76 
213 2713.85 
214 2649.75 
215 2720.96 
216 2766.80 
217 2730.93 
218 2729.69 
219 2764.05 
220 2792.75 
221 2698.63 
222 2612.16 
223 2570.69 
224 2752.84 
225 2776.89 
226 2573.74 
227 2674.78 
228 2566.72 
229 2735.04 
230 2597.22 
231 2726.18 
232 2736.10 
233 2666.51 
234 2635.35 
235 2673.17 
236 2817.22 
237 2772.62 
238 2702.79 
239 470.95 
240 2605.00 
241 2781.35 
242 2744.80 
243 2736.05 
244 2652.62 
245 2767.93 
246 2705.93 
247 2716.43 
248 2721.94 
249 2779.22 
250 2710.35 
251 2703.27 
252 2701.20 
253 2804.80 
254 2687.51 
255 2770.59 
256 2658.41 
257 2691.25 
258 2840.36 
259 2643.75 
260 2608.08 
261 1598.03 
262 2611.53 
263 2638.44 
264 2715.46 
265 2658.44 
266 2765.24 
267 2804.22 
268 2799.89 
269 2732.45 
270 2690.28 
271 2723.29 
272 2712.22 
273 2812.06 
274 2622.06 
275 2772.85 
276 2794.57 
277 2760.78 
278 2646.88 
279 1165.51 
280 2814.81 
281 2647.54 
282 2751.52 
283 2665.82 
284 2768.69 
285 2765.83 
286 2775.40 
287 2669.95 
288 2792.95 
289 2808.80 
290 2656.17 
291 2698.04 
292 2682.42 
293 2737.22 
294 2715.79 
295 2728.49 
296 2735.54 
297 2630.60 
298 2763.59 
299 2673.62 
300 2604.20 
301 2735.14 
302 71.08 
303 2634.10 
304 2629.89 
305 2671.57 
306 2777.63 
307 2693.49 
308 2638.68 
309 2656.64 
310 2575.40 
311 2793.02 
312 2782.22 
313 2770.02 
314 2721.00 
315 2661.38 
316 2718.55 
317 2685.44 
318 2749.14 
319 2779.43 
320 2811.36 
321 2646.19 
322 2759.16 
323 2730.06 
324 2728.56 
325 2634.89 
326 2696.77 
327 2676.85 
328 2782.94 
329 2724.48 
330 2576.96 
331 2731.69 
332 2699.13 
333 2613.79 
334 2711.34 
335 2663.77 
336 2676.38 
337 2753.04 
338 2713.42 
339 2587.95 
340 2756.91 
341 2736.75 
342 2787.20 
343 2641.72 
344 2772.47 
345 2698.72 
346 2804.15 
347 2669.18 
348 2628.38 
349 2733.91 
350 2773.16 
351 2649.12 
352 2743.88 
353 2553.10 
354 2748.30 
355 2768.28 
356 2763.44 
357 2815.18 
358 2687.97 
359 2502.35 
360 2685.85 
361 2699.96 
362 2673.32 
363 2513.64 
364 2664.27 
365 2675.22 
366 2581.67 
367 2659.69 
368 2766.38 
369 2714.59 
370 2589.43 
371 2727.68 
372 2726.35 
373 2764.03 
374 2707.86 
375 2781.67 
376 2738.19 
377 2721.94 
378 2412.52 
379 2693.82 
380 2659.63 
381 2652.86 
382 2637.73 
383 2755.01 
384 2585.58 
385 2797.38 
386 2735.49 
387 2700.83 
388 2736.46 
389 2691.67 
390 2618.82 
391 2755.79 
392 2649.02 
393 2737.21 
394 2743.75 
395 2654.46 
396 2706.82 
397 2665.41 
398 2663.59 
399 2762.49 
400 198.47 
401 2632.74 
402 2681.59 
403 2732.63 
404 2656.49 
405 2727.32 
406 2792.68 
407 2754.00 
408 2829.31 
409 2713.72 
410 2743.73 
411 2826.86 
412 2763.93 
413 879.96 
414 2700.13 
415 2759.29 
416 2693.51 
417 2735.96 
418 2654.22 
419 2760.51 
420 2725.54 
421 2865.52 
422 2767.04 
423 2732.70 
424 2806.97 
425 2651.74 
426 2852.41 
427 2718.31 
428 2818.85 
429 426.05 
430 2729.60 
431 2821.42 
432 2798.04 
433 2688.59 
434 2692.46 
435 2812.04 
436 2789.76 
437 2734.80 
438 2704.50 
439 2694.85 
440 2699.30 
441 2722.23 
442 2682.45 
443 2703.58 
444 2660.53 
445 1264.21 
446 2854.99 
447 2692.84 
448 2699.40 
449 2776.88 
450 2753.15 
451 2745.17 
452 1277.72 
453 2630.75 
454 2780.88 
455 2683.05 
456 2709.24 
457 2662.52 
458 2862.71 
459 2787.75 
460 2689.30 
461 2752.03 
462 2815.27 
463 2799.84 
464 2665.93 
465 2630.45 
466 2803.35 
467 2635.33 
468 2813.16 
469 2750.96 
470 2779.36 
471 2705.03 
472 2765.16 
473 2682.42 
474 2803.39 
475 2761.79 
476 2746.72 
477 2720.22 
478 2705.32 
479 2857.04 
480 2738.54 
481 2683.43 
482 2780.01 
483 2704.11 
484 2819.65 
485 2825.21 
486 2657.41 
487 2803.50 
488 2701.88 
489 2729.31 
490 2796.22 
491 2698.87 
492 2722.25 
493 2735.63 
494 2823.87 
495 2634.61 
496 2665.32 
497 2545.86 
498 2671.20 
499 2737.32 
500 2679.35 
501 2698.33 
502 2775.75 
503 2664.92 
504 2692.61 
505 2727.45 
506 2761.89 
507 2592.78 
508 2808.33 
509 2742.04 
510 2824.60 
511 2683.05 
512 2650.77 
513 2613.64 
514 2762.63 
515 2670.38 
516 2677.17 
517 2757.15 
518 2665.62 
519 2326.81 
520 2706.34 
521 2799.85 
522 2785.63 
523 2595.95 
524 2844.81 
525 2663.30 
526 2791.25 
527 2652.52 
528 2665.75 
529 907.75 
530 2794.79 
531 2824.64 
532 2852.91 
533 2670.59 
534 2801.29 
535 2801.27 
536 2664.85 
537 2714.17 
538 2744.63 
539 2776.36 
540 2743.91 
541 2741.65 
542 2739.01 
543 2682.93 
544 2720.54 
545 2754.67 
546 1175.22 
547 2718.96 
548 2591.07 
549 2702.25 
550 2670.83 
551 2860.50 
552 2762.18 
553 2748.28 
554 2707.60 
555 2752.72 
556 244.26 
557 2732.83 
558 2664.09 
559 2590.52 
560 2797.61 
561 2690.47 
562 2670.87 
563 2774.43 
564 2715.99 
565 2761.82 
566 2810.68 
567 2744.05 
568 2770.37 
569 2720.97 
570 2787.21 
571 2761.47 
572 2768.15 
573 2817.23 
574 2755.20 
575 2798.42 
576 2710.78 
577 2749.53 
578 2735.00 
579 2660.42 
580 2762.66 
581 2902.92 
582 2740.33 
583 2774.82 
584 2890.29 
585 2812.46 
586 2226.89 
587 2641.21 
588 2694.67 
589 2635.10 
590 2815.08 
591 2769.72 
592 2721.93 
593 2778.78 
594 2776.80 
595 2814.20 
596 2800.97 
597 2778.68 
598 82.37 
599 2665.02 
600 2771.32 
601 2814.12 
602 2726.17 
603 2640.69 
604 2735.39 
605 2739.74 
606 2865.62 
607 2570.35 
608 2671.09 
609 2828.73 
610 2617.87 
611 2735.06 
612 235.33 
613 95.02 
614 2800.58 
615 2637.81 
616 2716.19 
617 2793.26 
618 2704.35 
619 2799.61 
620 2650.45 
621 2735.94 
622 2632.14 
623 2743.70 
624 2710.40 
625 2798.66 
626 2601.73 
627 2664.53 
628 2712.37 
629 2751.28 
630 2796.91 
631 2722.04 
632 2849.92 
633 2719.75 
634 2726.67 
635 2774.85 
636 2649.69 
637 2770.93 
638 2668.84 
639 2773.77 
640 2029.57 
641 2756.76 
642 2714.93 
643 1416.67 
644 2737.45 
645 2719.38 
646 2773.56 
647 2742.83 
648 2813.62 
649 2675.19 
650 2721.51 
651 2831.10 
652 2846.24 
653 2743.99 
654 2721.77 
655 2778.60 
656 2732.10 
657 2707.83 
658 2749.21 
659 1369.69 
660 2627.70 
661 2701.99 
662 2703.69 
663 2836.58 
664 2766.16 
665 2751.26 
666 2717.36 
667 2736.60 
668 2743.55 
669 2618.03 
670 2711.99 
671 2650.89 
672 2675.39 
673 2730.32 
674 2773.69 
675 2736.97 
676 2682.30 
677 689.56 
678 2768.79 
679 2717.16 
680 2688.02 
681 2757.66 
682 2715.38 
683 501.32 
684 2689.11 
685 2691.45 
686 2755.39 
687 2734.18 
688 2693.30 
689 2783.87 
690 2696.93 
691 2595.79 
692 2660.90 
693 1268.10 
694 2687.66 
695 2748.00 
696 2689.23 
697 2708.76 
698 2562.10 
699 2726.61 
700 2667.00 
701 2733.51 
702 2733.63 
703 2703.86 
704 2781.16 
705 2774.05 
706 2806.57 
707 2760.59 
708 2820.60 
709 2631.67 
710 1271.73 
711 2756.60 
712 2655.18 
713 2840.03 
714 2625.79 
715 2732.75 
716 2751.75 
717 2713.87 
718 2817.12 
719 2707.70 
720 2717.68 
721 2735.20 
722 2783.06 
723 2743.67 
724 2715.34 
725 2707.39 
726 2721.91 
727 2796.21 
728 2671.82 
729 2741.79 
730 2720.02 
731 2739.99 
732 2631.95 
733 2704.00 
734 2750.94 
735 2818.88 
736 2869.79 
737 2729.35 
738 2754.11 
739 2807.85 
740 2694.87 
741 2796.53 
742 2729.57 
743 2661.17 
744 2722.67 
745 2878.26 
746 2696.62 
747 2753.00 
748 2635.27 
749 2759.48 
750 2738.68 
751 2656.09 
752 2759.83 
753 2733.70 
754 2834.52 
755 2692.52 
756 2752.78 
757 2750.64 
758 2709.70 
759 2658.05 
760 2696.83 
761 2760.89 
762 2735.35 
763 2724.44 
764 2785.19 
765 2592.73 
766 2777.88 
767 2530.73 
768 2733.06 
769 2785.10 
770 2799.56 
771 2665.74 
772 2637.31 
773 2827.74 
774 2725.87 
775 2713.29 
776 2658.22 
777 2753.09 
778 2725.09 
779 303.09 
780 2797.65 
781 252.57 
782 2730.36 
783 2730.44 
784 865.12 
785 2751.56 
786 2684.03 
787 2770.73 
788 2603.15 
789 2783.73 
790 2761.36 
791 2800.31 
792 2681.51 
793 2858.49 
794 2764.07 
795 2848.75 
796 2746.67 
797 2774.87 
798 2770.65 
799 2851.73 
800 2795.39 
801 2860.51 
802 2654.02 
803 2772.76 
804 2859.41 
805 2823.84 
806 2716.99 
807 2756.35 
808 122.61 
809 2689.05 
810 2775.40 
811 2660.90 
812 2725.03 
813 2738.99 
814 2708.14 
815 2589.59 
816 2791.00 
817 2705.01 
818 2652.54 
819 2754.70 
820 2634.57 
821 2587.72 
822 2764.45 
823 2803.70 
824 2787.84 
825 2765.62 
826 1272.16 
827 2708.50 
828 848.98 
829 2719.56 
830 2626.70 
831 2755.15 
832 2902.34 
833 2760.13 
834 2694.11 
835 1145.19 
836 2859.47 
837 2762.68 
838 2691.87 
839 1351.09 
840 2658.56 
841 2648.82 
842 2793.49 
843 2752.17 
844 2863.85 
845 2867.11 
846 2767.16 
847 2670.60 
848 2629.70 
849 2783.79 
850 2745.88 
851 2780.97 
852 2867.00 
853 2764.54 
854 2785.05 
855 2799.01 
856 2743.09 
857 2783.58 
858 2876.23 
859 2734.73 
860 1428.23 
861 2835.27 
862 2660.41 
863 2686.00 
864 2670.97 
865 2803.15 
866 2905.74 
867 2806.01 
868 2773.20 
869 2785.91 
870 2781.56 
871 2724.35 
872 2846.17 
873 2748.88 
874 2793.58 
875 2838.07 
876 2753.56 
877 2747.21 
878 2793.54 
879 677.05 
880 1469.85 
881 2866.83 
882 2720.52 
883 2766.48 
884 2763.04 
885 2640.82 
886 2727.53 
887 2804.94 
888 2794.86 
889 1253.30 
890 2701.39 
891 2834.96 
892 2720.30 
893 2801.44 
894 2787.22 
895 2745.15 
896 2852.36 
897 2829.67 
898 2751.03 
899 2682.54 
900 2688.58 
901 2815.49 
902 2714.41 
903 2618.97 
904 2734.68 
905 2755.60 
906 2743.60 
907 2721.34 
908 2805.63 
909 2668.61 
910 2753.18 
911 2715.86 
912 2786.02 
913 2868.91 
914 2692.21 
915 2724.88 
916 2863.98 
917 386.91 
918 2568.87 
919 2750.84 
920 2879.01 
921 2021.24 
922 2676.62 
923 2792.22 
924 2722.26 
925 2747.36 
926 2727.38 
927 2762.95 
928 2727.16 
929 2798.55 
930 2799.70 
931 2650.48 
932 2709.27 
933 2710.46 
934 2790.07 
935 372.76 
936 2812.92 
937 2671.02 
938 2809.69 
939 2823.40 
940 2674.08 
941 2625.26 
942 2818.29 
943 2706.47 
944 2702.65 
945 2872.95 
946 2766.49 
947 2610.16 
948 2754.62 
949 2863.54 
950 2773.93 
951 2843.74 
952 2667.92 
953 2784.44 
954 2779.35 
955 2842.81 
956 2703.64 
957 2778.04 
958 2732.44 
959 2679.62 
960 2728.65 
961 2812.83 
962 2767.36 
963 2629.43 
964 2721.34 
965 2620.93 
966 2532.28 
967 2649.24 
968 2665.24 
969 2764.17 
970 2783.92 
971 2760.13 
972 2758.75 
973 2726.30 
974 2812.63 
975 2742.12 
976 2700.64 
977 2685.79 
978 2774.71 
979 2749.56 
980 2829.52 
981 2828.57 
982 2836.02 
983 2743.17 
984 2748.55 
985 2754.41 
986 2746.69 
987 2668.51 
988 2818.26 
989 2798.89 
990 2571.02 
991 2685.43 
992 2736.58 
993 766.88 
994 2686.46 
995 2637.67 
996 2700.59 
997 2641.02 
998 2631.17 
999 2672.05 
1000 2848.28 
1001 2622.30 
1002 2676.22 
1003 2717.30 
1004 2633.51 
1005 2755.10 
1006 2739.00 
1007 2762.15 
1008 2771.78 
1009 2622.84 
0 2714.83 
1 2724.80 
2 2787.09 
3 2648.08 
4 2707.74 
5 2729.40 
6 2652.67 
7 2622.65 
8 2682.22 
9 2724.52 
10 2790.10 
11 2694.45 
12 2661.78 
13 2775.47 
14 2800.49 
15 2684.21 
16 2763.79 
17 2482.25 
18 2690.82 
19 2617.14 
20 2711.86 
21 2857.26 
22 2729.87 
23 2663.43 
24 2664.69 
25 2631.55 
26 2767.97 
27 2811.01 
28 2706.99 
29 2797.53 
30 2701.70 
31 2729.37 
32 365.59 
33 2653.79 
34 2686.04 
35 2809.36 
36 2759.39 
37 2780.00 
38 2594.18 
39 2739.06 
40 2717.95 
41 2692.76 
42 2718.01 
43 2808.43 
44 2739.49 
45 2778.97 
46 2675.55 
47 2691.25 
48 2716.97 
49 1480.99 
50 2834.49 
51 2834.43 
52 2809.79 
53 2757.30 
54 2775.84 
55 2723.43 
56 2733.50 
57 2811.56 
58 2716.27 
59 2552.36 
60 2713.92 
61 2804.66 
62 2793.54 
63 2778.60 
64 2810.88 
65 2773.04 
66 2646.96 
67 2688.79 
68 2636.97 
69 2787.08 
70 2799.63 
71 2715.76 
72 2734.38 
73 2794.38 
74 2835.57 
75 2820.97 
76 2787.27 
77 2824.10 
78 2705.24 
79 2788.34 
80 2609.61 
81 2753.37 
82 2641.47 
83 2793.90 
84 2660.25 
85 2799.89 
86 2826.69 
87 2793.24 
88 2682.42 
89 2706.78 
90 2834.71 
91 2741.18 
92 2808.59 
93 2788.33 
94 2798.38 
95 2754.62 
96 2744.41 
97 2754.36 
98 2767.16 
99 2759.05 
100 2801.55 
101 2870.61 
102 2744.25 
103 2737.68 
104 2777.91 
105 2777.67 
106 2703.47 
107 2734.35 
108 2748.01 
109 2625.46 
110 2659.98 
111 2809.31 
112 2751.80 
113 2787.75 
114 2723.99 
115 2694.61 
116 2664.52 
117 2845.54 
118 2630.78 
119 434.93 
120 2718.32 
121 2836.05 
122 2773.69 
123 2805.95 
124 2776.39 
125 2792.26 
126 2758.75 
127 2890.20 
128 2416.10 
129 2693.25 
130 2802.42 
131 2660.83 
132 2740.94 
133 2725.37 
134 2737.28 
135 2836.17 
136 2734.62 
137 2958.30 
138 2775.49 
139 2685.23 
140 2710.38 
141 1265.54 
142 2742.63 
143 2766.04 
144 2623.26 
145 2874.95 
146 2645.13 
147 2824.39 
148 2804.06 
149 2637.78 
150 2638.63 
151 2440.27 
152 2781.47 
153 2717.91 
154 2775.81 
155 2822.60 
156 2806.08 
157 2778.69 
158 2742.62 
159 2560.61 
160 2191.21 
161 2737.47 
162 2866.11 
163 2757.08 
164 2653.38 
165 2763.04 
166 2850.36 
167 2835.50 
168 2828.06 
169 2782.30 
170 2922.33 
171 2730.15 
172 2769.41 
173 2740.24 
174 2718.42 
175 2829.86 
176 2742.11 
177 2647.19 
178 2629.49 
179 2815.69 
180 2749.88 
181 2684.27 
182 2639.98 
183 2715.61 
184 2720.43 
185 2628.59 
186 2773.25 
187 2869.34 
188 2613.67 
189 2771.49 
190 2723.24 
191 2722.60 
192 2696.96 
193 2740.07 
194 2731.09 
195 2667.41 
196 2733.89 
197 2692.40 
198 2769.47 
199 2809.14 
200 2770.42 
201 2863.13 
202 2645.39 
203 2711.17 
204 2700.23 
205 2776.85 
206 2818.57 
207 2814.04 
208 2714.88 
209 2692.76 
210 2767.67 
211 2831.21 
212 2650.55 
213 2733.38 
214 2870.18 
215 2710.08 
216 2729.51 
217 2015.74 
218 2825.81 
219 2804.99 
220 2949.35 
221 2813.01 
222 2754.20 
223 2851.44 
224 2669.02 
225 2775.06 
226 2755.33 
227 2780.30 
228 2773.85 
229 1196.95 
230 2720.20 
231 2657.05 
232 2771.28 
233 2853.80 
234 2660.96 
235 2700.05 
236 2784.39 
237 2756.27 
238 2771.71 
239 2852.39 
240 2779.62 
241 2729.16 
242 2779.56 
243 2831.90 
244 2894.25 
245 2822.65 
246 2714.45 
247 2746.58 
248 2760.20 
249 2766.78 
250 2682.24 
251 2726.52 
252 2753.68 
253 2785.82 
254 2672.48 
255 2722.50 
256 2767.00 
257 2813.16 
258 301.68 
259 2805.01 
260 2804.70 
261 2782.77 
262 2813.98 
263 2815.63 
264 2710.55 
265 2799.78 
266 2689.53 
267 2809.36 
268 2718.70 
269 2803.09 
270 2831.54 
271 2721.49 
272 2806.34 
273 2726.54 
274 2860.89 
275 2836.21 
276 2720.01 
277 2779.16 
278 2803.30 
279 2666.62 
280 2824.69 
281 2765.46 
282 2722.15 
283 2757.80 
284 1788.83 
285 2761.01 
286 2804.52 
287 2848.41 
288 2640.47 
289 2813.97 
290 2772.90 
291 2825.76 
292 2723.70 
293 2815.87 
294 2837.40 
295 2751.55 
296 2687.05 
297 2819.42 
298 2721.57 
299 2668.00 
300 2810.77 
301 2817.08 
302 2726.65 
303 2848.01 
304 2724.52 
305 2883.41 
306 2718.74 
307 2750.63 
308 2765.58 
309 2734.33 
310 2754.47 
311 2690.01 
312 2854.83 
313 2723.70 
314 2724.00 
315 2788.91 
316 2776.90 
317 2847.58 
318 2830.55 
319 2844.19 
320 2771.76 
321 2829.74 
322 2800.02 
323 2800.78 
324 2760.93 
0 2770.54 
1 2673.65 
325 1576.41 
2 2828.36 
326 2874.64 
3 2881.14 
327 2735.79 
4 2741.01 
5 2781.62 
328 2809.94 
6 2876.51 
329 2825.66 
7 2755.54 
330 2808.32 
8 2700.18 
9 2682.20 
331 2821.06 
10 2767.49 
332 2867.36 
11 2737.64 
12 2813.52 
333 2906.10 
13 1215.28 
334 2712.99 
14 2638.52 
335 2772.28 
15 2763.83 
16 2844.04 
336 2826.51 
17 2817.61 
337 2819.50 
18 2733.87 
338 2747.99 
19 2796.27 
20 2839.08 
339 2736.92 
21 2759.76 
340 2875.54 
22 2699.24 
341 2796.48 
23 2798.18 
24 2741.92 
342 2709.93 
25 2834.91 
343 2827.42 
26 2808.55 
27 2792.84 
344 2806.22 
28 2827.43 
345 2812.81 
29 2663.13 
346 2849.98 
30 2754.83 
31 2777.96 
347 2140.51 
32 2785.72 
348 2793.04 
33 2632.05 
349 2739.41 
34 2860.13 
35 2819.74 
350 2809.03 
36 2784.99 
351 2731.01 
37 2696.28 
38 2710.35 
352 2746.57 
39 2769.70 
353 2726.32 
40 2668.55 
354 2671.41 
41 2718.59 
42 2832.30 
355 2795.35 
43 2742.72 
356 2761.77 
44 2772.27 
45 2134.59 
357 2794.37 
46 2847.92 
358 2712.42 
47 2810.71 
359 2750.99 
48 2802.28 
49 2643.09 
360 2876.02 
50 2937.48 
361 2784.67 
51 2826.62 
52 2556.59 
362 2812.98 
53 2778.40 
363 2847.41 
54 2782.26 
364 2710.49 
55 2802.17 
56 2779.81 
365 2800.48 
57 2795.97 
366 2696.56 
58 2845.40 
59 2835.42 
367 2768.75 
60 2726.37 
368 2817.33 
61 2776.15 
369 2852.95 
62 2786.08 
63 276.19 
370 2787.65 
64 1725.10 
371 2834.20 
65 2740.83 
372 2726.98 
66 2830.96 
67 2779.60 
373 2744.50 
68 2728.25 
374 2804.82 
69 2790.04 
375 2862.71 
70 2826.18 
71 2755.26 
376 2841.18 
72 2721.44 
377 2707.96 
73 2697.17 
74 2789.81 
378 5.39 
75 2728.08 
379 2834.53 
76 2788.96 
380 2761.11 
77 2764.40 
78 2686.82 
381 2821.43 
79 2793.15 
382 2795.03 
80 2744.86 
383 2830.04 
81 2722.29 
82 2788.66 
384 2824.59 
83 2673.16 
385 2536.63 
84 2679.86 
386 2865.23 
85 2781.50 
86 2739.71 
387 2827.06 
87 2735.82 
388 2778.99 
88 2846.88 
389 2909.39 
89 1401.00 
90 2717.26 
390 2837.83 
91 2756.44 
391 2915.66 
92 2886.97 
392 2790.34 
93 2886.31 
94 2764.97 
393 2812.55 
95 2783.25 
394 2762.17 
96 2698.23 
395 2639.34 
97 2786.54 
98 2777.72 
396 2727.77 
99 2852.24 
397 2731.23 
100 2846.59 
101 2778.16 
398 2730.19 
102 2780.92 
399 2861.90 
103 2750.32 
400 2697.40 
104 2799.10 
105 2850.34 
401 2755.79 
106 2796.90 
402 2684.45 
107 2855.49 
403 2701.55 
108 2884.46 
109 2738.60 
404 2794.62 
110 2853.01 
405 2699.53 
111 2876.21 
406 2721.27 
112 2844.34 
113 2873.07 
407 2671.23 
114 2710.06 
408 2784.88 
115 2829.05 
116 2725.97 
409 2708.17 
117 2760.72 
410 2706.53 
118 2789.53 
411 2714.90 
119 2787.80 
120 2879.32 
412 2672.65 
121 2877.33 
413 2687.46 
122 2781.81 
414 2760.87 
123 2857.95 
124 2750.86 
415 2714.50 
125 2817.47 
416 2743.57 
126 2877.41 
417 2735.55 
127 2884.50 
128 2838.78 
418 2757.93 
129 2788.47 
419 2782.85 
130 2789.17 
420 2727.78 
131 2880.92 
132 2760.88 
421 2655.02 
133 2817.89 
422 2901.51 
134 2821.21 
423 2817.37 
135 2812.06 
136 2725.47 
424 2800.66 
137 2877.07 
425 2719.14 
138 2870.28 
426 2725.64 
139 2742.29 
140 2845.24 
427 1067.18 
141 2817.72 
428 2629.28 
142 2776.16 
143 2900.97 
429 2839.09 
144 2727.51 
430 2708.61 
145 2885.56 
431 2708.71 
146 2767.83 
147 2767.00 
432 605.33 
148 2634.95 
433 2736.18 
149 2794.78 
434 2771.25 
150 2751.64 
151 2833.94 
435 2741.31 
152 2782.61 
436 2865.04 
153 2819.04 
154 2844.50 
437 2683.45 
155 2853.20 
438 2580.67 
156 2805.81 
439 2785.98 
157 2764.19 
158 2837.95 
440 2901.89 
159 2805.45 
441 2811.00 
160 2788.89 
442 2833.32 
161 2824.59 
162 2742.86 
443 2747.30 
163 2389.15 
444 2824.38 
164 2846.79 
165 2855.99 
445 2911.81 
166 2911.01 
446 2734.84 
167 2812.75 
447 2689.94 
168 2796.89 
169 2743.86 
448 2689.30 
170 2808.39 
449 2804.20 
171 2814.85 
172 2893.81 
450 2763.56 
173 2787.00 
451 2764.85 
174 2785.43 
452 2807.32 
175 2950.03 
176 2769.68 
453 2837.97 
177 2837.34 
454 2851.17 
178 2750.73 
179 2839.65 
455 2768.79 
180 2789.23 
456 2713.86 
181 2795.47 
457 2732.16 
182 2728.24 
183 2745.93 
458 2879.99 
184 2748.09 
459 2821.53 
185 2785.40 
460 2770.26 
186 2890.99 
187 2825.92 
461 2848.52 
188 2747.36 
462 2760.14 
189 2868.30 
190 2813.72 
463 2759.57 
191 2876.19 
464 2896.95 
192 2938.21 
465 2664.09 
193 2770.15 
194 2821.67 
466 2816.25 
195 2829.82 
467 2656.24 
196 2920.20 
197 2856.76 
468 2898.09 
198 2707.54 
469 2885.37 
199 2812.26 
470 2818.45 
200 2623.24 
201 2797.25 
471 2781.92 
202 2746.49 
472 2858.26 
203 2771.50 
473 2619.84 
204 2798.94 
205 2816.77 
474 2748.14 
206 2772.31 
475 2854.90 
207 2856.81 
476 2898.65 
208 2837.89 
209 2773.80 
477 2839.54 
210 2795.09 
478 2762.74 
211 2776.48 
479 2794.80 
212 2811.80 
213 2900.44 
480 2719.51 
214 2888.11 
481 2824.95 
215 2723.16 
482 2729.01 
216 2680.23 
217 2688.58 
483 2825.88 
218 2803.54 
484 2854.93 
219 2896.26 
220 2792.42 
485 2839.21 
221 2847.04 
486 2756.05 
222 2855.24 
487 2885.84 
223 2931.33 
224 2767.14 
488 2796.17 
225 2805.62 
489 2705.07 
226 2779.82 
490 2656.13 
227 2790.23 
228 2778.53 
491 2700.86 
229 135.87 
492 2871.19 
230 2728.89 
493 2720.95 
231 2797.19 
232 2927.03 
494 2770.43 
233 2756.95 
495 2859.97 
234 2723.73 
496 2784.33 
235 2751.97 
236 2839.31 
497 2710.98 
237 2759.67 
498 2791.10 
238 2939.51 
239 2880.06 
499 2802.73 
240 2844.68 
500 2727.51 
241 2742.58 
501 2927.32 
242 2762.00 
243 2715.03 
502 2715.05 
244 2822.52 
503 2792.08 
245 2764.52 
504 2836.56 
246 2814.54 
247 2760.57 
505 2884.66 
248 2783.81 
506 2750.01 
249 2685.17 
250 2867.02 
507 2818.75 
251 2689.60 
508 2639.31 
252 2721.98 
509 2699.91 
253 2791.09 
254 2690.09 
510 1833.92 
255 2739.62 
511 2789.95 
256 2691.79 
512 2691.33 
257 2839.45 
258 2754.69 
513 2699.76 
259 2829.19 
514 2794.39 
260 2733.81 
261 2792.91 
515 2823.11 
262 2802.89 
516 2701.14 
263 2759.08 
517 2851.21 
264 2755.87 
265 2796.43 
518 2736.01 
266 2831.25 
519 2801.66 
267 2957.89 
520 2670.09 
268 2778.97 
269 2790.34 
521 2777.60 
270 2890.47 
522 2808.41 
271 2947.33 
523 2842.06 
272 2752.11 
273 2896.43 
524 2713.39 
274 2688.86 
525 2751.88 
275 2773.35 
276 2759.73 
526 2744.40 
277 2779.42 
527 2840.67 
278 2785.18 
528 2806.96 
279 2827.12 
280 2792.31 
529 2687.17 
281 2829.77 
530 2653.48 
282 2698.95 
531 2773.13 
283 2787.32 
284 451.81 
532 2796.53 
285 2661.74 
533 2898.94 
286 2878.75 
287 2796.07 
534 2826.37 
288 2865.12 
535 2793.54 
289 2746.69 
536 2827.82 
290 2883.43 
291 2775.02 
537 2894.72 
292 2745.94 
538 2781.40 
293 2772.39 
539 2825.47 
294 2788.39 
295 2764.31 
540 2856.15 
296 2900.44 
541 2796.62 
297 2763.35 
298 2819.88 
542 2770.90 
299 2849.86 
543 2842.90 
300 2743.68 
544 2823.09 
301 776.56 
302 2918.93 
545 2868.90 
303 2826.36 
546 2706.12 
304 2797.27 
305 2835.65 
547 2847.02 
306 2739.39 
548 2716.96 
307 -139.39 
549 2811.48 
308 2716.66 
309 2792.23 
550 2697.30 
310 2806.98 
551 2758.97 
311 2899.07 
552 2721.59 
312 2815.37 
313 2869.50 
553 2757.89 
314 2817.74 
554 2712.00 
315 2828.00 
555 2700.77 
316 2851.02 
317 2839.15 
556 2854.89 
318 2820.23 
557 2733.29 
319 2826.56 
320 2828.70 
558 2709.53 
321 2816.64 
559 2670.14 
322 2713.46 
560 2709.76 
323 2848.54 
324 2705.03 
561 2722.29 
325 2846.07 
562 2793.71 
326 2937.53 
563 2798.95 
327 2848.66 
328 2764.63 
564 2785.30 
329 2046.29 
565 2892.52 
330 2718.05 
566 2856.52 
331 2806.97 
332 2785.91 
567 2743.33 
333 2763.89 
568 2793.36 
334 2689.35 
569 2802.41 
335 2756.87 
336 2784.88 
570 2739.89 
337 2865.70 
571 2777.70 
338 2754.37 
572 2717.38 
339 2706.23 
340 2661.79 
573 2824.22 
341 2905.71 
574 2822.57 
342 2778.78 
343 2829.52 
575 2849.75 
344 2828.43 
576 2059.58 
345 2848.10 
577 2811.04 
346 2776.91 
347 2871.60 
578 2702.74 
348 2865.58 
579 2684.09 
349 510.30 
580 2825.04 
350 2856.30 
351 2858.71 
581 2614.13 
352 2777.69 
582 2808.59 
353 2783.78 
354 2758.66 
583 2803.84 
355 2854.05 
584 2744.32 
356 2800.74 
585 2876.85 
357 2820.46 
358 2814.77 
586 2746.70 
359 2796.47 
587 2804.54 
360 2681.83 
588 2956.71 
361 2746.34 
362 2750.64 
589 2820.24 
363 2775.84 
590 2792.04 
364 2895.17 
365 2827.51 
591 2776.43 
366 2769.97 
592 2690.11 
367 2808.86 
593 2799.21 
368 2741.68 
369 2749.65 
594 2620.00 
370 2781.64 
595 2775.70 
371 2718.79 
372 2767.37 
596 2722.41 
373 2828.20 
597 2800.38 
374 2794.38 
598 2810.77 
375 2351.66 
376 2897.78 
599 2853.21 
377 2706.46 
600 2807.48 
378 2711.74 
379 2917.97 
601 2824.46 
380 2772.41 
602 2893.16 
381 2819.51 
603 2883.31 
382 2815.20 
383 2750.03 
604 2853.43 
384 2812.56 
605 2736.06 
385 2859.89 
386 2740.84 
606 2744.35 
387 2760.10 
607 2858.15 
388 2813.52 
608 2823.89 
389 2712.62 
390 2890.90 
609 2764.07 
391 2809.57 
610 2766.96 
392 2670.53 
393 2893.43 
611 2729.27 
394 2797.05 
612 2709.13 
395 2789.39 
613 2736.91 
396 2797.94 
397 2881.96 
614 2803.88 
398 2787.13 
615 2690.68 
399 2771.30 
400 2856.30 
616 2710.87 
401 2751.82 
617 2916.88 
402 2734.27 
618 2848.68 
403 1877.01 
404 2857.29 
619 2837.34 
405 2608.55 
620 2706.06 
406 2725.35 
621 2743.71 
407 2824.21 
408 2826.38 
622 2695.52 
409 2930.66 
623 2823.72 
410 2908.93 
624 2804.61 
411 2850.81 
412 2779.06 
625 2755.30 
413 2818.49 
626 2792.61 
414 2798.89 
627 2752.56 
415 2863.07 
416 2790.39 
628 2698.45 
417 2852.67 
629 2763.41 
418 2841.80 
630 2618.57 
419 2714.27 
420 2819.23 
631 2719.97 
421 2894.02 
632 2906.90 
422 2718.15 
423 2787.76 
633 2846.41 
424 2809.28 
634 2750.71 
425 2735.03 
635 2706.75 
426 2671.13 
427 2784.06 
636 2873.64 
428 2762.31 
637 2804.31 
429 2698.50 
638 2826.99 
430 1782.84 
431 2799.32 
639 2835.28 
432 2742.22 
640 2870.83 
433 2789.40 
641 787.59 
434 2851.39 
435 2813.81 
642 2847.16 
436 2787.33 
643 2648.11 
437 2796.70 
644 2189.75 
438 2816.61 
439 2843.62 
645 2805.46 
440 2856.21 
646 2867.84 
441 2727.12 
647 2771.97 
442 2828.11 
443 2783.22 
648 2404.88 
444 2896.06 
649 2711.21 
445 2740.90 
446 2715.43 
650 2764.40 
447 2848.46 
651 2827.20 
448 2738.36 
652 2925.11 
449 2786.99 
450 2747.26 
653 2775.69 
451 2811.19 
654 2806.89 
452 2681.86 
655 2759.27 
453 2774.86 
454 2793.41 
656 2699.90 
455 2783.93 
657 1722.89 
456 2785.63 
457 2874.50 
658 2676.20 
458 2732.32 
659 2774.93 
459 2797.78 
660 2685.87 
460 2796.07 
461 2743.62 
661 2865.46 
462 2768.54 
662 2784.22 
463 2784.11 
663 2674.32 
464 2757.82 
465 2759.69 
664 2887.67 
466 2756.86 
665 2732.60 
467 2772.74 
666 2753.10 
468 2812.63 
469 2878.49 
667 920.40 
470 268.52 
668 2705.31 
471 2809.08 
669 2755.87 
472 2874.27 
473 2835.76 
670 2693.70 
474 2651.47 
671 2768.99 
475 2774.58 
476 2838.49 
672 2774.69 
477 2744.44 
673 2632.72 
478 2675.87 
674 2734.23 
479 2871.92 
480 2758.94 
675 2743.01 
481 2866.40 
676 2647.03 
482 2721.23 
677 2839.14 
483 2715.78 
484 2782.19 
678 2811.38 
485 2809.52 
679 2773.98 
486 2768.61 
487 2794.15 
680 2774.33 
488 2843.63 
681 2738.12 
489 2810.96 
682 2736.51 
490 2784.43 
491 2881.81 
683 2700.45 
492 2704.04 
684 2707.86 
493 2849.98 
494 2818.30 
685 2773.00 
495 2829.95 
686 2800.62 
496 2821.93 
687 2847.74 
497 2803.46 
498 2747.66 
688 2799.70 
499 2804.89 
689 2683.56 
500 2825.57 
501 2817.28 
690 2733.86 
502 2719.55 
691 2749.80 
503 2762.17 
692 2751.86 
504 2895.81 
505 2730.70 
693 2833.10 
506 2870.58 
694 2821.56 
507 2821.49 
508 2908.11 
695 2737.08 
509 2750.06 
696 2795.09 
510 2747.66 
697 2792.30 
511 2824.38 
512 1043.69 
698 2704.22 
513 2730.62 
699 2727.94 
514 2731.96 
515 2828.11 
700 2708.48 
516 2830.08 
701 2813.76 
517 2765.30 
702 2642.21 
518 2870.01 
519 2812.03 
703 2726.27 
520 2902.75 
704 2818.76 
521 2747.59 
705 2752.40 
522 2884.81 
523 2887.48 
706 2597.48 
524 2785.60 
707 754.13 
525 2867.03 
526 2699.64 
708 2778.34 
527 2908.72 
709 125.51 
528 2833.84 
710 2849.71 
529 2173.37 
530 2759.29 
711 2847.27 
531 2798.21 
712 2751.14 
532 2799.31 
533 2938.37 
713 2861.33 
534 2769.08 
714 2771.34 
535 766.45 
715 2844.63 
536 2916.97 
537 2870.23 
716 2757.79 
538 2941.66 
717 2757.89 
539 2806.13 
540 2806.48 
718 2806.79 
541 2843.20 
719 2784.74 
542 2972.64 
720 2635.20 
543 2778.51 
544 2751.88 
721 2742.64 
545 2861.17 
722 2905.39 
546 2852.12 
723 2823.24 
547 2881.67 
548 2716.70 
724 2799.62 
549 2847.03 
725 2801.74 
550 2849.42 
726 2648.59 
551 1420.18 
552 2771.73 
727 2760.14 
553 2839.24 
728 2753.14 
554 2721.96 
729 1225.03 
555 2869.90 
556 2839.42 
730 2874.11 
557 2703.01 
731 2818.38 
558 2817.95 
559 2755.18 
732 2803.06 
560 2780.65 
733 2837.00 
561 2742.49 
734 2869.52 
562 2794.57 
563 2749.33 
735 1238.50 
564 2868.86 
736 2811.24 
565 2890.57 
737 2808.89 
566 2759.34 
567 2625.72 
738 2817.56 
568 2768.44 
739 2893.15 
569 2848.45 
570 2855.10 
571 2712.85 
572 2861.61 
573 2890.12 
574 2834.22 
575 2874.71 
576 2728.19 
577 2829.98 
578 2714.76 
579 2753.54 
580 2621.73 
581 2709.06 
582 2721.14 
583 2793.58 
584 2753.53 
585 2923.31 
586 2905.58 
587 2724.59 
588 2719.60 
589 2845.39 
590 2733.74 
591 1177.69 
592 2732.25 
593 2773.43 
594 2860.60 
595 2796.78 
596 2903.22 
597 2819.53 
598 2916.66 
599 2907.36 
600 2847.04 
601 2753.24 
602 2920.50 
603 2845.91 
604 2702.92 
605 2721.53 
606 2926.55 
607 2824.99 
608 2747.72 
609 2788.07 
610 2878.00 
611 2858.16 
612 2773.78 
613 2751.94 
614 2801.36 
615 2825.33 
616 2849.50 
617 2716.78 
618 2896.46 
619 2868.82 
620 2785.03 
621 2843.65 
622 2882.39 
623 2877.92 
624 2742.00 
625 2948.26 
626 2859.26 
627 2812.54 
628 2856.81 
629 2759.46 
630 2799.56 
631 2867.72 
632 2866.84 
633 2763.06 
634 1731.35 
635 2842.29 
636 2772.83 
637 2904.35 
638 2800.94 
639 2816.88 
640 2893.74 
641 2818.32 
642 2326.27 
643 2759.81 
644 2780.08 
645 2902.46 
646 2900.12 
647 2723.95 
648 2869.17 
649 2846.20 
650 2702.29 
651 2863.77 
652 2792.26 
653 2845.63 
654 2867.84 
655 2840.60 
656 2690.97 
657 2855.41 
658 2884.48 
659 2737.73 
660 2820.48 
661 2781.03 
662 2843.72 
663 636.32 
664 2769.71 
665 2920.54 
666 2898.29 
667 2916.40 
668 2756.26 
669 2819.44 
670 2773.70 
671 2815.55 
672 2876.04 
673 2854.92 
674 2848.51 
675 2813.51 
676 2875.52 
677 715.23 
678 2060.93 
679 2836.33 
680 2796.27 
681 2866.28 
682 2841.20 
683 2883.27 
684 2857.39 
685 2800.48 
686 2820.62 
687 2793.73 
688 2802.06 
689 2869.04 
690 2813.96 
691 2726.53 
692 2809.74 
693 2789.64 
694 2778.88 
695 2640.92 
696 2663.44 
697 2939.16 
698 2755.42 
699 2853.06 
700 2806.21 
701 2752.17 
702 2766.95 
703 2826.98 
704 2760.83 
705 2860.26 
706 2755.18 
707 2859.96 
708 2887.22 
709 2671.74 
710 2718.16 
711 2836.09 
712 2772.87 
713 2764.40 
714 2783.39 
715 2847.98 
716 2779.20 
717 2785.85 
718 2824.64 
719 1915.97 
720 2820.66 
721 2804.54 
722 2890.45 
723 2946.06 
724 2862.10 
725 2892.65 
726 2837.98 
727 2861.83 
728 2705.21 
729 2888.26 
730 2677.93 
731 2703.02 
732 2923.20 
733 2875.94 
734 2820.57 
735 2902.10 
736 2822.62 
737 2795.44 
738 2819.62 
739 2809.48 
740 2840.51 
741 2789.96 
742 2788.78 
743 2748.17 
744 2716.54 
745 1046.24 
746 2788.91 
747 2783.57 
748 2807.70 
749 2862.49 
750 2855.42 
751 2806.33 
752 2809.11 
753 2858.06 
754 2853.34 
755 2752.40 
756 2853.67 
757 2686.26 
758 2827.47 
759 2882.49 
760 2948.51 
761 2894.63 
762 2766.09 
763 2850.17 
764 2798.57 
765 2863.98 
766 2814.83 
767 2534.98 
768 2856.44 
769 2817.51 
770 2753.10 
771 1923.17 
772 2810.32 
773 2709.36 
774 2844.19 
775 2816.84 
776 2974.44 
777 1351.13 
778 2889.35 
779 2857.50 
780 2627.52 
781 2778.66 
782 2885.88 
783 2791.20 
784 2722.99 
785 2838.05 
786 2890.26 
787 2737.98 
788 2847.47 
789 2838.08 
790 2560.16 
791 2889.06 
792 2894.62 
793 2733.74 
794 2750.50 
795 2900.02 
796 2828.26 
797 2801.71 
798 2826.84 
799 2821.59 
800 2841.11 
801 2457.77 
802 2805.24 
803 2853.66 
804 2901.12 
805 2842.79 
806 2889.24 
807 2869.95 
808 2808.85 
809 2786.64 
810 2773.89 
811 2821.50 
812 2766.30 
813 2861.47 
814 2817.62 
815 2768.56 
816 2924.47 
817 2929.36 
818 2677.14 
819 2734.87 
820 2776.14 
821 2731.97 
822 2858.02 
823 2848.78 
824 2785.66 
825 2796.49 
826 2731.46 
827 2805.06 
828 2847.69 
829 2835.95 
830 2797.02 
831 2891.83 
832 2851.59 
833 2856.51 
834 2720.44 
835 2770.11 
836 2796.50 
837 2808.09 
838 2894.79 
839 2850.73 
840 2796.82 
841 2878.95 
842 2860.42 
843 2722.21 
844 2880.76 
845 2736.77 
846 2673.67 
847 2835.08 
848 2056.88 
849 2766.06 
850 2760.20 
851 2882.35 
852 2745.03 
853 2803.89 
854 2802.73 
855 462.86 
856 2731.95 
857 2757.91 
858 2779.89 
859 2803.83 
860 2753.29 
861 2781.26 
862 2906.29 
863 2931.28 
864 2792.15 
865 2842.47 
866 2714.28 
867 2897.74 
868 2771.14 
869 2752.89 
870 2864.92 
871 2750.00 
872 2833.58 
873 2799.25 
874 2890.86 
875 2803.00 
876 2760.09 
877 2823.11 
878 2701.52 
879 2820.01 
880 2893.47 
881 2714.14 
882 2429.40 
883 2919.37 
884 2849.08 
885 2801.44 
886 2768.59 
887 2871.98 
888 2875.10 
889 2743.12 
890 2896.22 
891 2831.35 
892 2853.75 
893 2858.15 
894 2804.51 
895 2887.13 
896 2857.28 
897 2758.76 
898 2870.16 
899 2821.27 
900 2765.74 
901 2819.01 
902 2823.73 
903 2902.83 
904 2782.28 
905 2798.54 
906 2894.40 
907 2885.83 
908 2760.56 
909 2949.62 
910 2875.71 
911 2717.71 
912 2850.97 
913 2813.57 
914 2734.25 
915 2726.32 
916 2693.48 
917 2794.34 
918 2784.58 
919 2822.47 
920 2855.70 
921 2722.16 
922 2871.81 
923 2791.27 
924 2801.45 
925 2802.63 
926 2841.79 
927 2849.85 
928 2931.40 
929 2686.62 
930 2894.30 
931 2766.89 
932 2865.76 
933 2716.89 
934 2762.09 
935 2833.55 
936 1562.97 
937 2744.49 
938 2846.79 
939 2829.12 
940 2888.86 
941 2775.29 
942 2766.10 
943 2930.44 
944 2695.66 
945 2873.05 
946 2870.85 
947 2765.31 
948 2859.64 
949 2766.55 
950 2853.16 
951 2858.73 
952 2810.85 
953 2897.60 
954 2741.61 
955 2695.21 
956 2779.55 
957 2799.99 
958 2851.60 
959 2871.26 
960 2777.88 
961 2464.76 
962 2689.88 
963 2828.42 
964 2833.42 
965 2894.29 
966 2906.79 
967 2794.68 
968 2840.90 
969 2812.31 
970 2797.38 
971 2828.41 
972 2816.14 
973 2830.91 
974 2786.38 
975 2817.01 
976 2854.58 
977 2835.15 
978 2924.78 
979 2841.89 
980 2829.92 
981 2930.27 
982 3030.59 
983 2684.06 
984 2828.04 
985 2752.88 
986 2795.46 
987 2857.97 
988 2787.76 
989 2871.75 
990 2844.78 
991 2819.10 
992 2903.41 
993 2764.82 
994 2797.97 
995 2922.84 
996 2824.93 
997 2832.08 
998 2858.46 
999 2907.31 
1000 2859.45 
1001 2869.30 
1002 2813.05 
1003 2805.81 
1004 2658.62 
1005 2772.46 
1006 848.45 
1007 889.55 
1008 2827.69 
1009 2887.98 
1010 2761.55 
1011 2675.32 
1012 2868.39 
1013 2748.37 
0 2875.83 
1 2844.71 
2 2638.57 
3 2854.85 
4 2867.96 
5 2807.76 
6 2605.50 
7 2826.33 
8 2821.43 
9 2817.52 
10 2907.97 
11 2773.03 
12 2815.63 
13 2757.39 
14 2883.99 
15 2915.30 
16 2797.81 
17 2855.63 
18 2749.97 
19 2822.16 
20 2899.35 
21 2663.52 
22 2836.71 
23 2751.52 
24 2851.39 
25 2906.74 
26 2713.77 
27 2775.80 
28 2756.15 
29 2927.19 
30 2772.76 
31 2883.07 
32 2756.37 
33 2783.35 
34 2746.11 
35 2753.88 
36 2827.93 
37 2760.89 
38 2791.32 
39 2747.19 
40 2846.10 
41 2860.43 
42 2795.14 
43 2831.46 
44 2860.95 
45 1779.31 
46 2893.39 
47 2811.20 
48 2805.41 
49 2796.82 
50 2820.87 
51 2788.98 
52 2777.69 
53 2726.84 
54 2729.33 
55 2633.28 
56 2749.72 
57 2785.07 
58 2797.96 
59 2796.35 
60 2774.97 
61 2870.04 
62 2799.44 
63 2679.39 
64 2864.37 
65 2849.68 
66 2811.37 
67 2853.70 
68 2750.68 
69 2842.98 
70 2739.14 
71 2725.16 
72 2832.72 
73 2744.31 
74 2867.80 
75 2819.54 
76 2793.50 
77 2815.30 
78 2833.77 
79 2902.19 
80 2825.51 
81 2890.73 
82 2794.13 
83 2848.64 
84 2800.92 
85 2905.39 
86 2872.28 
87 2701.66 
88 2716.11 
89 2863.69 
90 2890.60 
91 2842.42 
92 2864.58 
93 2776.29 
94 2563.34 
95 2935.27 
96 2920.77 
97 2627.48 
98 518.13 
99 2904.69 
100 2855.70 
101 2826.35 
102 2856.28 
103 2823.48 
104 2719.39 
105 2795.36 
106 2847.33 
107 2879.98 
108 2834.22 
109 2750.70 
110 2620.07 
111 2829.88 
112 2857.10 
113 2820.93 
114 2868.15 
115 2818.81 
116 2922.72 
117 2780.68 
118 2792.66 
119 2769.46 
120 2869.85 
121 2809.18 
122 2720.12 
123 2854.42 
124 2836.83 
125 2743.28 
126 2884.95 
127 2761.96 
128 2862.37 
129 2881.78 
130 2881.90 
131 2758.32 
132 2824.68 
133 2834.16 
134 2875.64 
135 2874.31 
136 2862.93 
137 2899.82 
138 2846.39 
139 2789.65 
140 2956.75 
141 2797.68 
142 2897.66 
143 245.51 
144 2759.99 
145 2877.91 
146 2864.64 
147 920.56 
148 2856.82 
149 2948.54 
150 2767.35 
151 2868.28 
152 2873.47 
153 2782.78 
154 2872.63 
155 2777.07 
156 2725.24 
157 2777.70 
158 2843.88 
159 2786.28 
160 2803.85 
161 2888.17 
162 2893.85 
163 2843.31 
164 2855.45 
165 2836.21 
166 2740.45 
167 2739.11 
168 2912.65 
169 2840.37 
170 2910.89 
171 2838.81 
172 2769.90 
173 2835.68 
174 2866.86 
175 2850.60 
176 2740.63 
177 2818.28 
178 2826.63 
179 2906.33 
180 2859.76 
181 649.46 
182 2733.32 
183 2716.83 
184 2778.94 
185 2819.63 
186 2665.88 
187 2767.47 
188 2769.86 
189 2788.84 
190 2814.12 
191 2785.65 
192 2966.17 
193 2784.19 
194 2740.33 
195 2792.37 
196 2851.58 
197 2841.72 
198 2949.41 
199 2785.12 
200 2841.91 
201 2775.24 
202 2846.59 
203 2796.62 
204 2829.62 
205 2891.85 
206 2742.39 
207 2893.36 
208 2902.84 
209 2702.54 
210 2790.01 
211 2895.00 
212 2825.21 
213 2837.12 
214 2919.59 
215 2857.09 
216 2883.85 
217 2775.96 
218 2762.52 
219 2911.39 
220 2784.14 
221 2714.53 
222 2813.73 
223 2874.48 
224 2832.43 
225 2753.95 
226 2878.20 
227 2822.48 
228 2653.59 
229 2753.42 
230 2905.86 
231 2797.13 
232 1262.79 
233 2702.84 
234 2867.98 
235 2815.48 
236 2826.56 
237 2868.04 
238 2702.50 
239 2841.35 
240 2659.64 
241 2768.60 
242 2827.22 
243 2778.28 
244 2912.40 
245 2844.31 
246 2769.57 
247 2779.14 
248 2769.48 
249 2810.39 
250 2900.63 
251 2840.97 
252 2592.80 
253 2701.58 
254 2808.45 
255 2754.75 
256 2897.61 
257 2826.87 
258 2766.96 
259 758.60 
260 2703.22 
261 2848.44 
262 2688.44 
263 2888.52 
264 2745.26 
265 2891.43 
266 2718.71 
267 2748.66 
268 2744.52 
269 2740.63 
270 2807.36 
271 2847.82 
272 2849.29 
273 2833.73 
274 2774.11 
275 2733.04 
276 2828.36 
277 2793.21 
278 2906.99 
279 2734.73 
280 2823.69 
281 2782.12 
282 2801.22 
283 2883.93 
284 2797.19 
285 2800.77 
286 2712.68 
287 2744.40 
288 2876.12 
289 2755.57 
290 2832.98 
291 2833.28 
292 2842.26 
293 2895.34 
294 2842.35 
295 2752.53 
296 2919.61 
297 2731.22 
298 2839.64 
299 2926.17 
300 2894.71 
301 2800.99 
302 2846.42 
303 2674.40 
304 2804.29 
305 2792.16 
306 405.15 
307 2836.32 
308 2795.99 
309 2936.16 
310 2892.69 
311 2841.23 
312 2884.00 
313 2712.06 
314 2780.91 
315 2785.57 
316 2719.80 
317 2771.12 
318 2914.84 
319 2858.56 
320 2781.42 
321 2716.36 
322 2809.26 
323 2819.47 
324 2867.05 
325 2848.15 
326 2862.31 
327 2744.75 
328 2842.85 
329 2834.41 
330 2759.07 
331 2873.61 
332 2881.51 
333 2772.02 
334 2652.03 
335 2813.00 
336 2921.51 
337 2790.79 
338 2707.14 
339 2922.41 
340 2885.89 
341 2720.71 
342 2771.16 
343 2681.51 
344 2927.16 
345 2875.42 
346 2901.40 
347 2871.26 
348 2823.32 
349 2848.98 
350 2825.72 
351 2956.96 
352 2831.11 
353 2832.61 
354 2941.92 
355 2878.48 
356 2830.34 
357 2851.94 
358 2806.74 
359 2894.33 
360 2729.92 
361 2966.11 
362 2886.34 
363 2865.18 
364 2780.98 
365 2787.11 
366 2866.85 
367 2862.31 
368 2809.53 
369 2899.19 
370 2859.99 
371 2663.57 
372 2874.68 
373 2928.32 
374 2874.76 
375 2868.50 
376 2938.63 
377 2877.27 
378 2744.00 
379 2866.55 
380 2841.12 
381 2793.15 
382 2813.54 
383 2716.54 
384 2866.87 
385 2895.96 
386 2844.21 
387 2774.82 
388 1727.93 
389 2687.07 
390 2825.73 
391 2703.83 
392 2754.12 
393 2810.66 
394 2760.42 
395 2801.07 
396 2795.64 
397 2855.74 
398 2779.39 
399 2726.62 
400 2849.06 
401 2958.59 
402 2945.75 
403 2938.98 
404 1284.27 
405 2856.09 
406 784.76 
407 2812.43 
408 2911.03 
409 2917.10 
410 2679.86 
411 2539.87 
412 2846.81 
413 2840.37 
414 2866.29 
415 2829.20 
416 2850.32 
417 2883.18 
418 2927.74 
419 2744.24 
420 2771.56 
421 2845.67 
422 2764.98 
423 2784.89 
424 2850.90 
425 2882.68 
426 2636.48 
427 2840.39 
428 2712.80 
429 2798.47 
430 2841.84 
431 2893.96 
432 2825.10 
433 2779.09 
434 2911.97 
435 2791.28 
436 2744.65 
437 2682.75 
438 2737.19 
439 2934.32 
440 2902.18 
441 2925.84 
442 2798.88 
443 2913.42 
444 2855.38 
445 2714.36 
446 2874.81 
447 2755.00 
448 2706.25 
449 2785.33 
450 2815.79 
451 2857.64 
452 2927.03 
453 2698.87 
454 2858.67 
455 2812.60 
456 2834.19 
457 2905.54 
458 2878.49 
459 2816.53 
460 2835.15 
461 2850.47 
462 2846.49 
463 2763.27 
464 2670.91 
465 2729.87 
466 2787.30 
467 2754.06 
468 2839.46 
469 219.28 
470 2790.09 
471 2776.39 
472 2765.67 
473 2721.43 
474 2725.97 
475 2940.24 
476 2820.91 
477 2807.82 
478 2813.64 
479 2802.82 
480 2845.34 
481 2835.78 
482 2928.53 
483 2731.14 
484 2914.21 
485 2841.58 
486 2895.73 
487 2122.60 
488 2758.21 
489 2817.78 
490 2835.31 
491 2861.38 
492 2759.45 
493 2781.25 
494 2887.28 
495 2669.42 
496 2700.79 
497 2770.11 
498 2871.27 
499 2883.76 
500 2829.35 
501 2739.15 
502 2727.66 
503 2800.47 
504 2833.53 
505 2905.88 
506 2855.48 
507 2822.32 
508 2870.05 
509 2846.44 
510 2717.86 
511 2775.15 
512 2929.91 
513 2805.75 
514 2885.68 
515 2753.02 
516 2868.23 
517 2875.28 
518 2849.99 
519 2933.31 
520 2840.60 
521 2792.30 
522 2883.25 
523 2701.04 
524 2792.05 
525 2765.82 
526 2749.13 
527 2726.62 
528 2716.29 
529 2903.97 
530 2859.81 
531 2829.36 
532 2806.10 
533 2807.67 
534 2844.42 
535 2845.08 
536 2884.06 
537 2848.10 
538 2860.73 
539 2054.27 
540 2745.22 
541 2805.25 
542 2826.19 
543 2653.78 
544 2776.72 
545 1044.16 
546 3004.46 
547 2821.55 
548 2846.90 
549 2849.65 
550 2899.92 
551 2777.72 
552 2779.19 
553 2760.90 
554 2738.96 
555 2898.02 
556 2854.07 
557 2926.74 
558 2790.10 
559 2744.15 
560 2802.19 
561 2804.83 
562 2898.79 
563 2868.18 
564 2975.93 
565 2800.06 
566 2673.12 
567 2758.86 
568 2724.45 
569 2504.94 
570 2813.59 
571 2887.76 
572 2825.21 
573 2824.46 
574 2707.57 
575 2776.89 
576 2882.19 
577 2830.46 
578 2857.18 
579 2765.64 
580 2796.48 
581 2647.07 
582 2695.38 
583 2914.73 
584 2802.33 
585 2949.57 
586 2741.02 
587 2785.67 
588 2909.10 
589 2816.68 
590 2842.66 
591 2845.90 
592 933.79 
593 2849.83 
594 1405.12 
595 2875.04 
596 2774.96 
597 2756.63 
598 2831.24 
599 2766.34 
600 2876.57 
601 1988.93 
602 2765.14 
603 2635.54 
604 2913.80 
605 2772.83 
606 2823.62 
607 2906.32 
608 2669.36 
609 2879.91 
610 2852.98 
611 2750.68 
612 2692.22 
613 2824.95 
614 2757.94 
615 2725.61 
616 2699.14 
617 2774.46 
618 2872.57 
619 2841.28 
620 2751.62 
621 2709.35 
622 1260.54 
623 2821.23 
624 2855.35 
625 2855.96 
626 2806.56 
627 2736.00 
628 2890.45 
629 2870.58 
630 2843.52 
631 2708.48 
632 2796.60 
633 2746.31 
634 2820.49 
635 2822.61 
636 2796.13 
637 2714.26 
638 2844.97 
639 2851.10 
640 2826.49 
641 1373.02 
642 2945.79 
643 2852.55 
644 2828.05 
645 2840.03 
646 2804.86 
647 2935.15 
648 2804.19 
649 2853.03 
650 2782.52 
651 2905.79 
652 2835.96 
653 2889.71 
654 2710.45 
655 2945.79 
656 2769.50 
657 2779.47 
658 2781.13 
659 2753.10 
660 1782.65 
661 2721.36 
662 2708.42 
663 2899.12 
664 2826.51 
665 2764.44 
666 2850.16 
667 2892.49 
668 2848.58 
669 1242.99 
670 2894.75 
671 2942.05 
672 2767.29 
673 2736.14 
674 2889.13 
675 2848.56 
676 2813.84 
677 2847.08 
678 2630.94 
679 2745.73 
680 2708.04 
681 2742.74 
682 2759.27 
683 2687.19 
684 2837.50 
685 2981.35 
686 2714.64 
687 2847.44 
688 2713.23 
689 2833.52 
690 2928.01 
691 2896.73 
692 2761.94 
693 2807.25 
694 2789.57 
695 2716.54 
696 2371.90 
697 2846.29 
698 2805.95 
699 2884.07 
700 2777.77 
701 2828.76 
702 2869.63 
703 2845.54 
704 2840.82 
705 2755.97 
706 2916.60 
707 2828.65 
708 1101.16 
709 2798.34 
710 2825.39 
711 2775.63 
712 652.66 
713 2875.53 
714 2735.87 
715 2597.22 
716 2923.60 
717 2853.34 
718 2770.69 
719 2824.63 
720 2981.76 
721 2813.25 
722 2875.36 
723 2783.41 
724 2866.20 
725 2786.16 
726 2825.52 
727 2856.93 
728 2729.03 
729 2788.29 
730 2903.47 
731 2707.24 
732 2862.35 
733 2875.54 
734 2762.06 
735 2767.20 
736 637.90 
737 2851.02 
738 2796.68 
739 2936.85 
740 2852.05 
741 2784.10 
742 2806.33 
743 2956.62 
744 2914.75 
745 2811.88 
746 2832.94 
747 2794.65 
748 2949.58 
749 2810.23 
750 2827.69 
751 2868.16 
752 2820.83 
753 2869.68 
754 2754.58 
755 2842.14 
756 2978.93 
757 2739.81 
758 244.65 
759 2869.81 
760 2740.65 
761 602.30 
762 1807.95 
763 2807.52 
764 2833.19 
765 2819.61 
766 2746.48 
767 2826.17 
768 2758.63 
769 2834.23 
770 2831.95 
771 961.72 
772 2817.29 
773 2785.56 
774 2784.73 
775 2741.10 
776 2815.55 
777 2864.30 
778 2776.40 
779 2915.24 
780 2823.91 
781 2783.58 
782 2811.53 
783 2876.33 
784 2892.80 
785 2897.20 
786 2779.78 
787 2763.64 
788 2753.72 
789 2697.20 
790 2632.29 
791 2800.76 
792 1820.57 
793 2737.70 
794 2671.09 
795 2747.27 
796 2884.00 
797 2799.89 
798 2724.35 
799 2871.16 
800 2815.65 
801 2812.04 
802 2895.18 
803 2818.55 
804 2738.14 
805 2861.39 
806 2925.87 
807 2864.70 
808 2697.62 
809 2713.92 
810 2835.25 
811 2752.00 
812 2864.81 
813 2773.57 
814 2841.58 
815 2846.26 
816 2844.82 
817 2829.20 
818 2817.44 
819 2793.77 
820 2726.18 
821 2797.17 
822 2801.71 
823 2800.42 
824 2794.55 
825 2849.08 
826 2899.40 
827 2869.99 
828 2816.78 
829 2812.45 
830 2811.99 
831 2683.32 
832 2845.40 
833 2837.69 
834 2703.79 
835 2845.23 
836 2803.35 
837 2813.78 
838 2798.04 
839 2757.98 
840 2795.86 
841 2869.33 
842 2795.47 
843 783.74 
844 2911.10 
845 2840.74 
846 2718.19 
847 2915.51 
848 2632.09 
849 2844.19 
850 2859.15 
851 1784.87 
852 2803.47 
853 2930.01 
854 2709.05 
855 2918.15 
856 2897.10 
857 2829.48 
858 2818.92 
859 2860.92 
860 2902.96 
861 2859.78 
862 2695.88 
863 2834.59 
864 2874.56 
865 2668.39 
866 2841.77 
867 937.47 
868 2836.49 
869 2815.00 
870 2721.77 
871 2899.62 
872 2757.58 
873 2877.27 
874 2639.93 
875 2882.40 
876 2835.88 
877 2934.04 
878 2760.98 
879 2840.37 
880 2851.86 
881 2829.85 
882 2911.11 
883 2903.55 
884 2898.28 
885 2750.95 
886 2821.64 
887 2819.19 
888 2795.28 
889 2892.89 
890 2807.33 
891 2775.70 
892 2857.24 
893 2857.42 
894 2763.28 
895 2843.27 
896 2838.30 
897 2824.92 
898 2789.40 
899 2771.91 
900 2777.36 
901 2820.82 
902 2748.28 
903 2793.40 
904 2874.25 
905 2775.81 
906 2794.36 
907 2847.25 
908 2841.57 
909 2857.75 
910 2768.30 
911 2838.59 
912 2758.77 
913 923.09 
914 2896.88 
915 2849.11 
916 2791.27 
917 2854.52 
918 2674.48 
919 2542.98 
920 2832.08 
921 2898.84 
922 2833.74 
923 2838.68 
924 2880.97 
925 2876.70 
926 2789.01 
927 2848.15 
928 2811.40 
929 2828.83 
930 2836.50 
931 2853.07 
932 2843.11 
933 2744.73 
934 2804.05 
935 2873.04 
936 2804.89 
937 2716.09 
938 1891.40 
939 2797.85 
940 2901.91 
941 2690.12 
942 2974.32 
943 2898.50 
944 2901.54 
945 2827.23 
946 2877.62 
947 2882.75 
948 2920.53 
949 2824.59 
950 957.80 
951 2877.29 
952 2854.77 
953 2788.99 
954 2827.38 
955 2797.86 
956 2867.99 
957 2776.45 
958 2739.74 
959 2882.69 
960 2742.10 
961 1130.37 
962 2802.14 
963 251.94 
964 2841.88 
965 2836.97 
966 2750.89 
967 2868.14 
968 2763.24 
969 2843.93 
970 2921.47 
971 2853.66 
972 2792.20 
973 2863.40 
974 2851.96 
975 2857.80 
976 2762.26 
977 2808.35 
978 2861.10 
979 2805.65 
980 2784.29 
981 2801.01 
982 2788.78 
983 2927.03 
984 171.25 
985 2903.83 
986 2801.53 
987 2780.33 
988 2735.97 
989 2877.73 
990 2893.89 
991 2821.03 
992 2900.66 
993 2835.33 
994 2891.26 
995 2827.07 
996 2857.17 
997 2694.69 
998 2723.96 
999 2890.27 
1000 2897.50 
1001 2818.01 
1002 2886.76 
1003 2731.11 
1004 2915.16 
1005 2792.34 
1006 2706.58 
1007 2875.12 
1008 2788.14 
1009 2702.61 
1010 2787.26 
1011 2855.01 
1012 1840.71 
1013 2705.31 
1014 2815.10 
1015 2825.47 
1016 2766.00 
1017 2891.57 
1018 2779.69 
1019 2731.31 
0 2837.54 
1 2876.26 
2 2755.94 
3 2841.07 
4 2774.00 
5 2818.41 
6 2793.24 
7 2869.76 
8 2790.77 
9 818.58 
10 2876.69 
11 2851.75 
12 2892.99 
13 2843.99 
14 2815.07 
15 2900.12 
16 2821.46 
17 2755.65 
18 2802.70 
19 2781.71 
20 2910.13 
21 2826.57 
22 2727.67 
23 2736.19 
24 2877.94 
25 2666.59 
26 2866.15 
27 2792.74 
28 2864.29 
29 2904.55 
30 2838.16 
31 2740.88 
32 2750.55 
33 2828.65 
34 2719.77 
35 2999.08 
36 2795.85 
37 2822.86 
38 2885.43 
39 2783.86 
40 2757.40 
41 2777.86 
42 2915.21 
43 2823.78 
44 2756.38 
45 2831.16 
46 2925.20 
47 2678.26 
48 2627.94 
49 2944.59 
50 2926.87 
51 2807.67 
52 2847.91 
53 2773.85 
54 2858.18 
55 2804.49 
56 2766.57 
57 2863.77 
58 2809.64 
59 2685.18 
60 2908.91 
61 2764.25 
62 2715.73 
63 2722.67 
64 2783.24 
65 2776.27 
66 2819.65 
67 2918.28 
68 2790.49 
69 2777.84 
70 2827.64 
71 2905.21 
72 2871.79 
73 2876.22 
74 2803.86 
75 2868.16 
76 2785.21 
77 2806.26 
78 2783.57 
79 2753.75 
80 2923.22 
81 2918.88 
82 2892.18 
83 2733.55 
84 2835.84 
85 2899.57 
86 2917.05 
87 1266.36 
88 2819.75 
89 2856.42 
90 2738.83 
91 2752.89 
92 2831.46 
93 2857.52 
94 2863.55 
95 2782.66 
96 2897.70 
97 2756.81 
98 2796.43 
99 2913.91 
100 2897.87 
101 2732.34 
102 2763.36 
103 2727.05 
104 1247.00 
105 2930.23 
106 2741.56 
107 2827.02 
108 2935.91 
109 2742.79 
110 2757.98 
111 2857.54 
112 2812.58 
113 2801.02 
114 2855.85 
115 2679.65 
116 2692.86 
117 2837.25 
118 971.68 
119 2894.96 
120 2895.67 
121 2752.75 
122 2739.11 
123 2829.42 
124 2812.27 
125 2830.42 
126 2740.29 
127 2817.82 
128 2921.07 
129 2756.18 
130 2713.99 
131 2818.62 
132 1536.76 
133 2926.71 
134 2790.50 
135 2865.90 
136 2758.14 
137 2886.36 
138 2791.59 
139 2857.33 
140 2834.79 
141 2777.98 
142 2875.88 
143 2855.47 
144 2827.86 
145 2895.80 
146 2781.75 
147 2876.03 
148 2867.14 
149 2810.05 
150 2901.35 
151 2843.72 
152 2841.16 
153 2735.76 
154 2867.71 
155 2738.09 
156 2678.03 
157 2952.10 
158 2825.91 
159 2760.66 
160 2870.29 
161 1963.22 
162 2703.20 
163 2861.79 
164 2797.57 
165 2709.22 
166 2851.81 
167 2849.92 
168 2770.18 
169 2858.85 
170 2889.76 
171 2859.17 
172 2901.70 
173 1320.33 
174 2859.76 
175 2908.94 
176 2729.02 
177 2956.17 
178 2806.72 
179 2743.59 
180 2852.90 
181 2845.65 
182 2936.21 
183 2898.81 
184 2905.26 
185 2761.36 
186 2879.98 
187 2738.95 
188 2759.68 
189 2809.99 
190 2945.25 
191 2858.24 
192 2789.65 
193 2801.40 
194 2821.64 
195 2808.31 
196 2834.05 
197 2824.42 
198 2727.71 
199 2709.62 
200 2906.95 
201 2754.91 
202 2859.20 
203 2851.92 
204 2699.66 
205 2799.32 
206 2843.90 
207 2881.07 
208 2842.12 
209 2915.28 
210 2847.65 
211 2830.82 
212 2879.41 
213 2910.24 
214 2920.41 
215 2737.44 
216 2852.46 
217 2750.26 
218 2843.10 
219 2744.82 
220 2701.33 
221 2839.35 
222 2862.85 
223 2885.69 
224 2781.40 
225 2905.55 
226 2827.34 
227 2805.34 
228 2818.95 
229 2845.63 
230 2785.41 
231 2891.15 
232 2857.94 
233 2790.37 
234 3000.20 
235 2742.68 
236 2796.81 
237 2902.11 
238 2819.09 
239 2824.73 
240 2776.28 
241 2765.53 
242 2954.71 
243 2839.97 
244 2864.95 
245 2667.94 
246 2869.78 
247 2805.80 
248 2789.04 
249 2844.71 
250 328.17 
251 2803.67 
252 2914.71 
253 2865.91 
254 2860.10 
255 2843.73 
256 2910.69 
257 2814.44 
258 2826.86 
259 2835.19 
260 2821.59 
261 2783.62 
262 2809.19 
263 2810.11 
264 2767.14 
265 2739.71 
266 2845.36 
267 2885.47 
268 2708.62 
269 2732.09 
270 2819.99 
271 2830.89 
272 2881.62 
273 2826.30 
274 2781.78 
275 2810.71 
276 2882.06 
277 1140.08 
278 2768.10 
279 2716.58 
280 2778.10 
281 2776.44 
282 2780.40 
283 2771.69 
284 2842.30 
285 2894.70 
286 599.65 
287 2787.32 
288 2885.64 
289 2820.55 
290 2822.56 
291 2943.60 
292 2742.07 
293 2840.76 
294 2908.59 
295 2621.95 
296 2833.20 
297 2845.35 
298 2891.75 
299 2818.57 
300 2545.78 
301 2817.21 
302 2760.79 
303 2813.90 
304 2768.33 
305 2719.52 
306 2898.34 
307 2756.48 
308 2924.32 
309 2821.64 
310 2827.48 
311 2969.17 
312 2795.30 
313 2726.57 
314 2807.60 
315 2732.16 
316 2857.97 
317 1567.26 
318 2770.96 
319 2755.94 
320 2859.60 
321 2823.23 
322 2786.77 
323 2568.44 
324 2867.74 
325 2833.72 
326 2785.45 
327 2759.74 
328 2844.27 
329 2941.57 
330 2761.58 
331 2991.71 
332 2808.24 
333 2903.21 
334 3006.54 
335 2751.69 
336 2852.59 
337 2796.82 
338 2862.17 
339 2837.21 
340 2801.68 
341 2825.55 
342 2874.88 
343 2964.24 
344 2922.06 
345 2855.30 
346 2885.91 
347 2875.39 
348 2801.55 
349 2871.39 
350 2874.67 
351 2839.72 
352 2829.58 
353 2808.04 
354 2798.31 
355 2862.79 
356 2781.71 
357 2836.71 
358 2723.99 
359 2765.54 
360 2782.11 
361 2832.76 
362 2750.39 
363 2872.86 
364 2719.09 
365 2879.21 
366 2812.12 
367 2889.25 
368 2884.94 
369 2753.03 
370 1562.83 
371 2791.92 
372 2881.04 
373 2836.52 
374 2870.31 
375 2865.97 
376 2927.57 
377 2894.72 
378 2859.27 
379 2840.50 
380 2811.63 
381 2819.64 
382 2811.04 
383 2832.66 
384 2777.46 
385 2823.97 
386 2772.97 
387 1614.69 
388 2902.27 
389 2877.21 
390 2902.66 
391 2859.90 
392 2905.72 
393 2836.33 
394 2773.09 
395 2906.09 
396 2749.20 
397 2814.62 
398 2857.07 
399 2822.51 
400 2853.74 
401 2922.27 
402 2767.45 
403 2821.45 
404 2775.92 
405 2770.44 
406 2943.99 
407 2998.44 
408 2658.62 
409 2793.11 
410 2659.14 
411 2987.35 
412 2869.70 
413 2868.96 
414 2917.28 
415 2818.80 
416 2704.32 
417 2845.77 
418 808.26 
419 2783.86 
420 2902.14 
421 2844.89 
422 2930.64 
423 2879.06 
424 2869.35 
425 2860.13 
426 2920.03 
427 2816.97 
428 2796.88 
429 2898.56 
430 2812.28 
431 2897.11 
432 2825.82 
433 2846.94 
434 2875.63 
435 2811.11 
436 2877.03 
437 2833.65 
438 2926.36 
439 2829.94 
440 2871.72 
441 2865.23 
442 2915.01 
443 2778.76 
444 2872.55 
445 2932.02 
446 2780.63 
447 2967.57 
448 2869.68 
449 2749.51 
450 2885.96 
451 2831.61 
452 2783.06 
453 2940.18 
454 2734.88 
455 2790.82 
456 2796.89 
457 2763.06 
458 2820.16 
459 2884.70 
460 2787.36 
461 2735.33 
462 2785.79 
463 2784.56 
464 2782.44 
465 2862.14 
466 2834.63 
467 2839.46 
468 2822.59 
469 2828.63 
470 2872.44 
471 2877.33 
472 2835.52 
473 2864.35 
474 2805.40 
475 2845.13 
476 2936.71 
477 2834.05 
478 2890.85 
479 2857.22 
480 2907.97 
481 797.80 
482 2849.27 
483 2771.08 
484 2838.09 
485 2884.50 
486 2883.63 
487 2730.43 
488 2842.03 
489 2924.39 
490 2819.94 
491 2842.90 
492 2954.69 
493 2846.93 
494 2805.74 
495 2788.22 
496 2805.52 
497 3003.95 
498 2872.40 
499 2778.38 
500 2803.38 
501 2874.08 
502 2775.06 
503 2777.65 
504 2845.23 
505 2488.09 
506 2854.14 
507 2744.49 
508 2833.99 
509 2956.44 
510 2888.88 
511 2784.98 
512 2806.64 
513 2866.78 
514 2870.82 
515 2949.91 
516 2839.96 
517 236.21 
518 2926.83 
519 2907.03 
520 2877.00 
521 2844.33 
522 2749.58 
523 2865.95 
524 2807.98 
525 2749.58 
526 2803.92 
527 2842.40 
528 2878.05 
529 2773.82 
530 2854.70 
531 2802.70 
532 1711.75 
533 2843.22 
534 2840.44 
535 1772.02 
536 2817.56 
537 2813.97 
538 2724.93 
539 2632.52 
540 2886.77 
541 2788.16 
542 2715.00 
543 2699.95 
544 2808.54 
545 2934.12 
546 2882.65 
547 2776.71 
548 2725.80 
549 2681.65 
550 2845.81 
551 2833.45 
552 1075.43 
553 2793.97 
554 2822.88 
555 2790.11 
556 2719.64 
557 2872.15 
558 2915.01 
559 2866.75 
560 2867.35 
561 2773.39 
562 2709.65 
563 2801.10 
564 2807.59 
565 2854.71 
566 2835.13 
567 2718.67 
568 2887.70 
569 2818.50 
570 2920.75 
571 2679.82 
572 2918.11 
573 2869.29 
574 2921.59 
575 2799.32 
576 2808.57 
577 2677.97 
578 2763.65 
579 2808.17 
580 2964.59 
581 2849.99 
582 2809.72 
583 2773.61 
584 2789.88 
585 2947.10 
586 2864.73 
587 2869.79 
588 2669.12 
589 2877.76 
590 2830.87 
591 2827.88 
592 2813.19 
593 2851.90 
594 2796.99 
595 2865.94 
596 2862.93 
597 2818.32 
598 2854.66 
599 2833.35 
600 2794.31 
601 2867.26 
602 2805.13 
603 2852.63 
604 2935.60 
605 2779.37 
606 114.37 
607 2814.97 
608 2901.17 
609 2917.10 
610 2931.27 
611 2807.64 
612 2874.58 
613 2843.89 
614 2898.93 
615 2828.29 
616 2886.23 
617 2896.16 
618 1892.94 
619 2760.50 
620 2877.18 
621 2744.58 
622 2835.55 
623 2806.42 
624 2988.15 
625 2854.14 
626 2795.13 
627 2936.24 
628 2879.21 
629 2823.96 
630 2743.91 
631 2803.93 
632 1095.14 
633 2802.41 
634 2872.84 
635 2928.70 
636 2823.68 
637 2885.51 
638 2861.34 
639 2814.52 
640 2948.97 
641 2815.16 
642 2857.44 
643 2699.00 
644 2858.54 
645 2717.04 
646 2905.12 
647 2723.56 
648 2795.71 
649 2965.65 
650 2835.24 
651 2875.22 
652 2830.69 
653 2845.33 
654 2808.84 
655 409.74 
656 2862.18 
657 2902.58 
658 2867.51 
659 2800.36 
660 2852.26 
661 2831.70 
662 2875.25 
663 2913.18 
664 2868.66 
665 2844.59 
666 2706.26 
667 2874.22 
668 2754.48 
669 2733.95 
670 2762.49 
671 2852.53 
672 2793.34 
673 2894.68 
674 2816.97 
675 2843.15 
676 2846.47 
677 2809.90 
678 2741.83 
679 2796.92 
680 2716.26 
681 2839.01 
682 2890.49 
683 2834.30 
684 2859.29 
685 2803.45 
686 2896.50 
687 2736.83 
688 2904.09 
689 2764.09 
690 2934.32 
691 2957.03 
692 2883.67 
693 2827.90 
694 1516.27 
695 2902.08 
696 2803.40 
697 2820.64 
698 2858.16 
699 2898.38 
700 2879.49 
701 1963.70 
702 2862.47 
703 2877.04 
704 2792.15 
705 2794.46 
706 2808.76 
707 2913.25 
708 479.47 
709 2842.47 
710 2896.88 
711 2817.45 
712 2781.35 
713 2737.15 
714 2793.56 
715 2889.90 
716 2765.80 
717 2766.81 
718 2710.98 
719 2850.35 
720 2881.03 
721 2782.11 
722 2810.23 
723 2854.18 
724 2892.75 
725 2816.66 
726 2958.72 
727 2859.51 
728 2865.94 
729 2879.84 
730 2736.70 
731 2931.68 
732 2808.27 
733 2855.71 
734 2809.82 
735 2783.59 
736 2932.25 
737 2846.03 
738 2859.63 
739 2773.64 
740 2853.56 
741 2856.34 
742 2855.57 
743 2811.18 
744 2729.11 
745 2803.80 
746 2820.84 
747 2973.90 
748 2920.56 
749 2890.52 
750 2912.08 
751 2879.88 
752 2773.79 
753 2908.28 
754 2786.91 
755 2906.82 
756 2863.32 
757 2903.90 
758 2775.02 
759 2962.67 
760 1390.91 
761 2903.82 
762 2827.23 
763 2921.06 
764 2843.13 
765 2909.69 
766 2925.50 
767 2852.72 
768 2842.36 
769 2798.49 
770 2837.32 
771 2824.71 
772 2736.53 
773 2909.50 
774 2833.61 
775 2773.06 
776 2853.00 
777 2919.40 
778 2950.83 
779 2920.86 
780 2832.70 
781 2857.32 
782 2896.58 
783 2661.25 
784 2775.79 
785 2861.27 
786 2819.74 
787 2773.99 
788 2785.10 
789 2781.48 
790 2811.90 
791 2775.14 
792 2768.85 
793 2963.04 
794 2843.68 
795 2868.82 
796 2868.16 
797 2863.97 
798 2669.85 
799 2749.99 
800 2821.22 
801 2895.19 
802 2812.98 
803 2747.61 
804 728.40 
805 2788.33 
806 2941.78 
807 2829.77 
808 2903.84 
809 2910.12 
810 258.23 
811 2908.56 
812 2897.64 
813 2840.34 
814 2940.75 
815 2890.54 
816 2795.57 
817 2901.72 
818 2797.90 
819 2900.19 
820 2862.72 
821 2810.20 
822 2865.93 
823 2865.88 
824 2826.61 
825 2794.26 
826 2693.71 
827 2848.02 
828 2929.61 
829 2906.81 
830 2831.73 
831 2797.93 
832 2914.82 
833 2849.25 
834 2798.65 
835 2917.19 
836 2706.12 
837 2940.49 
838 2934.74 
839 2898.80 
840 2921.30 
841 2825.63 
842 2866.45 
843 2887.01 
844 2826.39 
845 2865.80 
