Seed 3:
0 -127.00 
1 -76.00 
2 -433.00 
3 -105.00 
4 -122.00 
5 -77.00 
6 -78.00 
7 -72.00 
8 -91.00 
9 -99.00 
10 -97.00 
11 -79.00 
12 -135.00 
13 -103.00 
14 -64.00 
15 -83.00 
16 -89.00 
17 -89.00 
18 -72.00 
19 -64.00 
20 -108.00 
21 -72.00 
22 -100.00 
23 -72.00 
24 -65.00 
25 -95.00 
26 -100.00 
27 -84.00 
28 -102.00 
29 -84.00 
30 -92.00 
31 -64.00 
32 -71.00 
33 -71.00 
34 -65.00 
35 -84.00 
36 -99.00 
37 -65.00 
38 -64.00 
39 -77.00 
40 -64.00 
41 -81.00 
42 -74.00 
43 -65.00 
44 -73.00 
45 -80.00 
46 -85.00 
47 -96.00 
48 -72.00 
49 -106.00 
50 -88.00 
51 -188.00 
52 -88.00 
53 -72.00 
54 -97.00 
55 -89.00 
56 -85.00 
57 -80.00 
58 -65.00 
59 -104.00 
60 -86.00 
61 -79.00 
62 -72.00 
63 -64.00 
64 -91.00 
65 -92.00 
66 -72.00 
67 -86.00 
68 -72.00 
69 -80.00 
70 -73.00 
71 -94.00 
72 -79.00 
73 -101.00 
74 -79.00 
75 -71.00 
76 -82.00 
77 -78.00 
78 -129.00 
79 -72.00 
80 -78.00 
81 -72.00 
82 -79.00 
83 -84.00 
84 -72.00 
85 -65.00 
86 -74.00 
87 -72.00 
88 -79.00 
89 -96.00 
90 -118.00 
91 -65.00 
92 -79.00 
93 -96.00 
94 -114.00 
95 -71.00 
96 -97.00 
97 -99.00 
98 -80.00 
99 -66.00 
100 -87.00 
101 -88.00 
102 -84.00 
103 -87.00 
104 -82.00 
105 -88.00 
106 -82.00 
107 -77.00 
108 -79.00 
109 -101.00 
110 -87.00 
111 -73.00 
112 -166.00 
113 -90.00 
114 -77.00 
115 -77.00 
116 -73.00 
117 -219.00 
118 -71.00 
119 -79.00 
120 -79.00 
121 -75.00 
122 -86.00 
123 -78.00 
124 -94.00 
125 -93.00 
126 -81.00 
127 -87.00 
128 -96.00 
129 -65.00 
130 -214.00 
131 -167.00 
132 -84.00 
133 -88.00 
134 -80.00 
135 -72.00 
136 -78.00 
137 -72.00 
138 -84.00 
139 -66.00 
140 -147.00 
141 -90.00 
142 -169.00 
143 -66.00 
144 -78.00 
145 -73.00 
146 -65.00 
147 -122.00 
148 -72.00 
149 -72.00 
150 -90.00 
151 -66.00 
152 -95.00 
153 -65.00 
154 -98.00 
155 -84.00 
156 -73.00 
157 -86.00 
158 -87.00 
159 -86.00 
160 -80.00 
161 -79.00 
162 -81.00 
163 -94.00 
164 -90.00 
165 -73.00 
166 -86.00 
167 -65.00 
168 -74.00 
169 -80.00 
170 -80.00 
171 -133.00 
172 -74.00 
173 -92.00 
174 -73.00 
175 -65.00 
176 -190.00 
177 -81.00 
178 -85.00 
179 -79.00 
180 -95.00 
181 -66.00 
182 -77.00 
183 -82.00 
184 -87.00 
185 -77.00 
186 -73.00 
187 -87.00 
188 -78.00 
189 -72.00 
190 -65.00 
191 -99.00 
192 -65.00 
193 -87.00 
194 -81.00 
195 -150.00 
196 -73.00 
197 -79.00 
198 -80.00 
199 -87.00 
200 -74.00 
201 -161.00 
202 -78.00 
203 -71.00 
204 -90.00 
205 -95.00 
206 -140.00 
207 -65.00 
208 -79.00 
209 -65.00 
210 -78.00 
211 -109.00 
212 -65.00 
213 -83.00 
214 -89.00 
215 -83.00 
216 -72.00 
217 -72.00 
218 -76.00 
219 -83.00 
220 -72.00 
221 -64.00 
222 -96.00 
223 -77.00 
224 -84.00 
225 -72.00 
226 -80.00 
227 -75.00 
228 -70.00 
229 -77.00 
230 -89.00 
231 -74.00 
232 -90.00 
233 -96.00 
234 -78.00 
235 -79.00 
236 -85.00 
237 -72.00 
238 -72.00 
239 -92.00 
240 -75.00 
241 -76.00 
242 -73.00 
243 -66.00 
244 -66.00 
245 -66.00 
246 -85.00 
247 -118.00 
248 -75.00 
249 -64.00 
250 -74.00 
251 -74.00 
252 -95.00 
253 -91.00 
254 -93.00 
255 -76.00 
256 -228.00 
257 -73.00 
258 -115.00 
259 -74.00 
260 -72.00 
261 -65.00 
262 -78.00 
263 -85.00 
264 -81.00 
265 -82.00 
266 -93.00 
267 -90.00 
268 -81.00 
269 -214.00 
270 -77.00 
271 -93.00 
272 -87.00 
273 -94.00 
274 -73.00 
275 -119.00 
276 -96.00 
277 -96.00 
278 -162.00 
279 -74.00 
280 -72.00 
281 -112.00 
282 -97.00 
283 -85.00 
284 -85.00 
285 -73.00 
286 -81.00 
287 -72.00 
288 -86.00 
289 -86.00 
290 -87.00 
291 -65.00 
292 -90.00 
293 -81.00 
294 -87.00 
295 -86.00 
296 -146.00 
297 -66.00 
298 -94.00 
299 -72.00 
300 -88.00 
301 -76.00 
302 -116.00 
303 -87.00 
304 -73.00 
305 -65.00 
306 -66.00 
307 -81.00 
308 -74.00 
309 -87.00 
310 -72.00 
311 -73.00 
312 -79.00 
313 -99.00 
314 -65.00 
315 -82.00 
316 -95.00 
317 -95.00 
318 -65.00 
319 -86.00 
320 -73.00 
321 -64.00 
322 -73.00 
323 -82.00 
324 -82.00 
325 -72.00 
326 -159.00 
327 -100.00 
328 -100.00 
329 -82.00 
330 -78.00 
331 -78.00 
332 -65.00 
333 -97.00 
334 -78.00 
335 -84.00 
336 -86.00 
337 -73.00 
338 -74.00 
339 -94.00 
340 -82.00 
341 -65.00 
342 -80.00 
343 -85.00 
344 -65.00 
345 -91.00 
346 -74.00 
347 -77.00 
348 -65.00 
349 -83.00 
350 -74.00 
351 -64.00 
352 -117.00 
353 -132.00 
354 -66.00 
355 -96.00 
356 -79.00 
357 -85.00 
358 -89.00 
359 -87.00 
360 -83.00 
361 -74.00 
362 -85.00 
363 -87.00 
364 -90.00 
365 -71.00 
366 -165.00 
367 -72.00 
368 -101.00 
369 -84.00 
370 -85.00 
371 -66.00 
372 -101.00 
373 -82.00 
374 -80.00 
375 -78.00 
376 -96.00 
377 -84.00 
378 -73.00 
379 -78.00 
380 -71.00 
381 -65.00 
382 -90.00 
383 -76.00 
384 -72.00 
385 -64.00 
386 -78.00 
387 -78.00 
388 -66.00 
389 -74.00 
390 -72.00 
391 -95.00 
392 -74.00 
393 -102.00 
394 -81.00 
395 -65.00 
396 -66.00 
397 -72.00 
398 -83.00 
399 -84.00 
400 -73.00 
401 -78.00 
402 -64.00 
403 -71.00 
404 -87.00 
405 -73.00 
406 -115.00 
407 -90.00 
408 -77.00 
409 -65.00 
410 -74.00 
411 -76.00 
412 -74.00 
413 -83.00 
414 -80.00 
415 -89.00 
416 -65.00 
417 -77.00 
418 -74.00 
419 -72.00 
420 -77.00 
421 -83.00 
422 -72.00 
423 -66.00 
424 -79.00 
425 -74.00 
426 -72.00 
427 -72.00 
428 -87.00 
429 -74.00 
430 -72.00 
431 -78.00 
432 -87.00 
433 -93.00 
434 -83.00 
435 -85.00 
436 -75.00 
437 -78.00 
438 -137.00 
439 -73.00 
440 -89.00 
441 -72.00 
442 -94.00 
443 -70.00 
444 -91.00 
445 -65.00 
446 -72.00 
447 -97.00 
448 -85.00 
449 -88.00 
450 -104.00 
451 -72.00 
452 -73.00 
453 -275.00 
454 -73.00 
455 -73.00 
456 -78.00 
457 -88.00 
458 -76.00 
459 -74.00 
460 -90.00 
461 -95.00 
462 -73.00 
463 -90.00 
464 -74.00 
465 -72.00 
466 -73.00 
467 -98.00 
468 -73.00 
469 -85.00 
470 -90.00 
471 -86.00 
472 -72.00 
473 -65.00 
474 -90.00 
475 -93.00 
476 -77.00 
477 -91.00 
478 -98.00 
479 -65.00 
480 -72.00 
481 -77.00 
482 -94.00 
483 -73.00 
484 -72.00 
485 -89.00 
486 -79.00 
487 -89.00 
488 -84.00 
489 -74.00 
490 -65.00 
491 -65.00 
492 -72.00 
493 -81.00 
494 -86.00 
495 -81.00 
496 -85.00 
497 -100.00 
498 -72.00 
499 -87.00 
500 -74.00 
