Seed 0:
0 -444.03 
1 -328.41 
2 -222.67 
3 -200.84 
4 -113.52 
5 26.39 
6 -97.26 
7 78.55 
8 24.00 
9 59.47 
10 35.38 
11 87.98 
12 226.39 
13 199.62 
14 246.96 
15 377.53 
16 487.97 
17 531.71 
18 591.42 
19 572.89 
20 762.30 
21 607.63 
22 710.67 
23 818.68 
24 895.08 
25 898.00 
26 1178.27 
27 1090.53 
28 1179.15 
29 1237.78 
30 1301.03 
31 1468.70 
32 1333.31 
33 1610.25 
34 1631.74 
35 1394.51 
36 1652.28 
37 1419.70 
38 1709.31 
39 1664.87 
40 1860.97 
41 1736.53 
42 1795.42 
43 1757.86 
44 1619.90 
45 1774.21 
46 1803.11 
47 1790.28 
48 1851.70 
49 1716.70 
50 1919.12 
51 1844.69 
52 1956.15 
53 1704.54 
54 1702.12 
55 1821.45 
56 1673.21 
57 2010.19 
58 1712.46 
59 1725.66 
60 1812.99 
61 1969.83 
62 1824.27 
63 1791.07 
64 1819.25 
65 2037.56 
66 1765.77 
67 1946.27 
68 1640.32 
69 2051.49 
70 1885.86 
71 1887.52 
72 1796.23 
73 1864.70 
74 1743.95 
75 1881.41 
76 1900.97 
77 1848.20 
78 1758.10 
79 1933.21 
80 1776.74 
81 2127.23 
82 1825.81 
83 2017.00 
84 1996.31 
85 1972.13 
86 1734.39 
87 1864.91 
88 1857.44 
89 1926.60 
90 2000.00 
91 1874.36 
92 1899.65 
93 1786.63 
94 -595.87 
95 1934.97 
96 2132.46 
97 1908.50 
98 1735.78 
99 1779.52 
100 1871.10 
101 2036.38 
102 2002.66 
103 1808.12 
104 1799.57 
105 1762.22 
106 2006.51 
107 1919.61 
108 1852.44 
109 1769.42 
110 1901.00 
111 1917.35 
112 1975.87 
113 1989.21 
114 1883.75 
115 1858.78 
116 1933.04 
117 2109.16 
118 1862.82 
119 1844.76 
120 1824.04 
121 1771.05 
122 1874.67 
123 1912.89 
124 1879.94 
125 2004.42 
126 1915.31 
127 2099.88 
128 1863.66 
129 1854.85 
130 1891.26 
131 1909.44 
132 2056.52 
133 1945.07 
134 1845.86 
135 1899.39 
136 1944.00 
137 1787.46 
138 1970.89 
139 1989.58 
140 1723.16 
141 1663.14 
142 1887.01 
143 1955.72 
144 1817.38 
145 1707.50 
146 2068.95 
147 1934.96 
148 1986.17 
149 1682.42 
150 1853.24 
151 1862.44 
152 2040.50 
153 1968.21 
154 1837.26 
155 1839.32 
156 1811.20 
157 1771.90 
158 1810.11 
159 1977.19 
160 1955.43 
161 1794.23 
162 1878.21 
163 1859.83 
164 2022.31 
165 1779.52 
166 1874.51 
167 2039.37 
168 1901.92 
169 1904.57 
170 1938.63 
171 2079.15 
172 2013.77 
173 1932.38 
174 1789.73 
175 1902.42 
176 1950.57 
177 2110.81 
178 1969.67 
179 1970.79 
180 1897.41 
181 2037.70 
182 1976.44 
183 1932.57 
184 1779.74 
185 1909.81 
186 1998.87 
187 2046.85 
188 1784.76 
189 1916.16 
190 2025.51 
191 1954.87 
192 1852.79 
193 2147.09 
194 1699.70 
195 2023.61 
196 1941.87 
197 1962.34 
198 1986.74 
199 1933.81 
200 2047.11 
201 1938.73 
202 2036.09 
203 1813.69 
204 1794.21 
205 1797.76 
206 1950.48 
207 1737.96 
208 2137.51 
209 1892.05 
210 1919.12 
211 1971.61 
212 2147.02 
213 2085.56 
214 1965.14 
215 2164.27 
216 1879.76 
217 2031.81 
218 1838.58 
219 2022.40 
220 1933.83 
221 1949.63 
222 1789.39 
223 1902.31 
224 1928.57 
225 2080.96 
226 1830.12 
227 1944.44 
228 2023.71 
229 2034.60 
230 2096.34 
231 2031.97 
232 1838.91 
233 1925.22 
234 1914.82 
235 1939.15 
236 1817.43 
237 1998.07 
238 2048.25 
239 1945.06 
240 2127.89 
241 1960.09 
242 1950.88 
243 1793.73 
244 2077.61 
245 2005.72 
246 1979.22 
247 2162.81 
248 2073.12 
249 2015.09 
250 1866.38 
251 2086.33 
252 2021.80 
253 2130.39 
254 1897.17 
255 1837.08 
256 1995.44 
257 1886.78 
258 1864.29 
259 1923.58 
260 1868.31 
261 1872.03 
262 1959.31 
263 2091.53 
264 2037.33 
265 2135.80 
266 2151.30 
267 1848.29 
268 1867.50 
269 1962.76 
270 1946.29 
271 2074.98 
272 1893.57 
273 2100.52 
274 1998.90 
275 1955.67 
276 1767.16 
277 2019.14 
278 1914.90 
279 1967.25 
280 2144.71 
281 2114.79 
282 2271.04 
283 2108.60 
284 2055.04 
285 2149.25 
286 1835.35 
287 2051.13 
288 1746.92 
289 1926.06 
290 1861.19 
291 2189.29 
292 1972.96 
293 1978.52 
294 1697.71 
295 2088.26 
296 2144.96 
297 1990.69 
298 1897.19 
299 2004.39 
300 2027.12 
301 1950.23 
302 1905.05 
303 2011.98 
304 2102.81 
305 1865.31 
306 1902.97 
307 1996.63 
308 2100.07 
309 2039.11 
310 1947.14 
311 1982.90 
312 2042.68 
313 2017.25 
314 2067.00 
315 1908.55 
316 2194.33 
317 1944.47 
318 2067.72 
319 2086.41 
320 1887.55 
321 1967.55 
322 1667.54 
323 1839.93 
324 2078.33 
325 2129.29 
326 2018.35 
327 2048.08 
328 1838.42 
329 1969.14 
330 1812.82 
331 1858.47 
332 2058.69 
333 1886.59 
334 1944.05 
335 1973.78 
336 2122.55 
337 2216.12 
338 2114.00 
339 1842.82 
340 1902.01 
341 2134.62 
342 1753.37 
343 2040.19 
344 2145.75 
345 2018.45 
346 1917.69 
347 1917.80 
348 1815.91 
349 2042.65 
350 1888.74 
351 2204.45 
352 2083.12 
353 2087.27 
354 1806.46 
355 1988.58 
356 2166.51 
357 2063.58 
358 2077.37 
359 2102.10 
360 2119.27 
361 1977.48 
362 2052.07 
363 1817.62 
364 1976.59 
365 2034.13 
366 2024.54 
367 2182.59 
368 2056.94 
369 2090.71 
370 1990.06 
371 1869.42 
372 2095.83 
373 1906.44 
374 2219.91 
375 1960.90 
376 2092.99 
377 1857.57 
378 1969.58 
379 2081.35 
380 2000.64 
381 1929.11 
382 2147.44 
383 1873.55 
384 2159.26 
385 2023.13 
386 1812.61 
387 2079.74 
388 2022.48 
389 2208.12 
390 2115.28 
391 2118.56 
392 2017.51 
393 2020.98 
394 2218.79 
395 2135.89 
396 1855.43 
397 2043.74 
398 2092.06 
399 1878.55 
400 1894.34 
401 1962.44 
402 1957.95 
403 2043.77 
404 1869.86 
405 2105.27 
406 2201.54 
407 2113.59 
408 2026.80 
409 2082.17 
410 1898.19 
411 2110.33 
412 1973.92 
413 2053.56 
414 1986.44 
415 1922.67 
416 2231.36 
417 1915.53 
418 2064.20 
419 2089.97 
420 2000.39 
421 2075.16 
422 2016.45 
423 2014.04 
424 2052.22 
425 2124.66 
426 1999.84 
427 2095.71 
428 2102.21 
429 2026.30 
430 1941.25 
431 1921.08 
432 2119.17 
433 1825.59 
434 1961.65 
435 2148.81 
436 1792.59 
437 2111.41 
438 2300.57 
439 1970.29 
440 1887.78 
441 2258.13 
442 1832.00 
443 2059.96 
444 1927.28 
445 2083.94 
446 2271.88 
447 1778.37 
448 2063.64 
449 1990.00 
450 2120.24 
451 2035.29 
452 1959.25 
453 2089.07 
454 2177.54 
455 2029.70 
456 1982.96 
457 1944.89 
458 2048.53 
459 1850.03 
460 2122.79 
461 1913.92 
462 1962.60 
463 2053.73 
464 1939.80 
465 2041.10 
466 2035.61 
467 2004.51 
468 2192.93 
469 1977.95 
470 2021.47 
471 2126.03 
472 2025.30 
473 1886.80 
474 2141.79 
475 1895.23 
476 1833.65 
477 2100.39 
478 2024.20 
479 1913.71 
480 2047.80 
481 1974.01 
482 2222.06 
483 1947.70 
484 1996.72 
485 2045.90 
486 1933.37 
487 2182.20 
488 2321.22 
489 2154.73 
490 2062.30 
491 1999.31 
492 1749.01 
493 1881.48 
494 2140.45 
495 1948.58 
496 1970.01 
497 2096.52 
498 1899.92 
499 1930.68 
500 1824.21 
501 1890.54 
502 2046.32 
503 2013.75 
504 1838.91 
505 1890.79 
506 2164.76 
507 1786.14 
508 2042.32 
509 2185.70 
510 2089.91 
511 1890.81 
512 1965.61 
513 2054.83 
514 2107.09 
515 1832.22 
516 2008.33 
517 2002.44 
518 2123.41 
519 2016.83 
520 2157.88 
521 2095.75 
522 2062.30 
523 2094.02 
524 1940.28 
525 2030.45 
526 2119.39 
527 2017.05 
528 2013.85 
529 1937.07 
530 1841.82 
531 2164.23 
532 2062.84 
533 1948.93 
534 2056.14 
535 1802.53 
536 1996.09 
537 1932.19 
538 1746.34 
539 1970.27 
540 2020.91 
541 2171.36 
542 2090.99 
543 1978.02 
544 2146.00 
545 1814.41 
546 1986.25 
547 1964.30 
548 2198.16 
549 2193.91 
550 2131.37 
551 1981.21 
552 2136.19 
553 1854.62 
554 2128.76 
555 1987.18 
556 2049.90 
557 1972.27 
558 2001.63 
559 1941.43 
560 2038.18 
561 2169.14 
562 1943.60 
563 2000.35 
564 2039.53 
565 1803.24 
566 2043.65 
567 2013.17 
568 2152.30 
569 2080.38 
570 2169.88 
571 2370.98 
572 2201.20 
573 2115.32 
574 2294.87 
575 2016.01 
576 1831.86 
577 2131.80 
578 2000.73 
579 1971.61 
580 2084.68 
581 1977.81 
582 2015.77 
583 2086.92 
584 2178.57 
585 2139.90 
586 2184.58 
587 2000.01 
588 2018.08 
589 1973.33 
590 2151.15 
591 2348.61 
592 1965.59 
593 1941.91 
594 2095.18 
595 2031.03 
596 2140.28 
597 2048.97 
598 1941.74 
599 2118.66 
600 2181.70 
601 2078.28 
602 1902.02 
603 1906.49 
604 2226.36 
605 2061.56 
606 1993.23 
607 2143.94 
608 2096.50 
609 2065.49 
610 2091.51 
611 2031.12 
612 2082.00 
613 1926.01 
614 1847.21 
615 1854.21 
616 1961.55 
617 2197.67 
618 2066.81 
619 1918.74 
620 2267.43 
621 1832.25 
622 2055.43 
623 1842.73 
624 1965.77 
625 2065.81 
626 2132.71 
627 1932.25 
628 2162.34 
629 2013.79 
630 2188.18 
631 2057.18 
632 2003.69 
633 1622.93 
634 1901.02 
635 2138.52 
636 1965.13 
637 2226.64 
638 2134.69 
639 1848.87 
640 1919.08 
641 2094.97 
642 2090.40 
643 1929.48 
644 2058.64 
645 1940.30 
646 2190.33 
647 1911.64 
648 2110.51 
649 1980.15 
650 2000.29 
651 1958.60 
652 1854.02 
653 2090.20 
654 2021.49 
655 2133.07 
656 2087.53 
657 1754.37 
658 1974.61 
659 1871.52 
660 2218.71 
661 2015.02 
662 1976.49 
663 2095.10 
664 2132.17 
665 1991.93 
666 2009.61 
667 2120.23 
668 2109.37 
669 2217.37 
670 2080.49 
671 2184.25 
672 1986.71 
673 2076.09 
674 1948.93 
675 2298.79 
676 2024.90 
677 1924.00 
678 2210.60 
679 2257.97 
680 2097.37 
681 2059.67 
682 2053.10 
683 2136.71 
684 1880.51 
685 2085.97 
686 2199.24 
687 2063.72 
688 2128.95 
689 2342.38 
690 1906.45 
691 1912.37 
692 1814.84 
693 2060.67 
694 1962.52 
695 1951.96 
696 2082.87 
697 1995.17 
698 1895.93 
699 2104.41 
700 2028.92 
701 2021.51 
702 1922.88 
703 2086.87 
704 2008.04 
705 1769.76 
706 2027.18 
707 1935.68 
708 1937.20 
709 2383.37 
710 2059.09 
711 1999.67 
712 2049.55 
713 2063.46 
714 2160.87 
715 1944.89 
716 2014.89 
717 2067.26 
718 1869.66 
719 1982.24 
720 1952.07 
721 2106.03 
722 2005.64 
723 2027.72 
724 2102.68 
725 2097.76 
726 2151.02 
727 2097.64 
728 2139.23 
729 1967.19 
730 2262.72 
731 2236.71 
732 1897.50 
733 2048.90 
734 2168.48 
735 2123.06 
736 1923.59 
737 2081.04 
738 2038.26 
739 1993.02 
740 2213.62 
741 2118.11 
742 2045.44 
743 2005.46 
744 1903.37 
745 2001.44 
746 1966.01 
747 1961.10 
748 2418.27 
749 2022.76 
750 2199.25 
751 2055.42 
752 2089.51 
753 2111.61 
754 2243.69 
755 2033.02 
756 2135.67 
757 1984.28 
758 1998.31 
759 2229.37 
760 2214.85 
761 2094.90 
762 2057.37 
763 1929.39 
764 2028.00 
765 1943.26 
766 2215.77 
767 2000.63 
768 2216.38 
769 2253.41 
770 2085.78 
771 2068.62 
772 1830.44 
773 2173.79 
774 2129.23 
775 2032.83 
776 2119.85 
777 2003.41 
778 2127.69 
779 2211.96 
780 2012.81 
781 2036.32 
782 2127.55 
783 2241.41 
784 1894.70 
785 1887.20 
786 2001.57 
787 2287.35 
788 2206.95 
789 2041.15 
790 2151.21 
791 2229.31 
792 1868.58 
793 1975.94 
794 2137.00 
795 1938.32 
796 1973.67 
797 1866.55 
798 2043.93 
799 2136.50 
800 2202.75 
801 2117.30 
802 2084.08 
803 1950.32 
804 1986.93 
805 1823.93 
806 1950.13 
807 1735.98 
808 2133.81 
809 2205.91 
810 2096.25 
811 2056.57 
812 2172.97 
813 2026.99 
814 1980.34 
815 2155.11 
816 2025.15 
817 2099.10 
818 2002.14 
819 2142.07 
820 2217.97 
821 2056.53 
822 1995.80 
823 2092.10 
824 2026.66 
825 2025.66 
826 2004.93 
827 2159.98 
828 1972.23 
829 1880.50 
830 2202.89 
831 2052.16 
832 1830.32 
833 2266.66 
834 1844.70 
835 2125.48 
836 2152.39 
837 2098.64 
838 2090.04 
839 2275.86 
840 2135.41 
841 1980.12 
842 2283.61 
843 1995.24 
844 2162.57 
845 2138.75 
846 1844.09 
847 2195.21 
848 2111.76 
849 2287.53 
850 2110.26 
851 1946.86 
852 2150.01 
853 2134.33 
854 2011.07 
855 2058.12 
856 2087.79 
857 1932.67 
858 1998.13 
859 2057.97 
860 2033.46 
861 2148.12 
862 2043.02 
863 2221.78 
864 2007.26 
865 1884.96 
866 1942.10 
867 1946.32 
868 2105.37 
869 2119.39 
870 2078.69 
871 2188.99 
872 1997.39 
873 2011.56 
874 2065.64 
875 2395.64 
876 2183.36 
877 1982.72 
878 1996.74 
879 2059.56 
880 2314.82 
881 2227.37 
882 1963.87 
883 2090.43 
884 1995.49 
885 2261.73 
886 1910.42 
887 2146.25 
888 2093.53 
889 2001.83 
890 1824.26 
891 1911.20 
892 2216.33 
893 2057.97 
894 1858.53 
895 1948.29 
896 1950.41 
897 2341.84 
898 2265.33 
899 2095.18 
900 2180.00 
901 2141.19 
902 2146.46 
903 1980.13 
904 2022.31 
905 2193.67 
906 2211.93 
907 2182.04 
908 2106.84 
909 2228.66 
910 2063.18 
911 1963.35 
912 1870.57 
913 2092.98 
914 2145.02 
915 1940.85 
916 2091.36 
917 2082.23 
918 2030.40 
919 2015.95 
920 1714.79 
921 1818.02 
922 2117.17 
923 2247.31 
924 2155.41 
925 2061.88 
926 2097.56 
927 1974.13 
928 1837.28 
929 2216.21 
930 2232.14 
931 2064.00 
932 2058.17 
933 2029.64 
934 1881.46 
935 2481.86 
936 2003.01 
937 1980.45 
938 2263.00 
939 1872.69 
940 2085.00 
941 2136.44 
942 2082.38 
943 2015.76 
944 2036.02 
945 1921.09 
946 1987.11 
947 1909.27 
948 2052.38 
949 1937.66 
950 1770.93 
951 2119.51 
952 2076.53 
953 2008.87 
954 2082.15 
955 2150.31 
956 2322.09 
957 2099.10 
958 2024.52 
959 2129.34 
960 1994.69 
961 2128.87 
962 2271.12 
963 1955.20 
964 2165.16 
965 2142.92 
966 1986.84 
967 1872.58 
968 1889.26 
969 2046.71 
970 1959.72 
971 1999.02 
972 2013.34 
973 1972.07 
974 2011.87 
975 2220.39 
976 2277.58 
977 2353.99 
978 2139.43 
979 2292.00 
980 2205.91 
981 2066.54 
982 2240.53 
983 2129.59 
984 2238.40 
985 2082.08 
986 2154.30 
987 2038.22 
988 1844.89 
989 2037.50 
990 2025.80 
991 1970.88 
992 1959.22 
993 2080.92 
994 2058.97 
995 2248.12 
996 1818.34 
997 1878.41 
998 2069.02 
999 2070.14 
1000 1964.18 
1001 1883.56 
1002 1967.29 
1003 1829.31 
1004 2088.19 
1005 2223.33 
1006 2243.02 
1007 2195.09 
1008 1943.40 
1009 1946.49 
1010 1947.37 
1011 2226.73 
1012 2019.56 
1013 2059.78 
1014 2069.87 
1015 1895.93 
1016 2369.13 
1017 2160.88 
1018 2172.56 
1019 2222.88 
0 2191.25 
0 2213.90 
1 2084.33 
1 1933.90 
2 2116.27 
2 2011.45 
3 2034.71 
3 2285.77 
4 2011.76 
4 2052.58 
5 2297.46 
6 1905.21 
5 1891.47 
7 2100.81 
6 2135.08 
8 1875.77 
7 2168.34 
9 2227.14 
10 1980.20 
8 2231.78 
11 2160.75 
9 2091.77 
12 2186.42 
13 2278.99 
10 1960.08 
14 2230.48 
11 2161.88 
15 2106.76 
12 2120.16 
16 2136.84 
17 2065.78 
13 1885.14 
18 2205.38 
14 2113.99 
19 2154.34 
20 2010.24 
15 2205.81 
21 2243.09 
16 2055.88 
22 1914.95 
17 1932.40 
23 2228.35 
24 2214.44 
18 2002.05 
25 2084.27 
19 1921.80 
26 2112.25 
27 2050.35 
20 2100.23 
28 2218.98 
21 2175.49 
29 2174.22 
22 1980.61 
30 2281.91 
31 2019.31 
23 2105.59 
32 2122.12 
24 2003.55 
33 2129.16 
34 1887.13 
25 2081.05 
35 2176.61 
26 2037.55 
36 2091.84 
27 2248.27 
37 2035.95 
38 1811.57 
28 2047.87 
39 1966.58 
29 2084.46 
40 2259.53 
30 2151.39 
41 2205.46 
42 2270.50 
31 2163.85 
43 2115.63 
32 1901.92 
44 1998.43 
33 2033.19 
45 2089.45 
46 2023.02 
34 2116.13 
47 2140.57 
35 2184.23 
48 2142.42 
49 1900.01 
36 2112.85 
50 2235.41 
37 2223.73 
51 2029.41 
38 2135.06 
52 2117.90 
53 2233.20 
39 1931.00 
54 2107.77 
40 2217.03 
55 2029.19 
41 2303.41 
56 2236.48 
42 2014.52 
43 2151.78 
44 2047.02 
45 2091.03 
46 2007.35 
47 1990.33 
48 2212.76 
49 2150.68 
50 2054.57 
51 1940.11 
52 2135.84 
53 2098.76 
54 2074.40 
55 2073.62 
56 1937.19 
57 2038.90 
58 1855.26 
59 2151.37 
60 1941.21 
61 2190.57 
62 1979.27 
63 2077.35 
64 2201.38 
65 2090.33 
66 2072.10 
67 2254.97 
68 1953.75 
69 2073.77 
70 2217.02 
71 2126.04 
72 2009.38 
73 2243.96 
74 2019.02 
75 1975.47 
76 2027.45 
77 1925.96 
78 2090.05 
79 2115.51 
80 2027.48 
81 2111.80 
82 2013.02 
83 2161.93 
84 2048.32 
85 2129.96 
86 1853.59 
87 2108.55 
88 2178.60 
89 1888.14 
90 2112.18 
91 2020.13 
92 1862.42 
93 2082.16 
94 1986.70 
95 2086.88 
96 2118.46 
97 2115.39 
98 2284.08 
99 2187.52 
100 2426.06 
101 2176.31 
102 1900.07 
103 2074.84 
104 2046.62 
105 2167.79 
106 2253.67 
107 2231.52 
108 2206.62 
109 2128.37 
110 2131.86 
111 2226.15 
112 1925.17 
113 2037.84 
114 2124.91 
115 2098.44 
116 2059.15 
117 1977.01 
118 2148.86 
119 1999.05 
120 2036.87 
121 2174.07 
122 2228.22 
123 2110.45 
124 2074.23 
125 2213.25 
126 2187.65 
127 2025.48 
128 2202.53 
129 2049.42 
130 2028.73 
131 2137.19 
132 2050.01 
133 2217.79 
134 2029.75 
135 2057.67 
136 2406.86 
137 2011.90 
138 2034.36 
139 2165.70 
140 2188.74 
141 2103.65 
142 1915.15 
143 2069.26 
144 2011.98 
145 2338.61 
146 1971.99 
147 2205.75 
148 2229.44 
149 2115.80 
150 2205.79 
151 1841.24 
152 2177.90 
153 2085.50 
154 2024.92 
155 2071.74 
156 2244.16 
157 2230.57 
158 2142.69 
159 2201.22 
160 2103.20 
161 2085.17 
162 2017.27 
163 2072.14 
164 2332.84 
165 2048.65 
166 2066.05 
167 2249.64 
168 2088.28 
169 2139.62 
170 2164.84 
171 1994.50 
172 1869.80 
173 2205.97 
174 2189.83 
175 2023.07 
176 2199.66 
177 1984.35 
178 1880.23 
179 2276.31 
180 2108.89 
181 2138.13 
182 1932.63 
183 2314.39 
184 2135.43 
185 2108.54 
186 2019.65 
187 2044.66 
188 2162.27 
189 1934.67 
190 1957.02 
191 2135.50 
192 2167.85 
193 2239.14 
194 1899.78 
195 1954.43 
196 2032.43 
197 2289.21 
198 1989.35 
199 1946.15 
200 2007.46 
201 2047.17 
202 1886.97 
203 2150.00 
204 2250.17 
205 2052.81 
206 2199.95 
207 2043.64 
208 2075.91 
209 2066.10 
210 2272.88 
211 2040.89 
212 2007.09 
213 1954.91 
214 1961.80 
215 2052.57 
216 2130.20 
217 2315.12 
218 2149.28 
219 2299.90 
220 2034.03 
221 2411.08 
222 2064.68 
223 2273.45 
224 2159.97 
225 2029.02 
226 2070.57 
227 1994.41 
228 1795.20 
229 2202.59 
230 1988.14 
231 1866.48 
232 2073.41 
233 1939.22 
234 2126.57 
235 2141.91 
236 2171.26 
237 2044.06 
238 1916.13 
239 2247.69 
240 2142.85 
241 2040.87 
242 2099.44 
243 2176.11 
244 2282.53 
245 1947.44 
246 2040.56 
247 1817.23 
248 2178.13 
249 2088.12 
250 2080.41 
251 2061.91 
252 2060.77 
253 2026.35 
254 1926.29 
255 2039.27 
256 2387.17 
257 1928.02 
258 2249.52 
259 1970.35 
260 2078.12 
261 2202.25 
262 2218.59 
263 1843.86 
264 2065.91 
265 2015.76 
266 2074.16 
267 2080.15 
268 2022.76 
269 2052.36 
270 2017.34 
271 2280.67 
272 1763.03 
273 2081.45 
274 2095.31 
275 2055.95 
276 2178.38 
277 2077.59 
278 2014.62 
279 2001.05 
280 1974.68 
281 2304.89 
282 1970.90 
283 2151.30 
284 2133.98 
285 2141.88 
286 1944.25 
287 2087.56 
288 2139.89 
289 2247.29 
290 2065.16 
291 2098.71 
292 1755.81 
293 2227.56 
294 2026.90 
295 2175.14 
296 2099.50 
297 1943.93 
298 2174.07 
299 2316.35 
300 2128.49 
301 2010.03 
302 2327.24 
303 2212.40 
304 2110.49 
305 2155.27 
306 1892.99 
307 2134.79 
308 2007.19 
309 2251.52 
310 1982.83 
311 2078.66 
312 2097.75 
313 2182.04 
314 1922.96 
315 1957.69 
316 2098.10 
317 2222.96 
318 2114.31 
319 1895.92 
320 1880.87 
321 2040.48 
322 2100.48 
323 2185.99 
324 2102.23 
325 1972.06 
326 2152.26 
327 1860.11 
328 2140.57 
329 1876.25 
330 2166.03 
331 2368.82 
332 1895.24 
333 1970.81 
334 2220.93 
335 2062.95 
336 2164.78 
337 2107.24 
338 1938.06 
339 2130.49 
340 2133.73 
341 1996.88 
342 2078.58 
343 1941.54 
344 2298.55 
345 2209.20 
346 2120.33 
347 2160.32 
348 2102.89 
349 1884.60 
350 1920.88 
351 2090.44 
352 1973.87 
353 2144.68 
354 2279.18 
355 2444.90 
356 1872.51 
357 1872.99 
358 2144.99 
359 2215.78 
360 2097.56 
361 2011.80 
362 2142.65 
363 2159.92 
364 2035.12 
365 2208.84 
366 2164.45 
367 2353.98 
368 2134.93 
369 2148.08 
370 2186.69 
371 2162.18 
372 2072.67 
373 2202.37 
374 2003.74 
375 2138.63 
376 2179.14 
377 1990.13 
378 2124.28 
379 1979.68 
380 1995.03 
381 2187.29 
382 2079.93 
383 2270.35 
384 2197.27 
385 2151.96 
386 1864.50 
387 2198.76 
388 2170.60 
389 2099.51 
390 2126.04 
391 2047.51 
392 2093.85 
393 2398.56 
394 1951.80 
395 2000.15 
396 1971.97 
397 2132.74 
398 2164.04 
399 2058.25 
400 2024.07 
401 1995.04 
402 2200.02 
403 2068.31 
404 1956.90 
405 2225.97 
406 1922.58 
407 1876.97 
408 1895.63 
409 2192.81 
410 1824.68 
411 2176.38 
412 1913.34 
413 2016.41 
414 2157.34 
415 2159.93 
416 2139.20 
417 2227.00 
418 2191.26 
419 2034.61 
420 2178.99 
421 2100.93 
422 1970.17 
423 2228.81 
424 2245.72 
425 1970.33 
426 2162.95 
427 2139.17 
428 2072.92 
429 2089.05 
430 1857.79 
431 2139.28 
432 1960.96 
433 2190.63 
434 2031.15 
435 2293.76 
436 1969.25 
437 2247.37 
438 2125.60 
439 2083.00 
440 1986.33 
441 2072.63 
442 2115.55 
443 2024.44 
444 2059.22 
445 2217.46 
446 2129.48 
447 2196.77 
448 2078.39 
449 2199.93 
450 2169.41 
451 2234.57 
452 2071.43 
453 2126.90 
454 2104.06 
455 2076.49 
456 2037.58 
457 1984.89 
458 2079.58 
459 2106.28 
460 2019.36 
461 2074.48 
462 2099.03 
463 2264.32 
464 2056.86 
465 2126.13 
466 2018.35 
467 2063.53 
468 2031.50 
469 2166.61 
470 2405.88 
471 2160.28 
472 2099.47 
473 2175.78 
474 2054.56 
475 2060.37 
476 2210.99 
477 2094.38 
478 2173.82 
479 2027.95 
480 1957.59 
481 2044.03 
482 2025.98 
483 2183.92 
484 2284.46 
485 2150.98 
486 1842.70 
487 2146.25 
488 2336.64 
489 2103.85 
490 2368.70 
491 2253.45 
492 2066.40 
493 2115.66 
494 2114.11 
495 2091.62 
496 2137.95 
497 2235.48 
498 1989.53 
499 2165.85 
500 2246.46 
501 2296.60 
502 1973.81 
503 2006.13 
504 2052.13 
505 2048.84 
506 2307.08 
507 2166.48 
508 2045.40 
509 2248.32 
510 2190.74 
511 1911.64 
512 2255.66 
513 2240.15 
514 2074.98 
515 2143.26 
516 2264.74 
517 2130.52 
518 2124.40 
519 2173.08 
520 2308.05 
521 2199.70 
522 2194.30 
523 2202.35 
524 2113.17 
525 2036.48 
526 2126.87 
527 2141.04 
528 2196.67 
529 2118.35 
530 1952.27 
531 1997.40 
532 2104.82 
533 2020.94 
534 1922.95 
535 2003.52 
536 2102.76 
537 2028.11 
538 2163.32 
539 2092.33 
540 2168.34 
541 1984.39 
542 1927.40 
543 2137.54 
544 2195.72 
545 2139.87 
546 2019.49 
547 1937.79 
548 2244.98 
549 2397.80 
550 2026.03 
551 2081.92 
552 2200.61 
553 2308.63 
554 2269.09 
555 2010.02 
556 2110.24 
557 2171.91 
558 2179.06 
559 2071.51 
560 2224.77 
561 2043.50 
562 2232.38 
563 2178.88 
564 2321.39 
565 2016.50 
566 2185.84 
567 2191.97 
568 2061.83 
569 2063.78 
570 2079.91 
571 2192.85 
572 1984.26 
573 2019.10 
574 2185.37 
575 1928.66 
576 1927.64 
577 1975.42 
578 2294.71 
579 1963.54 
580 2156.22 
581 2240.89 
582 2023.31 
583 2250.07 
584 2061.88 
585 2100.12 
586 2150.07 
587 1991.77 
588 2056.66 
589 2204.04 
590 2188.72 
591 2509.15 
592 2212.75 
593 2022.73 
594 2217.72 
595 2233.10 
596 2111.88 
597 2103.90 
598 2279.87 
599 2104.50 
600 2086.42 
601 2097.64 
602 2022.91 
603 1846.01 
604 2115.44 
605 2141.66 
606 2083.31 
607 2057.96 
608 2179.41 
609 2004.58 
610 2072.82 
611 2111.29 
612 2266.58 
613 2113.24 
614 1905.54 
615 2100.90 
616 2216.79 
617 1970.60 
618 1985.11 
619 2090.77 
620 2061.02 
621 2038.10 
622 2032.47 
623 1926.76 
624 2234.91 
625 1996.60 
626 2195.20 
627 2026.66 
628 2109.49 
629 2310.69 
630 2088.78 
631 2099.62 
632 2213.14 
633 2118.73 
634 2221.22 
635 2098.42 
636 2043.49 
637 2137.82 
638 2271.33 
639 2091.65 
640 1942.27 
641 2185.85 
642 2240.24 
643 1977.61 
644 2194.46 
645 2062.16 
646 2283.88 
647 2101.75 
648 2108.00 
649 2207.80 
650 1887.72 
651 2295.54 
652 2190.82 
653 1996.64 
654 2196.25 
655 2097.08 
656 2290.24 
657 1849.34 
658 1979.72 
659 1976.05 
660 2239.45 
661 2103.80 
662 2282.96 
663 2209.81 
664 1907.52 
665 2309.71 
666 2288.23 
667 1958.81 
668 2237.43 
669 1965.02 
670 2176.23 
671 2134.49 
672 2343.27 
673 2100.09 
674 2291.37 
675 2110.18 
676 2162.89 
677 2091.66 
678 2045.27 
679 2097.49 
680 2225.94 
681 2091.70 
682 2063.57 
683 2139.10 
684 2265.14 
685 1991.26 
686 1951.78 
687 2270.54 
688 2279.27 
689 2155.49 
690 2059.46 
691 2217.78 
692 2062.45 
693 2195.20 
694 2116.42 
695 2213.69 
696 2219.29 
697 2106.85 
698 2137.09 
699 2141.75 
700 1895.83 
701 2397.93 
702 2108.64 
703 2243.95 
704 2190.92 
705 2064.48 
706 2145.83 
707 1936.38 
708 2002.71 
709 2194.10 
710 2223.34 
711 1978.08 
712 2464.85 
713 2089.07 
714 2182.71 
715 2241.80 
716 2107.26 
717 1952.29 
718 2080.85 
719 2115.04 
720 2172.11 
721 2101.67 
722 1998.81 
723 2074.37 
724 2295.33 
725 2155.65 
726 2140.16 
727 2105.16 
728 2128.16 
729 2179.54 
730 2415.36 
731 2164.88 
732 2153.33 
733 2139.27 
734 2128.19 
735 2064.06 
736 2043.43 
737 2147.73 
738 2271.70 
739 2214.44 
740 2308.89 
741 1783.12 
742 2276.04 
743 2127.63 
0 2077.25 
1 1985.58 
2 2105.89 
3 2186.34 
4 2178.96 
5 1969.92 
6 2081.60 
7 1863.18 
8 1989.73 
9 2269.15 
10 2081.08 
11 2031.87 
12 1989.16 
13 2318.33 
14 2046.05 
15 2326.69 
16 2544.20 
17 2273.67 
18 2219.22 
19 2037.26 
20 2009.50 
21 1951.27 
22 2285.73 
23 2074.46 
24 2080.09 
25 2191.90 
26 2221.07 
27 2112.70 
28 2309.81 
29 2124.38 
30 2313.80 
31 2142.30 
32 2055.55 
33 2191.58 
34 2133.11 
35 2057.93 
36 2118.47 
37 2094.51 
38 2113.73 
39 1996.35 
40 2317.02 
41 2148.96 
42 2107.83 
43 2170.13 
44 1977.87 
45 2108.33 
46 2059.68 
47 2167.21 
48 2015.62 
49 2111.78 
50 1979.35 
51 2082.84 
52 1930.70 
53 2107.78 
54 2263.58 
55 2098.29 
56 1979.30 
57 2270.64 
58 1910.97 
59 2287.08 
60 2177.98 
61 2161.87 
62 2126.00 
63 1976.90 
64 2205.51 
65 2304.77 
66 2134.18 
67 2254.57 
68 1923.48 
69 1832.97 
70 2094.50 
71 2323.53 
72 1966.85 
73 1926.38 
74 2096.38 
75 2052.78 
76 2062.54 
77 2057.67 
78 2122.57 
79 2127.03 
80 2283.56 
81 1863.79 
82 2071.92 
83 2154.27 
84 2083.41 
85 2115.05 
86 1823.07 
87 2107.57 
88 2411.15 
89 2175.47 
90 2189.32 
91 2063.50 
92 2061.38 
93 2189.14 
94 2208.01 
95 2298.44 
96 2044.37 
97 2182.06 
98 1926.95 
99 2222.59 
100 2251.82 
101 2289.74 
102 2278.69 
103 2157.44 
104 2150.78 
105 2162.46 
106 2227.44 
107 2186.25 
108 2037.42 
109 2273.05 
110 2071.81 
111 2170.70 
112 2014.75 
113 2265.56 
114 2237.79 
115 1915.44 
116 2332.53 
117 1904.55 
118 2156.01 
119 2005.78 
120 2119.80 
121 2035.29 
122 2032.80 
123 2226.55 
124 2154.11 
125 1962.23 
126 2098.85 
127 2187.59 
128 2206.75 
129 2176.41 
130 1811.62 
131 2057.88 
132 2089.73 
133 2122.33 
134 2149.46 
135 2329.01 
136 2115.37 
137 2132.30 
138 2315.54 
139 2105.86 
140 2195.80 
141 2088.03 
142 1981.49 
143 2055.07 
144 2015.18 
145 2129.48 
146 2208.04 
147 2248.70 
148 2183.84 
149 2027.79 
150 2388.40 
151 2093.62 
152 2085.74 
153 1853.35 
154 2158.26 
155 2005.92 
156 2126.24 
157 1824.64 
158 2255.18 
159 1885.75 
160 2155.06 
161 1832.80 
162 2278.19 
163 2055.47 
164 2073.50 
165 2182.69 
166 2009.20 
167 2360.80 
168 2116.06 
169 2213.27 
170 2064.74 
171 2166.26 
172 2206.63 
173 2174.87 
174 2229.46 
175 2020.12 
176 2329.79 
177 2062.11 
178 2088.40 
179 2248.09 
180 2078.80 
181 2108.15 
182 2164.36 
183 2158.36 
184 2247.07 
185 2245.98 
186 2320.73 
187 1868.44 
188 2252.21 
189 2040.70 
190 2316.61 
191 2120.09 
192 1850.90 
193 2433.19 
194 1812.39 
195 2110.10 
196 2178.57 
197 2003.87 
198 1980.06 
199 2208.19 
200 2093.37 
201 2234.65 
202 1982.28 
203 2088.67 
204 2001.99 
205 2333.17 
206 1911.57 
207 2312.98 
208 2088.10 
209 2110.83 
210 2192.96 
211 2183.30 
212 1917.28 
213 2121.74 
214 2159.24 
215 2038.53 
216 2189.28 
217 2253.89 
218 2179.71 
219 2215.42 
220 2149.32 
221 1983.07 
222 2474.64 
223 1980.03 
224 2007.23 
225 2173.68 
226 2193.88 
227 2184.69 
228 2284.96 
229 2097.38 
230 2056.62 
231 2266.51 
232 1993.09 
233 2018.52 
234 2026.16 
235 2201.65 
236 2163.42 
237 1991.59 
238 2026.89 
239 2292.41 
240 2254.70 
241 2152.85 
242 2315.67 
243 2303.73 
244 2051.28 
245 2099.70 
246 2240.80 
247 2015.26 
248 2357.37 
249 2215.77 
250 2109.83 
251 2251.44 
252 2124.50 
253 2337.32 
254 2117.23 
255 2041.87 
256 2059.15 
257 2294.09 
258 2228.75 
259 1902.44 
260 2149.89 
261 2112.03 
262 2240.17 
263 2148.73 
264 1962.91 
265 2032.94 
266 2158.98 
267 1968.31 
268 2204.81 
269 2027.90 
270 2024.88 
271 2087.10 
272 2279.74 
273 2077.82 
274 2047.15 
275 2213.13 
276 2207.84 
277 2255.17 
278 2163.86 
279 1883.54 
280 2287.49 
281 2044.83 
282 2218.04 
283 2359.67 
284 2175.90 
285 2513.16 
286 2171.41 
287 2152.80 
288 2139.41 
289 1989.89 
290 2155.09 
291 2094.15 
292 2016.95 
293 1973.16 
294 2041.56 
295 2095.40 
296 2072.21 
297 1944.36 
298 2016.60 
299 2102.37 
300 2017.86 
301 2149.98 
302 2106.83 
303 2250.18 
304 2256.74 
305 2105.99 
306 2165.10 
307 1918.77 
308 2318.47 
309 2084.06 
310 2256.53 
311 2250.66 
312 2176.79 
313 2016.14 
314 2236.88 
315 2078.80 
316 2047.91 
317 2139.10 
318 2320.49 
319 2043.22 
320 2240.89 
321 2034.31 
322 2168.93 
323 2180.68 
324 1948.47 
325 2251.33 
326 2255.91 
327 2188.50 
328 2070.79 
329 2207.44 
330 2237.45 
331 2020.07 
332 2175.77 
333 2212.16 
334 2084.22 
335 2185.59 
336 2189.85 
337 2065.81 
338 2358.65 
339 2202.69 
340 2343.61 
341 2229.47 
342 2080.96 
343 2210.35 
344 2180.56 
345 2245.58 
346 2135.33 
347 2164.45 
348 2149.67 
349 2050.75 
350 2107.83 
351 2189.08 
352 2112.89 
353 2253.98 
354 2138.51 
355 2198.37 
356 2249.55 
357 2043.73 
358 1950.33 
359 2091.57 
360 1980.05 
361 2144.51 
362 2129.76 
363 1899.63 
364 2005.52 
365 2167.77 
366 2250.94 
367 1867.66 
368 2141.59 
369 2072.84 
370 2149.68 
371 2292.99 
372 2144.91 
373 2248.00 
374 2159.82 
375 2162.22 
376 2206.79 
377 2288.22 
378 2292.68 
379 2158.87 
380 2112.76 
381 2167.75 
382 2045.78 
383 2342.24 
384 2162.01 
385 2131.48 
386 2171.16 
387 2074.41 
388 2140.94 
389 2223.80 
390 2104.85 
391 2024.07 
392 2243.50 
393 2181.95 
394 2269.25 
395 2012.08 
396 2185.25 
397 2316.66 
398 1889.16 
399 2265.74 
400 2484.85 
401 2141.85 
402 2022.49 
403 2386.42 
404 2104.89 
405 2259.75 
406 2210.56 
407 2196.33 
408 2066.09 
409 2209.73 
410 2126.47 
411 1954.57 
412 1971.30 
413 2339.14 
414 2128.50 
415 2303.50 
416 2009.79 
417 2288.49 
418 2155.05 
419 2134.85 
420 2208.00 
421 2040.79 
422 1968.94 
423 2076.75 
424 1903.53 
425 2045.41 
426 2135.72 
427 2013.25 
428 2074.23 
429 2023.85 
430 2163.29 
431 2255.90 
432 2254.40 
433 2284.77 
434 2385.02 
435 2105.27 
436 1993.74 
437 2083.06 
438 1993.02 
439 2168.68 
440 2157.60 
441 2144.73 
442 2105.22 
443 2218.04 
444 1877.36 
445 2232.70 
446 1869.54 
447 2151.88 
448 2203.54 
449 1899.86 
450 2242.96 
451 2471.88 
452 2355.41 
453 1892.70 
454 2061.42 
455 2128.70 
456 2120.11 
457 2165.17 
458 2120.93 
459 1827.48 
460 2142.52 
461 2292.45 
462 2051.99 
463 2270.09 
464 2107.88 
465 2193.50 
466 2094.45 
467 2280.55 
468 2295.11 
469 2206.08 
470 1826.07 
471 2067.66 
472 2229.04 
473 1919.83 
474 2125.78 
475 2053.10 
476 2306.29 
477 2192.56 
478 2180.41 
479 2465.85 
480 2296.53 
481 2223.50 
482 2210.95 
483 2035.86 
484 2053.70 
485 2145.99 
486 2230.91 
487 1877.97 
488 1784.19 
489 1979.47 
490 2211.12 
491 2265.88 
492 2158.66 
493 1901.36 
494 2042.91 
495 2287.39 
496 2192.50 
497 1951.11 
498 2148.13 
499 2099.67 
500 1813.86 
501 2245.58 
502 2211.66 
503 2048.18 
504 1976.88 
505 2050.72 
506 2059.79 
507 2156.00 
508 2304.57 
509 2170.64 
510 2034.31 
511 2113.24 
512 2132.03 
513 2044.58 
514 1968.38 
515 2111.85 
516 2053.52 
517 2159.47 
518 2198.43 
519 2133.77 
520 2029.27 
521 2029.04 
522 2299.94 
523 2144.52 
524 2087.14 
525 2318.36 
526 2020.66 
527 2053.99 
528 2368.23 
529 2128.14 
530 2271.01 
531 2086.10 
532 2164.29 
533 2270.25 
534 2088.63 
535 2105.41 
536 2258.98 
537 2056.44 
538 2208.44 
539 2232.10 
540 2400.49 
541 1991.99 
542 2110.73 
543 2033.42 
544 2116.05 
545 2081.79 
546 2228.95 
547 2191.03 
548 2046.94 
549 2016.15 
550 2193.44 
551 2143.82 
552 2248.71 
553 2174.53 
554 2153.59 
555 2088.63 
556 2320.69 
557 2039.65 
558 2110.16 
559 2139.36 
560 2222.54 
561 1951.83 
562 1947.84 
563 2319.53 
564 2117.36 
565 2221.58 
566 2093.93 
567 2379.54 
568 1976.04 
569 2067.15 
570 2194.08 
571 2123.11 
572 2092.80 
573 2079.69 
574 1958.44 
575 2104.55 
576 2139.38 
577 2079.91 
578 2203.93 
579 1946.62 
580 2084.51 
581 2332.64 
582 2175.08 
583 2128.76 
584 2218.78 
585 2174.45 
586 2030.12 
587 2140.29 
588 2144.29 
589 2162.59 
590 2225.64 
591 2075.27 
592 2164.58 
593 2197.35 
594 2143.60 
595 1970.06 
596 2279.72 
597 2124.63 
598 2089.65 
599 2005.92 
600 2303.37 
601 2323.85 
602 2191.37 
603 2068.84 
604 2363.11 
605 2395.97 
606 2103.20 
607 2347.51 
608 2063.48 
609 2256.10 
610 2047.36 
611 1954.93 
612 2136.50 
613 1986.30 
614 2210.73 
615 2244.49 
616 2345.39 
617 2213.98 
618 2132.75 
619 2121.15 
620 1942.59 
621 2341.35 
622 2102.28 
623 1986.91 
624 2020.34 
625 1949.10 
626 1940.80 
627 2204.29 
628 2076.85 
629 2208.30 
630 2170.14 
631 2170.78 
632 2199.38 
633 2180.51 
634 1938.68 
635 1969.33 
636 2068.35 
637 1945.17 
638 2502.72 
639 2223.91 
640 2187.31 
641 2141.58 
642 2214.41 
643 2319.98 
644 2105.23 
645 2246.76 
646 2149.76 
647 2051.36 
648 2165.55 
649 2383.87 
650 2221.14 
651 2203.00 
652 1989.29 
653 2166.03 
654 1987.29 
655 2247.57 
656 2298.23 
657 2134.78 
658 2178.54 
659 2127.63 
660 2339.25 
661 2111.00 
662 2117.92 
663 2378.25 
664 2112.30 
665 2190.14 
666 2089.20 
667 2088.89 
668 1982.16 
669 2060.85 
670 1932.77 
671 2281.13 
672 2009.36 
673 2090.46 
674 2142.75 
675 2155.14 
676 2258.07 
677 2154.15 
678 2097.45 
679 2263.26 
680 1884.65 
681 2265.15 
682 2127.69 
683 2144.26 
684 2282.92 
685 2248.97 
686 2117.68 
687 1989.60 
688 2247.12 
689 2105.18 
690 2040.83 
691 2259.08 
692 2347.82 
693 1994.11 
694 2020.96 
695 2150.81 
696 2274.46 
697 2075.55 
698 2174.29 
699 2168.30 
700 2023.74 
701 2143.21 
702 2097.07 
703 2169.82 
704 2211.38 
705 2110.35 
706 1982.42 
707 2101.53 
708 1871.76 
709 2218.05 
710 2316.78 
711 2230.42 
712 2301.04 
713 2105.12 
714 2245.39 
715 2210.27 
716 2038.35 
717 1954.23 
718 2180.13 
719 2191.86 
720 2226.16 
721 2072.55 
722 1970.87 
723 2290.35 
724 1963.55 
725 2250.80 
726 2161.19 
727 2112.53 
728 2236.55 
729 2144.62 
730 2276.27 
731 2012.48 
732 2050.35 
0 1851.93 
1 2385.77 
2 2295.59 
3 2207.12 
4 2164.78 
5 1938.81 
6 1952.63 
7 2141.45 
8 2131.40 
9 2136.76 
10 2051.29 
11 2025.69 
12 2185.11 
13 1997.07 
14 2151.20 
15 2149.25 
16 2129.08 
17 2092.93 
18 2201.10 
19 2135.89 
20 2330.54 
21 2224.58 
22 2164.70 
23 2077.31 
24 2206.73 
25 2165.15 
26 2211.29 
27 2355.61 
28 2160.46 
29 2027.85 
30 2232.03 
31 2122.41 
32 2115.88 
33 2217.48 
34 1947.02 
35 2143.12 
36 2043.34 
37 2040.72 
38 2109.80 
39 2166.29 
40 1938.74 
41 2291.78 
42 1986.50 
43 2092.58 
44 2144.46 
45 1839.41 
46 2316.72 
47 2109.64 
48 2336.53 
49 2007.75 
50 1987.92 
51 2034.37 
52 2133.45 
53 2301.88 
54 2266.42 
55 2038.49 
56 2082.07 
57 2187.48 
58 1896.32 
59 1821.46 
60 2250.34 
61 2119.28 
62 2056.98 
63 2275.71 
64 2210.90 
65 2248.16 
66 2245.20 
67 2402.28 
68 2016.39 
69 2100.66 
70 2132.92 
71 2218.52 
72 2120.29 
73 2123.77 
74 2006.23 
75 2019.27 
76 2340.88 
77 2061.97 
78 2323.17 
79 2163.35 
80 2100.34 
81 2319.14 
82 1993.60 
83 2226.83 
84 2003.20 
85 2296.61 
86 2248.51 
87 1971.39 
88 2083.65 
89 2071.78 
90 1807.91 
91 1970.37 
92 2333.28 
93 2149.78 
94 1944.22 
95 2121.59 
96 2010.92 
97 2005.64 
98 2247.75 
99 2224.39 
100 2298.28 
101 2224.17 
102 1899.44 
103 1979.70 
104 2259.76 
105 2229.62 
106 2254.84 
107 2043.02 
108 1953.02 
109 2497.44 
110 2092.24 
111 2258.88 
112 2092.41 
113 2205.78 
114 2114.79 
115 2373.37 
116 1947.46 
117 2196.17 
118 2538.07 
119 2112.98 
120 2187.06 
121 2185.35 
122 2067.15 
123 2067.65 
124 2111.69 
125 2013.94 
126 2168.68 
127 2059.95 
128 2541.31 
129 2234.33 
130 2025.90 
131 2003.76 
132 2087.19 
133 2107.85 
134 2293.91 
135 1985.17 
136 2088.07 
137 2155.58 
138 2013.58 
139 2270.94 
140 2212.57 
141 2086.28 
142 2136.89 
143 2142.24 
144 2138.91 
145 2213.65 
146 2202.37 
147 2081.50 
148 2183.83 
149 2104.20 
150 2109.20 
151 2232.84 
152 2292.80 
153 1908.81 
154 2124.68 
155 2272.26 
156 2095.26 
157 2279.61 
158 2329.85 
159 2083.07 
160 1969.75 
161 2261.28 
162 2199.30 
163 2059.27 
164 2304.03 
165 2239.39 
166 2229.77 
167 2067.96 
168 2026.35 
169 1800.76 
170 2287.77 
171 1979.75 
172 2290.74 
173 2069.57 
174 1940.67 
175 2167.40 
176 2332.68 
177 1929.04 
178 2143.98 
179 2198.93 
180 2069.22 
181 2169.55 
182 2005.43 
183 2254.09 
184 2182.27 
185 2123.81 
186 2301.63 
187 1983.22 
188 2010.60 
189 2174.35 
190 2228.01 
191 2167.99 
192 2415.17 
193 2235.52 
194 2052.12 
195 2177.01 
196 2217.39 
197 2215.24 
198 2164.50 
199 2127.15 
200 1846.95 
201 2173.57 
202 2256.00 
203 2024.48 
204 1907.37 
205 2313.82 
206 2187.85 
207 2082.99 
208 2246.36 
209 2075.01 
210 2164.44 
211 2060.52 
212 2097.87 
213 2268.20 
214 2080.93 
215 2113.09 
216 2025.12 
217 2199.20 
218 2003.03 
219 2267.72 
220 2210.27 
221 2033.89 
222 2072.71 
223 1932.76 
224 2125.59 
225 2177.04 
226 2120.35 
227 2058.49 
228 2184.46 
229 2259.25 
230 1986.28 
231 2002.91 
232 2274.39 
233 2292.05 
234 2340.74 
235 2123.20 
236 2123.91 
237 1938.66 
238 2071.15 
239 2106.24 
240 2282.46 
241 2328.22 
242 2031.95 
243 2097.95 
244 2276.94 
245 2163.62 
246 2265.66 
247 2018.90 
248 2245.32 
249 2101.79 
250 2172.64 
251 2185.23 
252 2172.99 
253 2301.65 
254 2167.97 
255 2222.98 
256 2264.21 
257 2090.43 
258 2076.55 
259 2300.75 
260 2259.06 
261 2295.26 
262 2062.60 
263 1951.56 
264 2267.92 
265 2092.27 
266 2194.27 
267 1994.46 
268 2294.30 
269 2128.28 
270 2125.10 
271 2256.17 
272 2049.66 
273 2084.95 
274 2275.96 
275 2079.19 
276 2250.06 
277 2163.04 
278 2236.47 
279 2280.88 
280 2032.37 
281 2000.12 
282 2294.55 
283 2309.29 
284 2055.36 
285 2249.60 
286 2256.16 
287 2211.86 
288 2297.85 
289 2249.28 
290 2062.37 
291 2160.90 
292 2231.10 
293 2187.43 
294 2174.07 
295 2184.60 
296 2101.18 
297 2240.38 
298 2079.67 
299 2228.48 
300 2154.49 
301 2184.16 
302 2179.42 
303 2194.60 
304 2192.25 
305 1879.16 
306 1817.56 
307 1959.15 
308 1986.44 
309 2031.84 
310 2084.22 
311 2023.00 
312 2030.27 
313 2211.76 
314 2199.12 
315 2320.37 
316 2143.66 
317 2254.37 
318 1979.15 
319 2028.60 
320 2157.55 
321 2245.39 
322 2211.45 
323 2287.14 
324 2208.27 
325 2295.37 
326 2205.83 
327 2095.50 
328 2065.40 
329 2218.40 
330 2098.10 
331 2196.86 
332 2066.53 
333 2152.24 
334 2119.28 
335 2203.55 
336 2004.98 
337 2481.90 
338 1851.58 
339 2158.17 
340 2057.16 
341 2194.58 
342 2039.95 
343 1977.35 
344 2008.90 
345 2039.86 
346 2048.28 
347 2384.61 
348 2097.91 
349 2104.96 
350 2201.06 
351 2191.97 
352 2183.52 
353 2188.42 
354 2221.48 
355 2003.83 
356 2303.15 
357 2008.88 
358 2314.96 
359 2102.23 
360 2147.39 
361 2154.01 
362 2177.39 
363 2267.52 
364 2223.29 
365 2379.19 
366 2281.62 
367 2189.08 
368 2063.40 
369 2162.72 
370 2150.32 
371 2005.96 
372 2044.18 
373 2159.64 
374 2266.89 
375 2160.30 
376 1987.51 
377 2209.71 
378 2212.25 
379 2204.00 
380 2111.41 
381 2163.18 
382 2113.27 
383 2363.16 
384 2154.97 
385 1960.72 
386 2072.02 
387 2118.45 
388 1932.65 
389 2194.79 
390 2023.88 
391 2186.49 
392 2179.00 
393 2305.57 
394 2174.29 
395 1937.95 
396 2384.68 
397 2059.10 
398 2243.37 
399 2243.83 
400 2171.39 
401 1265.97 
402 2017.46 
403 2046.94 
404 2221.94 
405 2175.45 
406 2147.33 
407 2118.47 
408 2263.21 
409 2247.20 
410 1916.63 
411 2530.28 
412 2273.98 
413 2104.80 
414 2013.93 
415 1911.63 
416 2335.28 
417 1941.73 
418 2137.62 
419 2379.41 
420 2162.50 
421 1912.95 
422 2034.93 
423 2351.02 
424 1874.93 
425 2329.38 
426 2174.49 
427 2077.15 
428 2034.46 
429 2274.62 
430 1994.60 
431 2081.59 
432 2052.74 
433 2227.53 
434 2191.93 
435 2234.01 
436 1964.22 
437 2353.42 
438 2012.34 
439 1978.06 
440 2246.93 
441 2363.59 
442 2124.56 
443 2018.22 
444 2023.30 
445 2056.48 
446 2010.87 
447 2053.10 
448 2165.02 
449 2263.13 
450 2129.81 
451 2162.11 
452 2159.65 
453 2048.56 
454 2202.33 
455 2112.43 
456 2054.27 
457 2289.90 
458 2043.87 
459 2168.86 
460 2219.48 
461 2325.09 
462 2129.57 
463 2111.73 
464 2149.90 
465 2215.37 
466 2182.18 
467 2110.71 
468 2243.88 
469 2312.46 
470 2076.53 
471 2082.72 
472 2106.92 
473 2477.78 
474 2278.44 
475 2062.57 
476 2038.60 
477 2064.07 
478 2171.38 
479 2119.86 
480 2127.84 
481 1979.59 
482 2032.86 
483 2084.56 
484 2165.93 
485 2282.68 
486 2250.83 
487 1915.03 
488 2038.37 
489 2046.62 
490 2218.17 
491 2103.50 
492 2151.34 
493 2115.02 
494 2158.68 
495 2240.08 
496 2280.51 
497 2189.93 
498 2327.74 
499 2390.31 
500 2225.30 
501 2320.49 
502 2165.47 
503 2039.88 
504 2245.01 
505 2494.35 
506 2012.41 
507 2178.79 
508 2242.74 
509 1996.38 
510 2056.28 
511 2330.92 
512 2296.49 
513 2293.01 
514 2189.23 
515 2158.87 
516 2185.59 
517 2097.01 
518 2185.58 
519 2272.29 
520 2142.31 
521 2086.69 
522 2077.97 
523 2229.02 
524 2155.58 
525 2218.78 
526 2210.12 
527 2389.38 
528 1959.23 
529 2015.31 
530 2247.09 
531 2329.52 
532 2077.93 
533 2394.75 
534 2304.67 
535 2096.06 
536 2392.26 
537 2205.75 
538 2091.22 
539 2409.75 
540 2244.28 
541 2214.39 
542 2048.48 
543 2203.65 
544 2124.58 
545 2101.69 
546 2313.16 
547 2194.50 
548 1942.38 
549 2127.94 
550 2116.82 
551 2292.16 
552 2002.54 
553 1960.08 
554 2292.52 
555 2054.58 
556 2001.86 
557 2201.61 
558 2289.00 
559 2237.13 
560 2102.36 
561 1967.27 
562 2341.42 
563 2098.31 
564 2163.76 
565 2060.37 
566 2147.97 
567 2360.14 
568 2164.37 
569 2111.62 
570 2063.08 
571 2403.49 
572 2129.16 
573 2198.74 
574 2073.63 
575 2025.37 
576 2229.78 
577 2439.96 
578 2429.69 
579 2246.84 
580 2025.82 
581 2170.53 
582 2098.06 
583 2200.58 
584 2093.96 
585 2225.42 
586 2375.04 
587 2103.54 
588 1943.17 
589 2117.21 
590 2128.57 
591 2021.65 
592 2175.07 
593 2122.95 
594 2233.68 
595 2006.80 
596 1919.21 
597 2355.82 
598 2231.28 
599 2011.11 
600 2132.03 
601 2025.42 
602 2268.34 
603 2149.31 
604 2108.67 
605 2104.69 
606 2252.83 
607 1953.33 
608 2200.74 
609 2021.61 
610 2175.50 
611 2212.95 
612 1976.78 
613 1903.09 
614 2083.68 
615 2027.37 
616 2092.40 
617 2057.67 
618 2246.43 
619 2244.58 
620 2287.48 
621 1968.51 
622 1949.83 
623 2217.36 
624 2011.50 
625 2316.40 
626 2179.34 
627 2175.34 
628 1826.91 
629 2120.79 
630 2455.04 
631 2201.96 
632 2237.27 
633 2163.80 
634 2032.43 
635 2166.06 
636 2227.23 
637 2041.15 
638 2315.56 
639 1999.32 
640 2133.96 
641 1920.38 
642 2108.78 
643 2080.31 
644 2096.59 
645 2174.08 
646 2036.59 
647 2089.10 
648 2319.03 
649 2145.13 
650 2214.45 
651 2038.84 
652 2044.17 
653 2354.74 
654 2263.39 
655 2360.78 
656 2118.79 
657 2261.48 
658 2229.92 
659 2181.67 
660 2223.13 
661 1995.15 
662 2188.27 
663 2290.86 
664 1838.13 
665 2352.75 
666 2364.70 
667 2153.87 
668 2172.37 
669 2479.52 
670 2118.33 
671 2057.83 
672 2023.30 
673 1881.82 
674 2280.06 
675 2053.09 
676 2100.40 
677 2231.72 
678 2291.08 
679 1964.41 
680 2277.98 
681 2108.84 
682 2350.15 
683 2150.86 
684 2039.45 
685 2139.76 
686 2450.02 
687 2104.95 
688 2206.78 
689 2240.48 
690 2356.00 
691 2158.38 
692 2105.75 
693 2207.74 
694 1948.77 
695 2054.22 
696 1997.20 
697 2029.84 
698 2366.15 
699 2232.95 
700 2358.07 
701 2009.65 
702 2286.59 
703 2035.47 
704 1996.02 
705 2028.17 
706 2157.13 
707 2296.46 
708 1966.17 
709 2138.59 
710 2011.92 
711 2105.65 
712 1817.91 
713 2065.06 
714 2132.90 
715 2182.41 
716 2020.29 
717 2131.93 
718 2128.91 
719 2170.28 
720 2162.15 
721 2272.22 
722 1996.43 
723 2057.51 
724 1889.95 
725 2295.76 
726 1947.99 
727 2213.75 
728 2075.07 
729 1976.39 
730 2177.74 
731 2299.23 
732 2181.96 
733 2118.70 
734 2228.97 
735 2154.09 
736 2202.70 
737 1957.16 
738 2187.48 
739 1979.22 
740 2010.20 
741 2248.85 
742 2115.48 
743 2355.52 
744 2292.52 
745 2185.45 
746 2127.42 
747 2111.12 
748 2215.10 
749 2176.11 
750 2258.56 
751 1994.09 
752 2283.91 
753 2200.06 
754 2079.48 
755 2429.44 
756 2092.34 
757 2197.04 
758 2280.13 
759 2061.06 
760 2104.03 
761 2120.44 
762 2055.47 
763 2264.39 
764 2367.60 
765 1930.75 
766 2237.72 
767 2259.84 
768 2298.61 
769 2158.40 
770 1962.26 
771 2273.33 
772 1923.52 
773 2223.65 
774 2154.88 
775 2479.77 
776 2261.86 
777 2141.62 
778 2102.79 
779 1941.27 
780 1951.55 
781 2294.32 
782 2241.72 
783 1889.39 
784 2140.31 
785 2003.93 
786 1930.24 
787 2442.36 
788 2129.81 
789 2148.05 
790 2126.38 
791 2526.60 
792 2176.11 
793 2326.57 
794 2299.41 
795 1960.09 
796 2319.27 
797 2116.14 
798 2184.49 
799 1991.36 
800 2043.18 
801 2084.72 
802 2055.05 
803 2185.87 
804 2347.68 
805 2072.20 
806 2115.05 
807 2092.50 
808 2220.67 
809 2234.35 
810 2343.77 
811 2029.29 
812 2066.12 
813 2254.61 
814 2215.16 
815 2132.96 
816 2123.93 
817 2175.25 
818 2192.61 
819 2281.47 
820 2017.38 
821 2092.48 
822 2322.18 
823 2215.15 
824 2079.51 
825 2223.76 
826 2247.06 
827 2083.18 
828 2164.38 
829 1994.50 
830 2318.12 
831 2202.78 
832 2219.96 
833 2222.76 
834 2280.09 
835 2168.82 
836 2301.67 
837 2066.19 
838 2104.24 
839 2123.38 
840 2140.30 
841 2310.72 
842 2188.74 
843 2349.06 
844 2148.47 
845 2218.81 
846 2208.90 
847 2291.22 
848 2079.47 
849 2278.41 
850 2281.56 
851 2139.37 
852 1985.98 
853 2459.02 
854 2027.40 
855 2052.95 
856 2189.64 
857 2224.03 
858 2236.15 
859 2265.30 
860 2215.37 
861 2104.66 
862 2159.97 
863 2246.94 
864 2094.69 
865 2426.03 
866 2213.04 
867 2083.94 
868 2186.27 
869 2372.94 
870 2329.79 
871 2131.28 
872 1984.14 
873 2273.01 
874 2310.71 
875 2200.96 
876 2167.23 
877 2190.01 
878 2078.46 
879 2176.91 
880 2168.88 
881 2306.19 
882 2271.98 
883 2216.54 
884 2200.57 
885 2483.95 
886 2294.05 
887 2012.61 
888 2257.87 
889 2041.88 
890 2077.34 
891 2214.23 
892 2113.59 
893 2208.76 
894 2148.95 
895 2216.80 
896 2289.23 
897 2165.29 
898 2253.32 
899 2258.91 
900 2065.80 
901 2174.52 
902 2168.71 
903 2380.44 
904 2081.00 
905 2217.32 
906 1929.95 
907 2250.59 
908 2024.56 
909 2093.82 
910 1974.95 
911 2252.16 
912 1969.76 
913 2217.99 
914 2195.44 
915 2011.54 
916 2194.37 
917 2080.92 
918 2292.91 
919 1953.70 
920 1861.56 
921 2107.03 
922 2110.54 
923 2255.94 
924 2270.94 
925 2164.01 
926 2219.23 
927 2066.99 
928 2330.56 
929 2236.68 
930 2143.85 
931 2124.39 
932 2330.03 
933 2130.46 
934 2157.58 
935 2134.09 
936 2219.58 
937 2225.43 
938 2125.93 
939 2168.02 
940 2331.54 
941 2194.86 
942 2089.35 
943 2380.71 
944 2182.29 
945 2150.99 
946 2222.00 
947 2043.63 
948 2263.60 
949 2129.34 
950 2103.41 
951 2142.07 
952 2078.30 
953 2194.39 
954 2217.96 
955 2180.14 
956 2135.69 
957 2265.93 
958 2183.52 
959 2009.64 
960 2091.87 
961 1875.44 
962 2207.51 
963 2137.33 
964 2352.32 
965 2005.92 
966 2306.51 
967 2214.68 
968 2349.10 
969 2136.53 
970 2361.18 
971 2193.68 
972 2118.86 
973 2094.55 
974 2096.19 
975 2065.15 
976 2244.97 
977 1973.97 
978 2030.95 
979 2267.75 
980 2262.73 
981 2114.11 
982 2056.06 
983 2174.16 
984 2121.22 
985 2136.10 
986 2013.32 
987 2125.24 
988 2277.61 
989 2309.48 
990 2121.02 
991 2271.14 
992 2281.63 
993 1974.16 
994 2192.52 
995 2230.52 
996 2113.85 
997 2183.51 
998 2291.30 
999 2188.00 
1000 2409.84 
1001 2024.71 
1002 2208.12 
1003 2113.25 
1004 2026.35 
1005 2234.04 
1006 2145.30 
1007 2218.00 
1008 2145.89 
1009 1917.83 
1010 2392.94 
1011 2015.83 
1012 1822.66 
1013 2110.10 
1014 2389.82 
1015 2185.47 
1016 1905.26 
1017 2099.00 
1018 2241.42 
1019 2390.62 
1020 2221.20 
1021 2241.74 
1022 2101.10 
1023 2325.13 
1024 2127.62 
1025 2123.68 
0 2185.00 
1 2194.37 
2 2156.02 
3 2297.66 
4 2081.64 
5 2408.92 
6 2236.89 
7 2188.23 
8 2101.40 
9 2271.48 
10 2198.04 
11 2220.99 
12 2080.48 
13 2282.45 
14 2153.90 
15 2127.27 
16 2381.92 
17 2269.82 
18 2174.64 
19 2079.41 
20 2212.82 
21 2219.20 
22 2279.93 
23 1934.08 
24 1918.52 
25 2210.94 
26 2217.86 
27 2067.43 
28 2020.04 
29 2118.88 
30 2123.78 
31 2203.58 
32 2201.61 
33 2114.97 
34 2140.86 
35 2085.92 
36 2222.33 
37 2043.00 
38 2131.10 
39 2180.06 
40 2400.11 
41 2286.34 
42 1954.00 
43 2156.74 
44 2200.55 
45 2336.05 
46 2213.03 
47 2155.48 
48 2173.98 
49 2227.74 
50 2433.59 
51 2174.85 
52 2044.66 
53 2138.92 
54 2213.37 
55 2240.23 
56 2374.48 
57 1943.10 
58 2135.73 
59 2296.44 
60 2191.44 
61 2043.36 
62 2102.29 
63 2277.78 
64 2468.04 
65 2421.05 
66 2070.63 
67 2399.89 
68 2026.08 
69 2313.22 
70 2024.04 
71 2172.44 
72 2172.23 
73 2320.37 
74 2093.87 
75 1771.70 
76 2062.53 
77 2300.70 
78 2177.93 
79 1869.56 
80 2215.42 
81 2271.12 
82 2130.56 
83 2006.79 
84 2302.18 
85 2068.21 
86 1983.79 
87 1966.12 
88 2320.36 
89 2260.20 
90 2122.64 
91 2123.43 
92 2116.87 
93 2099.22 
94 2370.60 
95 2011.70 
96 2347.72 
97 2222.44 
98 2115.37 
99 2192.03 
100 2020.58 
101 2064.69 
102 1988.66 
103 2386.24 
104 2071.67 
105 2256.42 
106 2099.58 
107 2204.85 
108 2246.73 
109 2155.91 
110 1956.61 
111 2358.26 
112 2237.69 
113 1965.24 
114 2144.20 
115 1986.38 
116 2162.10 
117 2222.86 
118 2203.96 
119 2110.64 
120 2197.44 
121 2312.38 
122 2220.47 
123 2285.26 
124 2063.04 
125 2229.13 
126 2167.89 
127 2208.02 
128 1972.60 
129 2067.29 
130 2105.38 
131 2195.05 
132 2581.09 
133 2135.30 
134 2294.94 
135 1973.95 
136 2195.88 
137 2125.39 
138 2248.09 
139 2074.02 
140 2341.77 
141 2347.84 
142 1978.84 
143 2181.88 
144 2093.36 
145 2202.59 
146 2239.51 
147 2358.12 
148 1953.78 
149 2288.51 
150 2215.18 
151 2191.96 
152 2093.96 
153 2316.70 
154 2327.67 
155 2151.78 
156 2430.89 
157 2266.53 
158 2124.28 
159 2099.05 
160 2009.07 
161 2061.71 
162 2212.80 
163 2240.35 
164 2282.49 
165 2243.55 
166 2368.76 
167 2308.73 
168 2119.70 
169 2162.91 
170 2332.41 
171 2361.62 
172 2049.93 
173 2182.35 
174 2250.76 
175 2081.90 
176 2229.39 
177 2077.24 
178 2014.93 
179 2210.42 
180 2116.74 
181 2140.97 
182 2146.66 
183 2207.76 
184 2279.22 
185 2089.12 
186 2262.00 
187 2046.65 
188 2090.88 
189 2274.18 
190 2254.68 
191 2411.84 
192 2164.07 
193 2196.54 
194 2207.68 
195 2136.60 
196 2284.50 
197 2070.49 
198 2090.77 
199 2053.06 
200 2328.51 
201 2092.98 
202 2125.12 
203 2241.65 
204 2195.03 
205 2132.02 
206 2261.32 
207 2199.80 
208 2340.27 
209 2466.83 
210 1901.57 
211 2126.58 
212 2501.78 
213 2224.94 
214 2273.65 
215 1792.43 
216 2172.87 
217 2268.77 
218 2183.79 
219 2216.48 
220 2392.39 
221 2043.79 
222 2028.58 
223 2051.04 
224 2318.15 
225 2095.36 
226 2011.01 
227 2291.16 
228 2198.26 
229 2028.34 
230 2136.39 
231 1997.87 
232 2386.19 
233 2262.59 
234 2327.60 
235 2110.74 
236 2175.49 
237 2379.42 
238 2038.95 
239 2017.75 
240 2222.37 
241 2389.66 
242 1945.35 
243 1974.03 
244 2172.66 
245 2150.83 
246 2183.34 
247 2172.72 
248 2094.82 
249 2164.85 
250 2199.20 
251 2282.52 
252 1987.35 
253 2385.54 
254 1863.19 
255 2177.87 
256 2309.05 
257 2440.71 
258 2165.65 
259 2419.47 
260 2081.51 
261 2065.61 
262 2008.73 
263 1889.30 
264 2103.58 
265 2329.64 
266 2163.40 
267 2138.01 
268 2174.88 
269 2325.17 
270 2017.46 
271 2411.16 
272 2141.82 
273 2174.23 
274 2276.98 
275 2209.79 
276 2295.49 
277 2135.53 
278 2406.67 
279 1996.08 
280 2116.95 
281 1935.81 
282 2157.55 
283 2188.45 
284 2278.73 
285 2146.34 
286 2312.25 
287 2373.18 
288 2151.80 
289 2056.00 
290 2225.91 
291 2174.32 
292 2225.49 
293 2180.94 
294 2178.90 
295 2140.95 
296 2463.27 
297 2237.42 
298 2355.05 
299 2424.22 
300 2237.37 
301 2353.05 
302 1969.08 
303 2205.29 
304 2161.78 
305 2124.32 
306 2205.88 
307 2253.04 
308 2375.52 
309 1898.46 
310 2236.80 
311 2174.51 
312 2220.98 
313 2137.99 
314 2137.46 
315 2277.71 
316 2247.85 
317 2179.04 
318 2102.36 
319 2171.74 
320 2245.25 
321 2111.94 
322 1966.88 
323 2304.16 
324 2134.18 
325 2053.77 
326 2111.82 
327 2095.68 
328 1950.94 
329 1954.89 
330 2355.71 
331 2259.91 
332 2285.89 
333 2222.96 
334 2159.60 
335 2275.65 
336 2325.98 
337 2039.84 
338 2455.29 
339 2322.52 
340 2196.08 
341 2041.97 
342 1948.57 
343 2074.56 
344 2253.27 
345 2361.43 
346 2224.93 
347 2156.75 
348 2314.58 
349 2050.94 
350 2266.81 
351 1911.88 
352 2427.95 
353 2243.10 
354 1993.73 
355 2126.10 
356 1969.52 
357 2163.12 
358 2200.16 
359 2416.28 
360 2061.19 
361 2080.48 
362 2245.04 
363 2055.22 
364 2067.11 
365 2092.37 
366 2253.57 
367 2055.33 
368 2317.28 
369 2362.40 
370 2109.82 
371 2039.17 
372 2165.55 
373 2231.46 
374 2158.79 
375 2221.32 
376 2146.92 
377 2262.97 
378 1856.56 
379 2008.23 
380 2078.60 
381 1922.90 
382 2170.85 
383 2172.17 
384 2085.40 
385 2139.61 
386 2192.08 
387 2235.40 
388 2269.65 
389 2038.41 
390 2100.36 
391 2205.29 
392 2095.72 
393 2322.06 
394 2107.60 
395 2158.60 
396 2160.08 
397 2336.30 
398 2039.72 
399 2198.42 
400 2278.25 
401 2140.18 
402 1929.74 
403 2219.62 
404 2095.93 
405 2121.74 
406 2289.37 
407 2196.26 
408 2026.89 
409 2071.36 
410 2426.80 
411 2442.01 
412 2158.33 
413 1969.76 
414 2365.83 
415 2061.80 
416 2256.12 
417 2250.78 
418 2038.30 
419 2146.56 
420 2088.71 
421 2246.38 
422 2340.36 
423 2202.04 
424 2276.94 
425 1987.04 
426 2109.41 
427 2104.39 
428 2221.63 
429 2011.36 
430 1891.98 
431 2158.54 
432 2083.26 
433 2242.55 
434 2257.23 
435 2200.68 
436 2039.96 
437 2137.66 
438 2171.53 
439 2216.54 
440 2157.76 
441 1951.79 
442 2200.57 
443 2166.74 
444 2304.05 
445 2180.50 
446 2057.54 
447 2124.27 
448 2365.19 
449 2142.22 
450 2113.03 
451 1975.33 
452 2181.20 
453 2050.30 
454 2272.50 
455 2432.18 
456 2289.76 
457 2288.00 
458 2028.85 
459 2079.05 
460 2106.60 
461 2259.58 
462 2159.41 
463 2333.50 
464 2182.19 
465 2310.23 
466 2071.70 
467 2148.55 
468 2178.14 
469 2186.64 
470 2129.51 
471 2383.69 
472 2296.45 
473 2282.40 
474 2141.04 
475 2119.07 
476 2077.86 
477 2095.27 
478 2135.43 
479 2240.54 
480 2126.69 
481 2273.64 
482 2417.69 
483 2222.92 
484 2158.53 
485 2065.30 
486 2144.55 
487 2012.79 
488 1937.30 
489 2189.08 
490 2233.83 
491 2102.53 
492 2166.38 
493 2258.42 
494 2258.02 
495 2185.45 
496 2267.85 
497 2262.31 
498 2063.97 
499 2229.41 
500 2137.15 
501 2118.29 
502 2009.62 
503 2057.34 
504 2060.70 
505 2168.66 
506 2158.60 
507 2212.77 
508 2165.53 
509 2145.00 
510 2273.79 
511 2269.98 
512 2080.01 
513 2063.63 
514 1982.24 
515 2353.73 
516 2242.38 
517 2050.67 
518 2234.77 
519 2117.63 
520 2245.10 
521 2431.61 
522 2157.26 
523 2086.39 
524 2207.14 
525 2374.94 
526 2399.78 
527 2201.12 
528 2362.28 
529 2404.21 
530 2382.84 
531 2184.97 
532 2058.65 
533 2232.02 
534 2193.18 
535 2438.64 
536 2002.60 
537 2191.96 
538 2073.86 
539 2286.12 
540 2249.86 
541 2318.83 
542 2241.31 
543 2016.89 
544 2146.01 
545 2175.26 
546 2103.65 
547 2111.19 
548 2247.86 
549 2096.42 
550 2406.81 
551 2053.75 
552 2227.38 
553 2070.84 
554 2229.51 
555 2151.51 
556 2020.56 
557 2002.51 
558 2042.55 
559 2255.35 
560 2211.84 
561 2135.25 
562 2092.39 
563 2186.17 
564 2039.26 
565 2407.39 
566 1941.56 
567 2026.40 
568 2302.97 
569 1898.03 
570 2111.02 
571 2178.65 
572 2341.37 
573 1997.47 
574 2158.74 
575 2103.87 
576 2261.99 
577 2227.20 
578 2134.56 
579 2551.98 
580 2056.15 
581 2232.90 
582 2186.54 
583 2128.68 
584 2215.61 
585 2233.36 
586 2270.68 
587 2094.20 
588 2260.17 
589 2020.30 
590 2110.43 
591 2212.69 
592 2218.69 
593 2370.87 
594 2008.86 
595 1952.00 
596 2135.20 
597 2111.19 
598 2158.58 
599 2264.65 
600 2163.98 
601 2222.59 
602 2012.08 
603 2040.53 
604 2208.41 
605 2024.07 
606 2272.89 
607 2222.95 
608 2238.29 
609 2179.68 
610 2120.50 
611 2225.86 
612 2287.54 
613 2129.53 
614 2091.80 
615 2113.33 
616 1952.84 
617 2225.64 
618 2203.23 
619 2115.57 
620 2155.64 
621 2100.51 
622 2097.83 
623 2130.42 
624 2199.84 
625 2117.53 
626 2179.77 
627 2303.10 
628 2078.97 
629 2247.67 
630 2143.70 
631 2002.67 
632 2180.79 
633 2048.43 
634 2273.67 
635 2170.74 
636 2299.57 
637 2280.32 
638 2289.66 
639 2129.40 
640 1915.95 
641 2067.97 
642 2237.29 
643 2211.16 
644 2319.77 
645 2231.69 
646 2352.30 
647 2253.04 
648 1878.00 
649 2024.97 
650 2221.23 
651 2315.52 
652 2114.25 
653 2136.59 
654 2205.27 
655 2126.88 
656 2166.73 
657 2408.65 
658 2304.05 
659 1956.55 
660 2112.86 
661 2133.23 
662 2136.59 
663 2157.48 
664 2389.25 
665 2060.35 
666 2229.89 
667 2286.02 
668 2219.84 
669 2290.77 
670 1930.46 
671 2346.60 
672 2221.51 
673 2202.19 
674 2252.05 
675 2227.47 
676 2123.21 
677 2207.52 
678 2159.42 
679 2207.65 
680 2233.72 
681 1976.74 
682 2520.43 
683 2244.70 
684 2096.00 
685 2246.11 
686 2069.62 
687 2349.28 
688 2156.19 
689 2461.38 
690 2286.65 
691 2336.14 
692 2430.17 
693 2134.00 
694 2179.98 
695 2151.34 
696 2345.78 
697 2476.89 
698 2189.75 
699 2236.54 
700 2118.86 
701 2250.09 
702 2186.61 
703 2030.68 
704 2184.07 
705 1989.18 
706 2047.83 
707 2239.35 
708 1960.97 
709 2440.03 
710 2104.89 
711 2213.85 
712 2234.65 
713 2267.21 
714 2063.26 
715 2034.98 
716 1933.46 
717 2210.65 
718 2277.04 
719 2205.22 
720 2336.67 
721 1922.46 
722 2288.02 
723 2237.39 
724 2258.12 
725 2069.64 
726 2170.68 
727 2258.78 
728 2171.85 
729 2273.87 
730 2303.77 
731 2191.83 
732 2135.45 
733 2234.76 
734 2407.33 
735 2321.91 
736 2373.57 
737 2094.41 
738 2310.52 
739 2299.37 
740 2067.91 
741 2167.86 
742 2338.55 
743 2021.59 
744 2211.50 
745 2179.70 
746 2306.06 
747 2266.81 
748 2295.76 
749 1979.73 
750 2132.61 
751 2098.31 
752 2356.03 
753 2286.15 
754 2231.84 
755 2097.58 
756 2077.77 
757 2131.14 
758 2294.81 
759 1985.12 
760 2116.13 
761 2303.49 
762 2237.24 
763 2324.59 
764 2135.73 
765 2139.03 
766 2255.97 
767 1713.16 
768 2300.92 
769 2189.85 
770 2116.07 
771 2084.78 
772 2283.21 
773 2077.92 
774 2157.98 
775 2110.53 
776 2027.79 
777 2043.69 
778 1964.37 
779 1988.73 
780 1863.86 
781 2046.77 
782 1985.71 
783 2281.02 
784 2211.22 
785 2088.24 
786 2145.10 
787 1955.63 
788 2294.79 
789 2209.36 
790 2060.45 
791 2023.87 
792 2003.43 
793 2179.89 
794 2379.23 
795 2186.84 
796 2148.06 
797 2246.61 
798 2326.85 
799 2088.02 
800 2069.40 
801 2126.85 
802 2102.61 
803 2232.75 
804 2090.00 
805 2137.86 
806 2131.01 
807 2109.49 
808 2126.37 
809 2321.44 
810 2194.48 
811 2244.44 
812 2094.92 
813 1971.65 
814 2368.70 
815 2444.23 
816 2254.96 
817 2076.49 
818 2002.88 
819 2154.42 
820 2197.23 
821 1913.31 
822 2219.59 
823 2002.12 
824 2171.72 
825 2283.24 
826 2268.32 
827 1963.61 
828 2292.27 
829 2066.45 
830 2338.69 
831 2351.42 
832 1996.57 
833 2244.13 
834 2353.23 
835 2163.00 
836 1951.19 
837 2042.33 
838 2230.10 
839 2274.11 
840 2441.06 
841 2134.58 
842 2234.89 
843 2121.83 
844 2190.35 
845 2020.70 
846 2188.77 
847 2367.36 
848 2318.48 
849 2056.55 
850 2354.71 
851 2101.30 
852 2055.38 
853 2077.59 
854 2342.08 
855 2214.46 
856 2114.42 
857 2432.82 
858 2101.39 
859 2205.90 
860 2304.52 
861 2033.61 
862 2097.21 
863 2114.35 
864 2324.84 
865 2091.00 
866 2261.92 
867 2365.80 
868 2457.39 
869 2088.47 
870 2383.10 
871 2352.12 
872 2293.39 
873 2165.47 
874 2132.73 
875 2071.53 
876 2147.84 
877 2321.99 
878 2126.45 
879 2244.81 
880 2016.94 
881 2158.86 
882 2277.65 
883 2340.09 
884 2364.81 
885 1961.46 
886 2045.97 
887 2275.98 
888 2003.97 
889 2346.32 
890 2114.70 
891 2253.53 
892 2008.11 
893 2243.09 
894 2192.30 
895 2291.86 
896 2120.94 
897 2152.50 
898 2109.15 
899 2112.66 
900 2170.92 
901 2109.66 
902 2290.24 
903 1990.19 
904 2195.44 
905 2126.40 
906 2156.26 
907 2116.35 
908 1973.69 
909 2121.23 
910 2243.88 
911 2034.35 
912 2052.58 
913 2308.57 
914 2051.26 
915 2482.43 
916 2135.15 
917 2122.92 
918 2223.41 
919 2237.36 
920 2352.51 
921 1992.28 
922 2323.56 
923 2294.27 
924 2238.38 
925 2132.27 
926 2260.42 
927 2074.58 
928 2441.66 
929 2199.11 
930 2367.58 
931 2011.69 
932 2477.37 
933 2368.59 
934 2142.53 
935 2266.68 
936 2134.93 
937 2221.40 
938 2187.03 
939 1993.39 
940 2216.01 
941 2165.05 
942 2173.81 
943 2455.50 
944 1949.37 
945 2089.54 
946 2291.33 
947 2135.26 
948 2184.80 
949 1899.11 
950 2194.79 
951 2279.42 
952 2228.68 
953 2250.17 
954 2229.73 
955 2200.64 
956 2194.27 
957 2034.25 
958 2062.37 
959 2151.87 
960 2251.59 
961 2293.03 
962 2352.05 
963 2018.98 
964 2247.94 
965 2332.81 
966 2371.44 
967 2144.55 
968 2326.15 
969 1990.30 
970 2048.76 
971 2339.97 
972 2244.97 
973 2230.56 
974 1908.70 
975 2179.03 
976 2262.50 
977 2187.95 
978 2213.14 
979 2029.21 
980 2366.20 
981 2183.46 
982 2231.36 
983 2175.23 
984 2019.96 
985 2043.61 
986 2192.35 
987 2284.55 
988 2361.51 
989 2284.32 
990 2281.59 
991 2120.82 
992 2179.55 
993 2090.92 
994 2321.90 
995 2183.78 
996 2206.44 
997 2243.71 
998 2233.69 
999 1874.18 
1000 2221.33 
1001 2143.94 
1002 2085.31 
1003 2258.67 
1004 2275.25 
1005 2351.11 
1006 2100.92 
1007 2191.71 
1008 2003.11 
1009 2108.17 
1010 2170.66 
1011 2011.73 
1012 2113.77 
1013 2269.73 
1014 2151.06 
1015 2199.59 
1016 2093.85 
1017 2132.28 
1018 1980.01 
1019 2477.84 
1020 2088.78 
1021 2240.60 
1022 2330.12 
1023 2234.47 
1024 2253.09 
