Seed 0:
0 -500.00 
1 -500.00 
2 -500.00 
3 -73.00 
4 -78.00 
5 -83.00 
6 -78.00 
7 -68.00 
8 -107.00 
9 -73.00 
10 -115.00 
11 -65.00 
12 -89.00 
13 -132.00 
14 -64.00 
15 -70.00 
16 -97.00 
17 -74.00 
18 -100.00 
19 -65.00 
20 -80.00 
21 -74.00 
22 -75.00 
23 -78.00 
24 -75.00 
25 -73.00 
26 -64.00 
27 -74.00 
28 -100.00 
29 -74.00 
30 -73.00 
31 -74.00 
32 -197.00 
33 -93.00 
34 -84.00 
35 -72.00 
36 -78.00 
37 -89.00 
38 -74.00 
39 -67.00 
40 -73.00 
41 -99.00 
42 -73.00 
43 -74.00 
44 -73.00 
45 -98.00 
46 -73.00 
47 -89.00 
48 -73.00 
49 -205.00 
50 -65.00 
51 -91.00 
52 -94.00 
53 -104.00 
54 -65.00 
55 -88.00 
56 -72.00 
57 -85.00 
58 -65.00 
59 -65.00 
60 -73.00 
61 -73.00 
62 -65.00 
63 -74.00 
64 -126.00 
65 -88.00 
66 -76.00 
67 -96.00 
68 -73.00 
69 -95.00 
70 -77.00 
71 -79.00 
72 -65.00 
73 -73.00 
74 -64.00 
75 -74.00 
76 -72.00 
77 -85.00 
78 -73.00 
79 -65.00 
80 -94.00 
81 -73.00 
82 -67.00 
83 -100.00 
84 -64.00 
85 -83.00 
86 -74.00 
87 -65.00 
88 -73.00 
89 -102.00 
90 -65.00 
91 -72.00 
92 -128.00 
93 -77.00 
94 -72.00 
95 -65.00 
96 -89.00 
97 -73.00 
98 -97.00 
99 -73.00 
100 -74.00 
101 -73.00 
102 -74.00 
103 -94.00 
104 -74.00 
105 -73.00 
106 -194.00 
107 -97.00 
108 -105.00 
109 -73.00 
110 -90.00 
111 -65.00 
112 -79.00 
113 -95.00 
114 -72.00 
115 -66.00 
116 -97.00 
117 -74.00 
118 -74.00 
119 -135.00 
120 -66.00 
121 -84.00 
122 -87.00 
123 -163.00 
124 -119.00 
125 -77.00 
126 -65.00 
127 -72.00 
128 -73.00 
129 -73.00 
130 -66.00 
131 -73.00 
132 -74.00 
133 -78.00 
134 -65.00 
135 -78.00 
136 -65.00 
137 -65.00 
138 -74.00 
139 -64.00 
140 -91.00 
141 -64.00 
142 -65.00 
143 -94.00 
144 -106.00 
145 -74.00 
146 -77.00 
147 -96.00 
148 -91.00 
149 -80.00 
150 -72.00 
151 -98.00 
152 -74.00 
153 -73.00 
154 -64.00 
155 -204.00 
156 -84.00 
157 -142.00 
158 -73.00 
159 -72.00 
160 -75.00 
161 -72.00 
162 -72.00 
163 -74.00 
164 -94.00 
165 -74.00 
166 -73.00 
167 -91.00 
168 -64.00 
169 -89.00 
170 -83.00 
171 -74.00 
172 -75.00 
173 -88.00 
174 -64.00 
175 -77.00 
176 -72.00 
177 -65.00 
178 -101.00 
179 -66.00 
180 -72.00 
181 -94.00 
182 -72.00 
183 -73.00 
184 -74.00 
185 -86.00 
186 -72.00 
187 -89.00 
188 -65.00 
189 -65.00 
190 -73.00 
191 -81.00 
192 -72.00 
193 -75.00 
194 -99.00 
195 -74.00 
196 -90.00 
197 -87.00 
198 -64.00 
199 -96.00 
200 -99.00 
201 -65.00 
202 -115.00 
203 -74.00 
204 -74.00 
205 -88.00 
206 -73.00 
207 -64.00 
208 -65.00 
209 -85.00 
210 -90.00 
211 -73.00 
212 -158.00 
213 -74.00 
214 -98.00 
215 -73.00 
216 -76.00 
217 -77.00 
218 -73.00 
219 -72.00 
220 -79.00 
221 -74.00 
222 -155.00 
223 -65.00 
224 -73.00 
225 -96.00 
226 -90.00 
227 -65.00 
228 -74.00 
229 -73.00 
230 -89.00 
231 -74.00 
232 -65.00 
233 -75.00 
234 -74.00 
235 -72.00 
236 -93.00 
237 -65.00 
238 -73.00 
239 -81.00 
240 -500.00 
241 -65.00 
242 -75.00 
243 -225.00 
244 -98.00 
245 -91.00 
246 -65.00 
247 -73.00 
248 -96.00 
249 -73.00 
250 -86.00 
251 -74.00 
252 -72.00 
253 -73.00 
254 -65.00 
255 -72.00 
256 -84.00 
257 -72.00 
258 -74.00 
259 -64.00 
260 -97.00 
261 -89.00 
262 -87.00 
263 -73.00 
264 -73.00 
265 -91.00 
266 -82.00 
267 -66.00 
268 -73.00 
269 -93.00 
270 -88.00 
271 -73.00 
272 -89.00 
273 -74.00 
274 -94.00 
275 -73.00 
276 -89.00 
277 -74.00 
278 -67.00 
279 -74.00 
280 -73.00 
281 -73.00 
282 -66.00 
283 -64.00 
284 -65.00 
285 -74.00 
286 -74.00 
287 -78.00 
288 -84.00 
289 -73.00 
290 -72.00 
291 -90.00 
292 -73.00 
293 -67.00 
294 -66.00 
295 -98.00 
296 -107.00 
297 -74.00 
298 -74.00 
299 -83.00 
300 -85.00 
301 -78.00 
302 -87.00 
303 -73.00 
304 -75.00 
305 -87.00 
306 -73.00 
307 -78.00 
308 -65.00 
309 -96.00 
310 -72.00 
311 -74.00 
312 -76.00 
313 -72.00 
314 -64.00 
315 -73.00 
316 -74.00 
317 -66.00 
318 -73.00 
319 -64.00 
320 -74.00 
321 -74.00 
322 -72.00 
323 -73.00 
324 -75.00 
325 -64.00 
326 -92.00 
327 -65.00 
328 -92.00 
329 -107.00 
330 -73.00 
331 -82.00 
332 -72.00 
333 -74.00 
334 -74.00 
335 -65.00 
336 -74.00 
337 -73.00 
338 -94.00 
339 -83.00 
340 -95.00 
341 -65.00 
342 -73.00 
343 -65.00 
344 -74.00 
345 -92.00 
346 -90.00 
347 -76.00 
348 -65.00 
349 -74.00 
350 -73.00 
351 -64.00 
352 -192.00 
353 -94.00 
354 -77.00 
355 -78.00 
356 -79.00 
357 -95.00 
358 -93.00 
359 -74.00 
360 -65.00 
361 -65.00 
362 -82.00 
363 -73.00 
364 -65.00 
365 -65.00 
366 -66.00 
367 -66.00 
368 -66.00 
369 -64.00 
370 -72.00 
371 -73.00 
372 -66.00 
373 -115.00 
374 -64.00 
375 -64.00 
376 -73.00 
377 -73.00 
378 -72.00 
379 -83.00 
380 -74.00 
381 -66.00 
382 -87.00 
383 -72.00 
384 -66.00 
385 -85.00 
386 -74.00 
387 -72.00 
388 -101.00 
389 -73.00 
390 -73.00 
391 -73.00 
392 -82.00 
393 -64.00 
394 -64.00 
395 -73.00 
396 -89.00 
397 -73.00 
398 -65.00 
399 -119.00 
400 -94.00 
401 -65.00 
402 -65.00 
403 -65.00 
404 -65.00 
405 -72.00 
406 -73.00 
407 -66.00 
408 -73.00 
409 -88.00 
410 -74.00 
411 -90.00 
412 -74.00 
413 -85.00 
414 -73.00 
415 -90.00 
416 -97.00 
417 -73.00 
418 -65.00 
419 -101.00 
420 -74.00 
421 -73.00 
422 -65.00 
423 -81.00 
424 -67.00 
425 -65.00 
426 -101.00 
427 -96.00 
428 -88.00 
429 -66.00 
430 -73.00 
431 -73.00 
432 -77.00 
433 -73.00 
434 -66.00 
435 -92.00 
436 -75.00 
437 -79.00 
438 -73.00 
439 -72.00 
440 -64.00 
441 -89.00 
442 -130.00 
443 -199.00 
444 -74.00 
445 -73.00 
446 -130.00 
447 -74.00 
448 -72.00 
449 -73.00 
450 -66.00 
451 -83.00 
452 -65.00 
453 -73.00 
454 -95.00 
455 -73.00 
456 -73.00 
457 -72.00 
458 -65.00 
459 -73.00 
460 -73.00 
461 -65.00 
462 -72.00 
463 -86.00 
464 -92.00 
465 -73.00 
466 -89.00 
467 -65.00 
468 -80.00 
469 -72.00 
470 -84.00 
471 -65.00 
472 -95.00 
473 -75.00 
474 -73.00 
475 -99.00 
476 -65.00 
477 -94.00 
478 -72.00 
479 -77.00 
480 -88.00 
481 -85.00 
482 -86.00 
483 -66.00 
484 -88.00 
485 -73.00 
486 -74.00 
487 -75.00 
488 -73.00 
489 -90.00 
490 -65.00 
491 -73.00 
492 -65.00 
493 -74.00 
494 -99.00 
495 -74.00 
496 -74.00 
497 -74.00 
498 -74.00 
499 -74.00 
500 -74.00 
