Seed 0:
0 -348.90 
1 -107.17 
2 -125.59 
3 -87.55 
4 -250.21 
5 -236.16 
6 -130.80 
7 -116.36 
8 -338.78 
9 -136.19 
10 -336.10 
11 -186.83 
12 -130.08 
13 -203.88 
14 -205.71 
15 -219.91 
16 -79.88 
17 204.91 
18 -58.40 
19 105.91 
20 359.75 
21 436.86 
22 454.27 
23 443.82 
24 349.88 
25 334.04 
26 493.25 
27 541.93 
28 830.34 
29 697.66 
30 828.30 
31 911.12 
32 843.64 
33 987.15 
34 1088.37 
35 953.14 
36 1070.75 
37 1079.81 
38 1029.55 
39 1112.98 
40 1083.23 
41 1205.54 
42 1171.93 
43 1245.49 
44 1291.19 
45 1457.13 
46 1483.44 
47 1490.92 
48 1633.49 
49 1730.13 
50 1779.50 
51 1902.92 
52 1894.09 
53 1952.91 
54 1904.39 
55 2197.88 
56 1994.70 
57 2119.09 
58 2189.51 
59 2066.36 
60 2071.90 
61 2281.86 
62 2189.02 
63 2336.06 
64 2258.95 
65 2369.68 
66 2379.02 
67 2476.25 
68 2272.55 
69 2351.55 
70 2494.99 
71 2423.17 
72 2341.23 
73 2395.78 
74 2133.25 
75 2361.84 
76 2337.11 
77 2322.04 
78 2449.70 
79 2478.43 
80 2440.46 
81 2430.56 
82 2575.38 
83 2330.95 
84 2503.39 
85 2445.04 
86 2419.62 
87 2449.06 
88 2392.56 
89 2579.62 
90 2519.65 
91 2486.40 
92 2453.54 
93 2478.75 
94 2401.94 
95 2572.45 
96 2512.02 
97 2462.44 
98 2610.87 
99 2389.90 
100 2462.82 
101 2485.90 
102 2540.00 
103 2563.07 
104 2614.63 
105 2503.97 
106 2565.65 
107 2512.23 
108 2535.56 
109 2524.30 
110 2546.45 
111 2557.42 
112 2578.59 
113 2527.10 
114 2482.70 
115 2519.51 
116 2475.19 
117 2470.60 
118 2713.27 
119 2620.90 
120 2493.29 
121 2614.38 
122 2573.66 
123 2619.73 
124 2616.10 
125 2631.30 
126 2473.13 
127 2483.68 
128 2530.42 
129 2546.61 
130 2582.72 
131 2573.45 
132 2455.01 
133 2555.33 
134 2643.13 
135 2646.14 
136 2500.77 
137 2587.21 
138 2624.65 
139 2571.36 
140 1066.39 
141 2646.82 
142 2643.04 
143 2617.34 
144 2489.18 
145 2468.65 
146 2492.94 
147 2571.11 
148 2683.03 
149 2582.22 
150 2606.96 
151 2686.11 
152 2650.54 
153 2600.20 
154 2651.40 
155 2602.82 
156 2715.86 
157 2589.06 
158 2561.95 
159 2624.89 
160 2629.31 
161 2655.70 
162 2528.80 
163 2712.10 
164 2688.33 
165 2689.93 
166 2684.02 
167 2668.11 
168 2712.70 
169 2728.02 
170 2634.41 
171 2666.31 
172 2722.21 
173 2734.95 
174 2549.34 
175 2625.15 
176 2568.84 
177 2737.64 
178 2672.82 
179 2500.42 
180 2734.40 
181 2710.84 
182 2636.01 
183 2667.29 
184 2637.22 
185 2666.03 
186 2748.27 
187 2669.23 
188 2653.31 
189 2690.84 
190 2757.62 
191 2799.39 
192 2632.65 
193 2627.24 
194 2628.09 
195 2674.92 
196 2670.33 
197 2725.16 
198 2657.13 
199 2725.39 
200 2600.43 
201 2736.04 
202 2664.48 
203 2655.20 
204 2741.59 
205 2645.26 
206 2724.37 
207 2672.56 
208 2642.34 
209 2673.10 
210 2557.47 
211 2691.68 
212 2631.69 
213 2773.19 
214 2682.69 
215 2580.49 
216 2658.30 
217 2396.61 
218 2725.96 
219 2758.73 
220 2691.69 
221 2634.17 
222 2737.58 
223 2706.28 
224 2677.58 
225 2691.21 
226 2690.66 
227 2726.88 
228 2563.75 
229 2725.28 
230 2592.24 
231 2765.60 
232 2695.17 
233 2790.26 
234 2715.24 
235 2668.96 
236 2716.75 
237 2752.25 
238 2624.40 
239 2612.52 
240 2586.42 
241 2675.83 
242 2708.36 
243 2616.02 
244 2637.57 
245 2717.56 
246 2651.11 
247 2770.69 
248 2815.17 
249 2697.97 
250 2653.99 
251 2697.21 
252 2697.26 
253 2667.04 
254 2679.01 
255 2572.37 
256 2648.25 
257 2806.71 
258 2678.64 
259 2736.58 
260 2694.63 
261 2691.37 
262 2674.31 
263 2712.74 
264 2617.91 
265 2743.71 
266 2738.46 
267 2660.66 
268 2586.32 
269 2711.92 
270 2681.32 
271 2654.52 
272 2743.82 
273 2750.16 
274 2681.84 
275 2731.20 
276 2705.63 
277 2811.47 
278 2640.53 
279 2762.83 
280 2653.75 
281 2713.32 
282 2738.93 
283 2675.83 
284 2755.43 
285 2746.07 
286 2822.88 
287 2765.17 
288 2639.14 
289 2737.11 
290 2698.30 
291 2769.56 
292 2688.28 
293 2735.62 
294 2608.54 
295 2555.56 
296 2736.24 
297 2653.45 
298 2701.25 
299 2706.27 
300 2792.00 
301 2771.24 
302 2781.74 
303 2765.99 
304 2675.38 
305 2726.68 
306 2807.37 
307 2656.48 
308 2688.08 
309 2632.41 
310 2754.75 
311 2679.30 
312 2632.87 
313 2619.16 
314 2675.92 
315 2507.73 
316 2790.53 
317 2717.39 
318 2756.40 
319 2724.60 
320 2697.55 
321 2755.92 
322 2727.95 
323 2609.28 
324 2606.86 
325 2682.29 
326 2716.60 
327 2756.89 
328 2656.86 
329 2764.39 
330 2773.16 
331 2627.42 
332 2750.43 
333 2647.20 
334 2700.37 
335 2687.65 
336 2781.70 
337 2759.83 
338 2695.74 
339 2789.03 
340 2768.26 
341 2741.45 
342 2714.97 
343 2689.97 
344 2707.33 
345 2722.99 
346 2710.00 
347 2686.27 
348 2718.62 
349 2676.44 
350 2812.00 
351 2659.09 
352 2644.85 
353 2747.99 
354 2611.02 
355 2843.00 
356 2802.01 
357 2800.03 
358 2666.15 
359 2800.62 
360 2779.45 
361 2637.22 
362 2745.63 
363 2703.26 
364 2734.50 
365 2698.96 
366 2754.52 
367 2766.23 
368 2641.92 
369 2714.24 
370 2817.52 
371 2817.65 
372 2741.58 
373 2722.97 
374 2767.95 
375 2778.87 
376 2767.88 
377 2679.23 
378 2746.06 
379 2682.70 
380 2705.01 
381 2689.40 
382 2722.68 
383 2795.20 
384 2706.06 
385 2664.54 
386 2662.99 
387 2613.42 
388 2692.77 
389 2707.37 
390 2672.54 
391 2813.94 
392 2655.80 
393 2608.26 
394 2838.68 
395 2638.74 
396 2656.68 
397 2649.25 
398 2737.22 
399 2746.52 
400 2696.65 
401 2664.28 
402 2667.25 
403 2690.93 
404 2734.42 
405 2713.93 
406 2715.30 
407 2668.49 
408 2689.46 
409 2775.17 
410 2646.82 
411 2602.02 
412 2702.61 
413 2675.65 
414 2717.83 
415 2665.80 
416 2779.78 
417 2761.90 
418 2606.76 
419 2682.89 
420 2839.04 
421 2700.46 
422 2724.02 
423 2678.45 
424 2653.77 
425 2713.12 
426 2603.11 
427 2618.10 
428 2718.81 
429 2627.11 
430 2771.48 
431 2693.84 
432 2695.76 
433 2630.28 
434 2801.50 
435 2869.21 
436 2752.87 
437 2759.45 
438 2712.04 
439 2763.03 
440 2780.24 
441 1749.05 
442 2720.10 
443 2709.87 
444 2811.63 
445 2700.39 
446 2778.03 
447 2806.27 
448 2803.93 
449 2786.31 
450 2793.01 
451 2724.43 
452 2777.78 
453 2736.42 
454 2599.81 
455 2773.44 
456 2742.28 
457 2665.41 
458 2779.99 
459 2817.55 
460 2794.12 
461 2797.27 
462 2749.56 
463 2763.56 
464 2732.23 
465 2732.30 
466 2746.96 
467 2812.54 
468 2790.21 
469 2783.95 
470 2762.55 
471 2655.92 
472 2697.84 
473 2727.90 
474 2755.39 
475 2662.61 
476 2752.95 
477 2740.84 
478 2764.60 
479 2775.60 
480 2761.40 
481 2626.32 
482 2751.58 
483 2647.10 
484 2833.56 
485 2787.93 
486 2749.55 
487 2725.95 
488 2695.59 
489 2646.28 
490 2716.90 
491 2825.44 
492 2757.86 
493 2756.06 
494 2826.53 
495 2883.73 
496 2777.90 
497 2724.49 
498 2676.39 
499 2617.61 
500 2860.23 
501 2644.58 
502 2693.40 
503 2591.21 
504 2835.46 
505 2706.85 
506 2622.14 
507 2636.43 
508 2826.20 
509 2675.09 
510 2695.50 
511 2783.76 
512 2797.69 
513 2773.78 
514 2561.03 
515 2763.70 
516 2778.85 
517 2700.55 
518 2751.62 
519 866.34 
520 2735.65 
521 2786.68 
522 2869.72 
523 2764.90 
524 2692.40 
525 2782.20 
526 2802.41 
527 2762.85 
528 2663.37 
529 2756.07 
530 2751.27 
531 2708.47 
532 2778.84 
533 2785.38 
534 2725.94 
535 2809.83 
536 2705.31 
537 2775.15 
538 2621.72 
539 2747.97 
540 2769.54 
541 -217.04 
542 2807.47 
543 2824.50 
544 2744.02 
545 2872.63 
546 2842.02 
547 2756.77 
548 2743.22 
549 2769.96 
550 2752.57 
551 2735.02 
552 2755.96 
553 2636.17 
554 2656.64 
555 2714.74 
556 2692.57 
557 2742.25 
558 2764.18 
559 2656.49 
560 2644.66 
561 2864.26 
562 2718.53 
563 2760.41 
564 2900.90 
565 2697.49 
566 2782.69 
567 2757.21 
568 2762.11 
569 2756.35 
570 2798.02 
571 2816.18 
572 2783.18 
573 2804.25 
574 2743.49 
575 2744.85 
576 2851.83 
577 2737.65 
578 2724.09 
579 2791.98 
580 2669.19 
581 2761.74 
582 2741.87 
583 2764.65 
584 2690.23 
585 2789.16 
586 2852.84 
587 2636.33 
588 2809.15 
589 2841.76 
590 2763.97 
591 2685.01 
592 2771.67 
593 2795.44 
594 2734.02 
595 2827.16 
596 2771.48 
597 2666.75 
598 2763.54 
599 2804.77 
600 2833.23 
601 2832.64 
602 2725.57 
603 2691.97 
604 2746.97 
605 2834.65 
606 2637.06 
607 2678.90 
608 2828.88 
609 2750.93 
610 2786.07 
611 2706.17 
612 2686.89 
613 2655.36 
614 2706.16 
615 2743.08 
616 2703.81 
617 2744.18 
618 2712.75 
619 2779.46 
620 2795.72 
621 2764.69 
622 2756.82 
623 2787.14 
624 2716.46 
625 2791.85 
626 2745.19 
627 2687.92 
628 2818.51 
629 2756.20 
630 2840.98 
631 2742.17 
632 2758.68 
633 2789.46 
634 2833.78 
635 2876.30 
636 2740.89 
637 2727.41 
638 2784.14 
639 2737.19 
640 2718.20 
641 2796.69 
642 2707.73 
643 2730.68 
644 2674.55 
645 2672.01 
646 2785.50 
647 2767.55 
648 2790.33 
649 2777.93 
650 2761.96 
651 2779.95 
652 2738.37 
653 2690.66 
654 2661.68 
655 2865.09 
656 2760.25 
657 2861.19 
658 2658.58 
659 2816.15 
660 2691.31 
661 2813.41 
662 2847.02 
663 2735.87 
664 2748.05 
665 2865.87 
666 -59.71 
667 2724.27 
668 2740.24 
669 2751.91 
670 2734.76 
671 2730.00 
672 2811.43 
673 2850.53 
674 2866.53 
675 2747.93 
676 2742.34 
677 2727.86 
678 2681.10 
679 2764.81 
680 2823.91 
681 2784.48 
682 2638.13 
683 2801.23 
684 2769.63 
685 2796.73 
686 2792.97 
687 2755.60 
688 2601.47 
689 2680.92 
690 2717.98 
691 2753.27 
692 2769.22 
693 2630.29 
694 2767.64 
695 2697.34 
696 2635.85 
697 2875.85 
698 2702.35 
699 2687.80 
700 2705.93 
701 2740.97 
702 2729.73 
703 2694.11 
704 2828.74 
705 2763.79 
706 2717.11 
707 2767.20 
708 2729.08 
709 2755.57 
710 2696.67 
711 2701.12 
712 2660.13 
713 2775.58 
714 2791.31 
715 2803.94 
716 2821.46 
717 2723.04 
718 2736.15 
719 2753.26 
720 2718.44 
721 2795.38 
722 2672.59 
723 2709.55 
724 2745.54 
725 2850.42 
726 2742.00 
727 -222.38 
728 2695.81 
729 2781.24 
730 2748.01 
731 2739.13 
732 2758.48 
733 2656.98 
734 2795.96 
735 2822.80 
736 2804.24 
737 2828.33 
738 2767.58 
739 2704.20 
740 2778.07 
741 2674.82 
742 2870.21 
743 2788.55 
744 2824.12 
745 2750.87 
746 2863.32 
747 2738.19 
748 2815.17 
749 2777.84 
750 2822.41 
751 2830.83 
752 2773.15 
753 2751.50 
754 2726.99 
755 2776.18 
756 2816.81 
757 2667.46 
758 2711.82 
759 2664.42 
760 2657.04 
761 2674.52 
762 2802.13 
763 2652.05 
764 2674.27 
765 2800.84 
766 2763.14 
767 2743.72 
768 2833.30 
769 2641.79 
770 2703.80 
771 2822.94 
772 2789.11 
773 2775.70 
774 2885.75 
775 2717.77 
776 2791.10 
777 2749.15 
778 2711.92 
779 2780.87 
780 2813.85 
781 2711.26 
782 2720.67 
783 2861.38 
784 2716.45 
785 2776.84 
786 2730.56 
787 2775.80 
788 2796.65 
789 2731.46 
790 2775.88 
791 2707.73 
792 2671.03 
793 2826.11 
794 2885.56 
795 2672.07 
796 2771.52 
797 2737.90 
798 2717.83 
799 2737.04 
800 2806.84 
801 2735.49 
802 2846.25 
803 2767.36 
804 2630.77 
805 2713.58 
806 2738.54 
807 2705.62 
808 2831.25 
809 2797.29 
810 2749.40 
811 2776.02 
812 2847.88 
813 2695.06 
814 2727.39 
815 2769.42 
816 2730.57 
817 2770.94 
818 2746.22 
819 2728.76 
820 2696.36 
821 2633.71 
822 2831.83 
823 2798.41 
824 2812.59 
825 2726.28 
826 2739.72 
827 2849.07 
828 2697.93 
829 2691.55 
830 2828.83 
831 2713.14 
832 2659.34 
833 2880.54 
834 2722.91 
835 2851.90 
836 2793.57 
837 2680.44 
838 2697.59 
839 2793.35 
840 2914.96 
841 2781.70 
842 2783.29 
843 2837.69 
844 2765.64 
845 2634.82 
846 2786.55 
847 2787.66 
848 2625.59 
849 2748.16 
850 2836.70 
851 2876.74 
852 2733.75 
853 2710.22 
854 2792.64 
855 2734.97 
856 2792.10 
857 2820.05 
858 2829.62 
859 2764.38 
860 2739.72 
861 2898.40 
862 2739.02 
863 2713.38 
864 2712.53 
865 2841.10 
866 2757.51 
867 2752.25 
868 2703.72 
869 2670.78 
870 2820.96 
871 2907.52 
872 2736.76 
873 2785.75 
874 2707.55 
875 2776.15 
876 2817.17 
877 2785.58 
878 2859.06 
879 2844.21 
880 1687.07 
881 2721.45 
882 2692.34 
883 2769.10 
884 2811.47 
885 2763.46 
886 2744.68 
887 2721.71 
888 2880.17 
889 2648.19 
890 2627.31 
891 2838.56 
892 2671.98 
893 2707.54 
894 2729.10 
895 2734.89 
896 2869.07 
897 2865.04 
898 2692.66 
899 2809.51 
900 2717.29 
901 2819.23 
902 2897.84 
903 2755.80 
904 2695.81 
905 2735.79 
906 2790.57 
907 2723.24 
908 2768.75 
909 2530.45 
910 2813.97 
911 2864.54 
912 2674.58 
913 2773.01 
914 2850.97 
915 2736.77 
916 2768.07 
917 2836.99 
918 2632.30 
919 2818.45 
920 2845.69 
921 2847.35 
922 2832.17 
923 2748.07 
924 2737.88 
925 2716.83 
926 2757.38 
927 2813.82 
928 2773.07 
929 2817.23 
930 2822.45 
931 2794.01 
932 2716.62 
933 2838.65 
934 2702.78 
935 2847.82 
936 2764.64 
937 2790.52 
938 2784.70 
939 2694.81 
940 2607.78 
941 2723.03 
942 2792.80 
943 2808.89 
944 2788.20 
945 2818.84 
946 2914.04 
947 2801.12 
948 2738.18 
949 2759.99 
950 2784.94 
951 2774.92 
952 2678.58 
953 2861.28 
954 657.82 
955 2605.14 
956 2816.44 
957 2712.94 
958 2772.90 
959 2768.38 
960 2710.79 
961 2808.68 
962 2810.54 
963 2968.84 
964 2681.50 
965 2758.81 
966 2836.46 
967 2785.34 
968 2843.75 
969 2799.78 
970 2722.02 
971 2842.14 
972 2711.55 
973 2701.15 
974 2854.85 
975 2742.15 
976 2825.69 
977 2681.35 
978 2716.22 
979 2844.35 
980 2811.50 
981 2896.87 
982 2781.11 
983 2829.53 
984 2873.01 
985 2790.34 
986 2782.10 
987 2742.89 
988 2748.09 
989 2846.02 
990 2752.89 
991 2678.15 
992 2774.92 
993 2814.32 
994 2867.29 
995 2808.62 
996 2817.04 
997 2761.12 
998 2759.39 
999 2751.86 
1000 2880.60 
1001 2712.75 
1002 2807.37 
1003 2798.29 
1004 2837.68 
1005 2792.98 
1006 2765.77 
1007 2791.42 
1008 2876.94 
1009 2775.02 
1010 2785.63 
0 2793.37 
1 2880.42 
2 2721.62 
3 2802.21 
4 2744.93 
5 2761.85 
6 2688.38 
7 2798.72 
8 2836.70 
9 2786.36 
10 2844.46 
11 2775.10 
12 2729.14 
13 2782.48 
14 2806.08 
15 2778.20 
16 2811.86 
17 2935.14 
18 2731.71 
19 2771.08 
20 2806.53 
21 2772.73 
22 2812.28 
23 2819.30 
24 2647.33 
25 2720.09 
26 2723.81 
27 2730.02 
28 2794.34 
29 2849.07 
30 2856.85 
31 2786.30 
32 2790.17 
33 2738.72 
34 2765.94 
35 2660.74 
36 2779.32 
37 2681.49 
38 2781.75 
39 2923.48 
40 2796.16 
41 2736.37 
42 2797.35 
43 2576.39 
44 2684.07 
45 2766.90 
46 2746.17 
47 2801.38 
48 2744.67 
49 2741.68 
50 2754.94 
51 1460.98 
52 2725.95 
53 2750.60 
54 2706.22 
55 2799.53 
56 2817.57 
57 2751.30 
58 2717.26 
59 2891.06 
60 2829.57 
61 2825.71 
62 2826.03 
63 2730.06 
64 2837.26 
65 2865.01 
66 2737.28 
67 2775.53 
68 2852.38 
69 2769.19 
70 2758.73 
71 2775.64 
72 2839.25 
73 2805.30 
74 2823.05 
75 2824.15 
76 2909.04 
77 2741.34 
78 2851.80 
79 2794.83 
80 2702.15 
81 2795.22 
82 2831.56 
83 2803.80 
84 2806.94 
85 2751.35 
86 2859.07 
87 2880.41 
88 2592.03 
89 2832.52 
90 2697.93 
91 2738.98 
92 2795.26 
93 2749.60 
94 2840.40 
95 2795.44 
96 2778.43 
97 2751.94 
98 2777.85 
99 2783.84 
100 2745.47 
101 2730.24 
102 2847.77 
103 2802.09 
104 2709.79 
105 2761.08 
106 2832.93 
107 2746.28 
108 2801.91 
109 2793.35 
110 2786.66 
111 2818.12 
112 2851.47 
113 2826.44 
114 2834.41 
115 2886.01 
116 2777.16 
117 2878.10 
118 2818.97 
119 2788.29 
120 2707.97 
121 2645.27 
122 2901.58 
123 2714.26 
124 2850.61 
125 2833.71 
126 2663.35 
127 2767.66 
128 2778.91 
129 2748.12 
130 2810.06 
131 2874.50 
132 2838.21 
133 2765.20 
134 2719.88 
135 2791.34 
136 2766.64 
137 2839.81 
138 2789.21 
139 2930.44 
140 2767.23 
141 2802.11 
142 2819.93 
143 2650.13 
144 2841.95 
145 3006.11 
146 2782.61 
147 2857.44 
148 2810.14 
149 2847.20 
150 2736.97 
151 2859.40 
152 2898.22 
153 2921.12 
154 2981.19 
155 2976.28 
156 2890.05 
157 2903.09 
158 2783.58 
159 2782.43 
160 2827.83 
161 2848.88 
162 2819.20 
163 2852.77 
164 2899.07 
165 2819.41 
166 2879.86 
167 2847.87 
168 2958.25 
169 2937.70 
170 2765.99 
171 2998.50 
172 2988.31 
173 2847.05 
174 2834.14 
175 2963.18 
176 2905.31 
177 2878.09 
178 2816.47 
179 2839.34 
180 2800.17 
181 2955.46 
182 2909.77 
183 2807.32 
184 2870.65 
185 2897.37 
186 2995.52 
187 2827.66 
188 2865.70 
189 2948.26 
190 2992.74 
191 2827.07 
192 2912.76 
193 2820.05 
194 2858.40 
195 2993.37 
196 2804.75 
197 2900.03 
198 2897.55 
199 2822.53 
200 2936.94 
201 2879.25 
202 2986.76 
203 2900.42 
204 2917.79 
205 758.71 
206 2886.82 
207 2919.61 
208 2992.21 
209 2939.75 
210 2961.84 
211 2886.63 
212 2944.98 
213 2978.39 
214 2854.21 
215 2968.55 
216 2860.37 
217 2840.72 
218 2935.06 
219 2937.01 
220 3039.71 
221 2959.74 
222 3010.29 
223 3020.09 
224 2973.04 
225 2906.67 
226 2964.73 
227 2888.85 
228 2845.80 
229 2995.54 
230 3011.30 
231 2895.10 
232 2943.75 
233 2958.46 
234 2879.13 
235 2891.12 
236 3015.90 
237 2975.35 
238 2939.26 
239 2931.30 
240 2994.06 
241 3006.92 
242 3028.42 
243 2820.22 
244 2895.04 
245 2891.29 
246 2866.00 
247 3066.50 
248 2959.67 
249 2919.97 
250 3009.85 
251 2925.55 
252 2831.02 
253 2961.06 
254 2961.21 
255 3025.46 
256 2907.82 
257 2957.66 
258 2970.01 
259 3016.22 
260 2927.88 
261 2823.54 
262 3000.51 
263 2807.94 
264 3039.35 
265 3026.19 
266 3045.40 
267 2992.06 
268 3023.33 
269 2973.87 
270 2865.80 
271 3095.90 
272 3020.25 
273 2906.32 
274 2875.71 
275 2891.39 
276 3083.79 
277 2763.03 
278 2893.58 
279 2920.71 
280 2845.50 
281 2640.15 
282 3013.87 
283 3021.65 
284 2925.76 
285 3036.04 
286 2919.08 
287 2951.39 
288 2793.63 
289 2933.15 
290 2923.75 
291 2904.57 
292 2926.13 
293 2920.26 
294 2922.22 
295 2828.01 
296 2929.35 
297 3008.64 
298 2973.43 
299 2889.79 
300 2872.58 
301 2915.97 
302 2938.09 
303 2916.35 
304 2893.44 
305 2993.31 
306 2981.57 
307 3091.00 
308 3041.77 
309 2900.87 
310 3080.33 
311 3003.38 
312 2946.73 
313 2976.09 
314 2939.51 
315 3021.21 
316 3002.98 
317 2903.86 
318 2993.00 
319 2869.81 
320 2935.72 
321 2903.31 
322 3043.26 
323 2994.85 
324 2879.91 
325 2908.64 
326 3018.95 
327 3039.95 
328 2899.50 
329 2994.59 
330 2980.13 
331 2927.19 
332 2907.22 
333 2843.45 
334 2978.90 
335 3034.87 
336 2993.37 
337 2935.96 
338 2990.91 
339 3022.38 
340 2956.95 
341 2861.22 
342 3058.90 
343 3051.33 
344 3082.50 
345 2868.00 
346 2950.68 
347 2915.48 
348 2768.58 
349 2967.76 
350 3081.17 
351 3031.04 
352 2968.60 
353 3028.88 
354 3000.37 
355 2870.41 
356 2918.33 
357 2978.48 
358 2885.90 
359 3077.27 
360 3015.15 
361 2936.85 
362 2902.24 
363 2945.71 
364 3025.27 
365 2943.85 
366 2968.70 
367 3039.17 
368 2942.78 
369 3119.02 
370 2997.11 
371 3020.72 
372 3060.26 
373 2985.95 
374 2951.18 
375 2957.68 
376 2940.53 
377 2820.70 
378 3020.40 
379 2976.83 
380 2983.44 
381 2927.78 
382 2935.71 
383 3006.57 
384 2920.57 
385 3025.07 
386 2878.34 
387 2967.93 
388 3004.10 
389 2959.00 
390 2817.41 
391 3073.41 
392 3026.75 
393 2965.11 
394 2967.36 
395 2962.04 
396 2968.94 
397 2994.14 
398 2896.10 
399 3038.11 
400 2921.40 
401 2935.06 
402 3120.11 
403 2947.42 
404 2968.70 
405 3095.60 
406 2231.64 
407 2939.39 
408 3092.98 
409 2823.51 
410 3020.93 
411 3029.28 
412 3057.39 
413 3022.06 
414 2983.78 
415 2925.24 
416 3009.17 
417 2945.84 
418 3026.45 
419 2922.08 
420 3065.06 
421 3004.00 
422 3012.48 
423 2932.46 
424 3000.20 
425 2887.15 
426 2898.55 
427 3065.02 
428 2918.32 
429 2989.27 
430 2863.28 
431 2849.80 
432 2944.13 
433 2955.05 
434 1074.54 
435 2921.39 
436 3010.12 
437 2891.70 
438 2848.39 
439 3001.94 
440 2941.63 
441 2992.33 
442 2993.27 
443 2937.01 
444 3014.98 
445 2403.34 
446 2840.86 
447 2957.59 
448 2979.32 
449 2929.22 
450 2968.99 
451 3089.00 
452 2814.97 
453 3022.49 
454 2928.89 
455 2884.71 
456 2978.73 
457 2982.60 
458 2978.83 
459 3013.61 
460 2981.64 
461 2945.46 
462 3052.58 
463 2927.29 
464 2980.88 
465 2874.33 
466 3018.13 
467 3075.86 
468 1295.67 
469 3075.81 
470 3017.25 
471 2979.05 
472 2919.67 
473 2990.62 
474 2921.91 
475 2919.24 
476 2970.73 
477 2972.41 
478 2989.02 
479 3126.17 
480 2996.98 
481 2970.49 
482 2892.45 
483 2990.85 
484 2836.94 
485 3024.91 
486 2917.92 
487 2938.56 
488 2953.24 
489 2989.00 
490 2963.24 
491 2931.55 
492 2870.67 
493 3067.19 
494 3038.82 
495 2922.59 
496 2923.09 
497 2948.74 
498 2988.43 
499 2926.65 
500 2937.50 
501 3009.43 
502 2985.70 
503 2952.69 
504 2943.43 
505 2926.55 
506 2963.05 
507 3014.17 
508 3101.80 
509 2960.48 
510 2957.84 
511 3004.02 
512 2984.16 
513 2968.05 
514 3010.92 
515 1142.59 
516 2884.34 
517 2914.65 
518 3018.86 
519 3015.54 
520 3033.00 
521 2972.12 
522 2865.21 
523 2751.85 
524 3001.54 
525 3078.31 
526 2941.44 
527 2986.89 
528 3059.50 
529 3115.09 
530 2989.97 
531 2897.96 
532 2945.20 
533 2944.23 
534 3006.00 
535 3026.64 
536 2871.57 
537 2986.16 
538 3027.49 
539 2980.07 
540 2881.76 
541 2927.62 
542 3071.08 
543 3043.37 
544 3058.50 
545 2898.53 
546 2924.26 
547 2976.65 
548 3114.04 
549 2926.64 
550 2868.26 
551 2971.47 
552 2837.68 
553 3077.22 
554 2961.14 
555 2994.61 
556 2942.55 
557 3044.54 
558 3001.74 
559 2909.13 
560 3057.95 
561 2981.53 
562 2952.33 
563 3083.51 
564 2920.96 
565 3001.06 
566 3045.98 
567 3066.12 
568 2972.15 
569 2967.80 
570 3023.47 
571 2919.25 
572 2932.09 
573 2975.17 
574 117.17 
575 3104.24 
576 2880.56 
577 3126.00 
578 2994.29 
579 2896.41 
580 3013.41 
581 2972.72 
582 2952.25 
583 3157.11 
584 2955.64 
585 2973.28 
586 2932.07 
587 3089.90 
588 3014.95 
589 3075.98 
590 3089.79 
591 2982.66 
592 3016.04 
593 3072.34 
594 3000.79 
595 2897.65 
596 2982.02 
597 2939.37 
598 3081.38 
599 2955.85 
600 3079.51 
601 2966.00 
602 3048.81 
603 2931.45 
604 2920.05 
605 3013.23 
606 3104.17 
607 3079.67 
608 2942.20 
609 3016.45 
610 3067.22 
611 2822.55 
612 2941.68 
613 2978.06 
614 2987.07 
615 3046.12 
616 3140.84 
617 2934.02 
618 2955.37 
619 3025.78 
620 2904.22 
621 3040.82 
622 3021.25 
623 3062.33 
624 2875.61 
625 3013.01 
626 2971.11 
627 2948.90 
628 3008.73 
629 2980.08 
630 2989.00 
631 3045.21 
632 2957.26 
633 3002.00 
634 3055.33 
635 3044.08 
636 2914.11 
637 2976.55 
638 1524.60 
639 2990.76 
640 2980.31 
641 2923.18 
642 3019.66 
643 3050.34 
644 2992.00 
645 3020.66 
646 2960.72 
647 2922.50 
648 2999.43 
649 3082.77 
650 2918.64 
651 2915.22 
652 2974.29 
653 2862.53 
654 2964.62 
655 2913.80 
656 2987.64 
657 2967.43 
658 3048.50 
659 448.36 
660 3013.94 
661 2985.87 
662 2945.75 
663 2943.05 
664 2955.90 
665 2916.11 
666 2986.10 
667 3070.82 
668 3086.23 
669 2956.88 
670 3044.04 
671 3003.70 
672 3035.09 
673 3126.27 
674 2995.77 
675 2903.25 
676 3026.93 
677 2826.00 
678 2983.65 
679 3027.77 
680 3011.46 
681 3000.11 
682 3032.36 
683 2911.31 
684 2998.56 
685 2958.97 
686 2966.45 
687 3041.45 
688 3104.10 
689 3081.91 
690 2922.13 
691 3090.68 
692 2971.40 
693 2951.75 
694 2830.81 
695 3084.55 
696 2978.18 
697 2903.55 
698 3029.94 
699 2950.74 
700 2942.07 
701 2956.99 
702 2852.74 
703 2943.00 
704 3204.94 
705 2977.79 
706 3027.34 
707 2955.53 
708 2950.89 
709 3076.43 
710 2953.45 
711 2915.86 
712 2940.47 
713 3106.51 
714 2978.07 
715 2954.92 
716 3083.05 
717 3062.36 
718 3030.22 
719 2944.45 
720 3019.01 
721 3050.25 
722 2988.68 
723 3095.99 
724 2908.69 
725 3031.83 
726 2948.95 
727 2877.85 
728 3032.44 
729 3007.45 
730 2945.37 
731 3092.89 
732 3036.16 
733 2989.26 
734 3031.94 
735 2994.14 
736 3014.97 
737 3122.01 
738 3023.89 
739 2939.72 
740 2778.70 
741 2976.63 
742 3041.17 
743 3048.12 
744 3051.18 
745 2987.12 
746 2972.72 
747 2951.01 
748 3052.77 
749 3022.30 
750 2996.56 
751 2986.18 
752 2983.20 
753 2930.00 
754 3020.31 
755 3001.40 
756 2956.10 
757 2972.36 
758 3035.31 
759 2922.69 
760 3013.45 
761 2947.38 
762 3054.34 
763 2941.20 
764 2926.42 
765 2957.89 
766 3010.88 
767 2897.98 
768 2967.86 
769 3152.87 
770 3046.19 
771 3097.17 
772 2997.88 
773 2995.60 
774 2957.82 
775 2889.32 
776 2982.16 
777 2968.24 
778 2892.34 
779 3054.41 
780 2926.55 
781 3043.80 
782 2994.06 
783 2904.36 
784 3052.63 
785 2921.00 
786 2956.45 
787 3019.15 
788 2964.65 
789 3073.15 
790 2814.15 
791 2956.35 
792 2983.87 
793 2962.46 
794 2914.34 
795 3060.58 
796 2909.68 
797 2893.20 
798 3077.49 
799 2889.52 
800 3010.79 
801 3098.82 
802 2976.06 
803 3014.71 
804 2998.77 
805 3068.47 
806 3015.33 
807 2991.25 
808 2906.83 
809 3000.96 
810 2984.51 
811 3119.29 
812 3005.31 
813 3031.24 
814 2984.58 
815 3000.61 
816 3047.86 
817 2815.46 
818 2952.18 
819 3020.65 
820 2958.07 
821 3059.46 
822 2963.06 
823 3052.17 
824 3037.21 
825 3081.06 
826 2951.91 
827 3152.93 
828 2947.84 
829 3073.84 
830 3008.41 
831 2987.25 
832 3032.08 
833 3016.93 
834 3027.65 
835 2897.50 
836 2855.39 
837 2999.54 
838 2924.84 
839 3078.55 
840 3080.10 
841 3057.16 
842 2999.70 
843 2993.80 
844 3059.76 
845 3043.81 
846 2905.46 
847 3055.21 
848 3007.66 
849 2941.39 
850 3014.90 
851 3061.58 
852 3043.50 
853 2983.54 
854 2923.47 
855 2919.85 
856 3070.38 
857 2992.93 
858 3041.81 
859 3007.09 
860 2902.39 
861 3034.62 
862 2997.80 
863 2877.45 
864 3035.77 
865 2843.09 
866 2951.75 
867 2994.03 
868 2977.13 
869 3026.73 
870 3095.67 
871 2976.18 
872 2995.71 
873 3042.40 
874 3041.13 
875 3045.47 
876 3126.02 
877 2988.96 
878 3033.62 
879 2974.00 
880 3084.14 
881 2857.23 
882 3053.15 
883 2921.15 
884 3001.12 
885 2940.51 
886 3040.96 
887 3036.90 
888 3024.57 
889 2998.80 
890 2904.13 
891 3087.56 
892 2993.91 
893 3089.15 
894 2921.81 
895 2937.83 
896 2898.68 
897 3025.59 
898 2960.32 
899 3003.21 
900 3037.05 
901 3025.49 
902 2942.13 
903 2946.65 
904 3016.08 
905 2961.33 
906 3031.87 
907 3044.24 
908 3016.52 
909 3152.41 
910 3028.07 
911 3048.73 
912 2934.19 
913 2977.83 
914 3076.78 
915 2764.62 
916 3017.66 
917 3062.80 
918 2938.65 
919 2970.30 
920 3027.29 
921 2991.06 
922 3072.84 
923 2967.04 
924 2954.43 
925 3032.65 
926 2987.64 
927 -352.39 
928 3015.80 
929 3122.30 
930 3108.44 
931 3022.67 
932 3050.85 
933 3051.48 
934 3010.19 
935 3107.61 
936 3063.99 
937 2928.96 
938 3061.67 
939 2928.10 
940 2948.39 
941 3055.51 
942 3035.71 
943 2981.55 
944 3034.80 
945 2959.50 
946 2891.81 
947 3105.76 
948 2960.77 
949 3061.15 
950 3032.82 
951 3124.04 
952 1370.95 
953 2962.32 
954 2926.20 
955 2852.98 
956 3021.05 
957 3046.05 
958 2940.97 
959 3112.25 
960 3106.36 
961 3025.31 
962 2906.81 
963 3007.99 
964 2969.34 
965 3102.53 
966 2943.06 
967 2998.60 
968 2898.44 
969 2970.70 
970 3023.23 
971 3015.69 
972 2972.85 
973 3052.80 
974 2996.58 
975 3012.76 
976 1454.37 
977 3057.28 
978 3048.75 
979 2969.56 
980 2992.45 
981 3027.85 
982 2874.97 
983 2869.89 
984 3073.44 
985 1721.01 
986 3160.77 
987 2982.76 
988 3032.82 
989 3070.37 
990 3004.98 
991 2902.76 
992 3117.18 
993 3086.86 
994 3001.81 
995 2973.11 
996 3091.67 
997 3023.71 
998 3002.71 
999 3014.14 
1000 2852.74 
1001 3019.93 
1002 2893.32 
1003 3018.93 
1004 2977.99 
1005 3135.87 
1006 2876.77 
1007 2972.18 
1008 3039.67 
1009 3072.07 
0 3000.80 
1 3045.44 
2 2716.20 
3 3030.37 
4 3076.53 
5 3061.00 
6 3070.70 
7 3060.39 
8 2991.93 
9 3038.69 
10 2996.90 
11 3072.54 
12 2997.70 
13 3017.22 
14 3028.49 
15 3159.15 
16 3012.73 
17 2999.62 
18 2902.23 
19 2927.00 
20 3000.88 
21 3015.21 
22 2902.58 
23 2974.33 
24 3031.51 
25 3040.70 
26 3065.30 
27 2996.24 
28 3089.12 
29 3001.89 
30 3052.99 
31 2875.26 
32 2973.65 
33 3016.75 
34 2995.37 
35 3020.91 
36 3007.39 
37 3005.97 
38 3069.94 
39 3071.57 
40 3074.48 
41 3041.95 
42 2804.36 
43 2999.61 
44 2984.48 
45 3090.11 
46 3086.45 
47 3018.54 
48 3029.41 
49 3021.29 
50 2958.94 
51 2948.54 
52 3111.14 
53 3034.94 
54 3041.60 
55 3175.16 
56 2946.01 
57 2912.47 
58 3141.64 
59 3053.87 
60 2966.20 
61 3019.25 
62 3099.01 
63 3075.47 
64 3124.71 
65 3027.86 
66 3106.98 
67 3089.58 
68 3032.01 
69 3045.71 
70 3131.30 
71 3022.66 
72 2946.89 
73 3103.22 
74 2905.21 
75 3025.50 
76 3040.38 
77 2986.82 
78 3114.84 
79 2969.23 
80 3049.96 
81 3040.05 
82 2867.26 
83 3108.02 
84 2940.86 
85 2923.19 
86 3011.99 
87 2984.50 
88 3132.18 
89 2969.78 
90 2988.13 
91 3056.52 
92 3115.41 
93 3078.81 
94 2970.60 
95 3033.15 
96 3036.42 
97 3029.31 
98 3081.44 
99 3076.57 
100 2951.14 
101 3049.37 
102 3026.60 
103 3023.24 
104 2913.49 
105 2955.25 
106 3029.66 
107 2994.89 
108 2949.00 
109 3076.05 
110 2899.26 
111 2802.31 
112 3083.06 
113 3039.64 
114 2951.53 
115 2882.16 
116 3042.63 
117 2955.38 
118 3028.39 
119 3090.04 
120 3127.13 
121 3035.83 
122 2841.53 
123 3133.05 
124 3041.37 
125 3084.98 
126 2988.65 
127 3120.98 
128 3103.65 
129 3004.59 
130 3088.76 
131 3073.27 
132 3033.75 
133 3010.18 
134 3071.10 
135 3042.12 
136 3061.73 
137 3080.57 
138 2975.48 
139 3100.24 
140 3089.92 
141 3031.07 
142 3030.27 
143 3014.38 
144 2999.83 
145 3035.61 
146 2892.02 
147 3101.93 
148 3151.87 
149 3057.08 
150 3074.38 
151 3070.21 
152 3093.98 
153 3112.20 
154 3082.41 
155 3055.42 
156 3038.55 
157 2928.93 
158 3018.68 
159 3039.03 
160 2977.37 
161 2951.75 
162 3074.24 
163 2918.28 
164 2960.41 
165 2961.25 
166 3024.89 
167 2900.32 
168 3035.11 
169 2933.94 
170 3045.98 
171 2997.14 
172 3104.65 
173 2939.32 
174 1543.89 
175 3126.44 
176 3023.34 
177 3002.05 
178 2985.30 
179 2936.32 
180 2971.69 
181 2974.28 
182 2061.30 
183 3043.88 
184 2851.54 
185 3143.74 
186 3106.47 
187 3018.24 
188 3018.30 
189 2925.82 
190 2969.37 
191 3126.16 
192 3033.34 
193 2876.05 
194 3065.14 
195 3088.73 
196 3017.49 
197 3007.11 
198 2957.33 
199 2937.03 
200 3086.54 
201 2981.09 
202 3075.79 
203 2963.37 
204 3106.41 
205 3087.48 
206 3063.09 
207 3106.82 
208 2945.10 
209 3024.11 
210 3117.95 
211 3060.80 
212 3101.61 
213 3050.99 
214 3013.20 
215 3128.29 
216 3074.98 
217 3096.04 
218 2962.82 
219 3106.33 
220 3051.01 
221 3015.98 
222 3157.69 
223 2984.47 
224 2973.65 
225 2967.33 
226 2973.35 
227 3079.81 
228 3029.42 
229 2981.11 
230 2952.41 
231 2939.53 
232 3004.15 
233 3118.08 
234 3027.98 
235 3081.93 
236 3032.70 
237 3021.47 
238 2916.63 
239 2969.78 
240 2941.14 
241 2988.75 
242 2840.94 
243 2936.57 
244 2927.04 
245 3075.03 
246 3004.06 
247 2969.84 
248 3063.04 
249 3113.60 
250 3070.76 
251 3019.81 
252 3122.57 
253 3099.04 
254 3092.75 
255 2983.43 
256 2951.95 
257 3069.29 
258 2980.51 
259 3097.16 
260 3080.12 
261 3068.71 
262 3035.93 
263 2935.72 
264 3121.50 
265 3166.35 
266 3011.50 
267 3076.61 
268 3046.30 
269 2987.20 
270 3013.69 
271 3022.43 
272 3021.76 
273 3109.37 
274 2999.62 
275 2897.48 
276 2970.12 
277 3072.50 
278 3041.72 
279 3046.14 
280 3007.86 
281 3036.57 
282 2949.59 
283 3042.64 
284 3133.14 
285 3022.32 
286 3062.31 
287 3080.86 
288 3206.45 
289 3085.63 
290 3124.21 
291 3197.36 
292 3040.88 
293 2954.19 
294 2947.54 
295 2399.52 
296 3149.30 
297 3153.06 
298 3061.26 
299 3024.64 
300 3025.78 
301 3113.18 
302 2987.67 
303 3065.30 
304 3044.86 
305 3005.73 
306 3115.78 
307 2993.02 
308 3085.41 
309 3083.17 
310 3066.47 
311 2966.40 
312 2998.29 
313 3079.00 
314 3152.92 
315 2999.39 
316 2987.03 
317 3034.28 
318 3119.07 
319 2953.29 
320 3014.20 
321 3044.00 
322 758.70 
323 2953.26 
324 3094.91 
325 3024.31 
326 3042.70 
327 3063.29 
328 3002.64 
329 1629.58 
330 2947.38 
331 2993.10 
332 3046.92 
333 3030.91 
334 3058.86 
335 3086.17 
336 3034.75 
337 2921.44 
338 3039.94 
339 3088.07 
340 2942.21 
341 3051.26 
342 3066.93 
343 3162.68 
344 3057.41 
345 3001.05 
346 3088.88 
347 3100.80 
348 3096.95 
349 3033.53 
350 3027.13 
351 2981.32 
352 3001.98 
353 2939.40 
354 3013.29 
355 3096.84 
356 3134.23 
357 3062.31 
358 2999.38 
359 3040.94 
360 2966.71 
361 3085.85 
362 3017.67 
363 3051.08 
364 3033.71 
365 2968.66 
366 3021.20 
367 2974.73 
368 3124.96 
369 2885.46 
370 3021.44 
371 3148.63 
372 3133.77 
373 3111.64 
374 3115.64 
375 3066.37 
376 3098.47 
377 3054.47 
378 2918.04 
379 3042.01 
380 3045.90 
381 3139.07 
382 3143.01 
383 3052.58 
384 3117.15 
385 3079.04 
386 3130.72 
387 2975.55 
388 2969.51 
389 2938.75 
390 3011.16 
391 2157.30 
392 3113.13 
393 2990.84 
394 2954.33 
395 2970.76 
396 3101.35 
397 3070.42 
398 3073.67 
399 2914.02 
400 3133.04 
401 3086.16 
402 3067.85 
403 3082.38 
404 3108.86 
405 2938.11 
406 2208.57 
407 2931.16 
408 3000.12 
409 3116.69 
410 2885.51 
411 3064.37 
412 2980.35 
413 2894.82 
414 3074.82 
415 2930.33 
416 3037.34 
417 3060.87 
418 3079.38 
419 3098.82 
420 3152.98 
421 3013.89 
422 3054.81 
423 2982.44 
424 3227.89 
425 3065.05 
426 2989.07 
427 3045.74 
428 2956.95 
429 3137.37 
430 3121.09 
431 3059.68 
432 2939.96 
433 3148.40 
434 3077.58 
435 3026.39 
436 3033.33 
437 3096.16 
438 3071.52 
439 3078.75 
440 3117.30 
441 3088.61 
442 3111.38 
443 3060.56 
444 3124.06 
445 2993.90 
446 3089.98 
447 3018.34 
448 3012.06 
449 3063.83 
450 3158.30 
451 3099.75 
452 3146.82 
453 2993.28 
454 3039.36 
455 3039.59 
456 3111.41 
457 3084.91 
458 3044.48 
459 3102.75 
460 3146.88 
461 3048.24 
462 3086.06 
463 3086.60 
464 3055.24 
465 3071.98 
466 3109.50 
467 2973.71 
468 3046.35 
469 2984.41 
470 2983.36 
471 3089.15 
472 3067.26 
473 2131.17 
474 3022.88 
475 3098.86 
476 3113.00 
477 3195.69 
478 2936.70 
479 3123.91 
480 3047.67 
481 3011.63 
482 3014.66 
483 3129.82 
484 3092.31 
485 3041.13 
486 3030.73 
487 2949.03 
488 2993.52 
489 3067.11 
490 2924.56 
491 2908.03 
492 3105.39 
493 2997.77 
494 3149.56 
495 3053.29 
496 2920.17 
497 3087.66 
498 3040.03 
499 2916.38 
500 2973.60 
501 3079.58 
502 3073.67 
503 2992.38 
504 3133.24 
505 3005.43 
506 3243.23 
507 3148.38 
508 3008.83 
509 3023.05 
510 3040.94 
511 3019.05 
512 3077.00 
513 3098.22 
514 3198.22 
515 2938.89 
516 3050.62 
517 3067.23 
518 3132.97 
519 3094.08 
520 3122.41 
521 3071.48 
522 3050.86 
523 3108.70 
524 2997.67 
525 3056.00 
526 3132.09 
527 3016.93 
528 3170.85 
529 3075.60 
530 2971.42 
531 3019.91 
532 3059.69 
533 2994.52 
534 3040.37 
535 2941.99 
536 3028.28 
537 3050.32 
538 3042.28 
539 2987.64 
540 2969.55 
541 3023.60 
542 3175.93 
543 2861.00 
544 892.67 
545 3021.21 
546 3100.24 
547 3148.25 
548 3043.08 
549 3149.26 
550 2924.86 
551 3069.84 
552 3154.90 
553 3050.44 
554 3078.80 
555 2991.03 
556 3062.76 
557 3099.99 
558 2962.62 
559 3139.94 
560 3099.42 
561 3083.60 
562 3109.82 
563 3069.94 
564 3054.26 
565 3086.50 
566 3089.41 
567 3006.32 
568 2963.75 
569 3147.07 
570 2984.16 
571 3212.13 
572 2966.57 
573 3015.41 
574 2957.19 
575 2994.40 
576 3173.34 
577 3212.84 
578 3083.42 
579 3194.63 
580 3108.42 
581 2982.28 
582 2957.88 
583 2996.48 
584 3099.21 
585 3185.87 
586 2979.09 
587 3004.80 
588 3015.31 
589 3126.34 
590 3151.71 
591 3053.33 
592 3077.53 
593 3033.39 
594 3065.03 
595 3030.93 
596 2915.47 
597 3087.77 
598 3099.98 
599 3050.05 
600 3023.18 
601 3084.37 
602 2953.10 
603 2982.60 
604 3048.73 
605 2971.78 
606 3120.82 
607 3111.04 
608 3092.57 
609 3053.12 
610 3057.48 
611 3166.04 
612 3058.77 
613 2998.88 
614 3043.91 
615 3112.94 
616 3097.64 
617 2945.58 
618 2999.86 
619 3059.12 
620 2951.77 
621 3031.61 
622 3084.86 
623 3075.28 
624 3016.56 
625 3103.98 
626 3129.78 
627 2991.92 
628 2965.65 
629 2986.90 
630 3041.43 
631 2897.53 
632 3107.19 
633 3008.06 
634 3173.72 
635 3039.13 
636 3146.29 
637 3111.70 
638 3010.48 
639 3040.11 
640 3030.28 
641 3076.55 
642 3015.32 
643 3095.41 
644 3098.95 
645 3047.68 
646 3044.70 
647 3071.43 
648 3182.19 
649 3016.44 
650 3058.59 
651 3127.02 
652 2979.41 
653 3057.53 
654 3073.75 
655 3011.27 
656 2953.95 
657 3144.51 
658 3083.85 
659 2987.82 
660 3040.24 
661 3099.07 
662 2889.15 
663 3133.66 
664 3033.55 
665 3054.19 
666 3117.70 
667 3136.74 
668 3041.66 
669 3142.85 
670 3005.94 
671 3143.96 
672 3065.73 
673 3113.95 
674 3088.34 
675 3042.98 
676 2971.39 
677 2968.60 
678 3090.29 
679 3043.16 
680 3108.92 
681 3092.81 
682 3053.06 
683 3136.80 
684 2958.53 
685 3079.91 
686 3059.33 
687 2962.75 
688 2988.15 
689 2985.22 
690 2996.50 
691 3056.68 
692 3074.57 
693 3070.42 
694 3140.63 
695 3167.17 
696 3024.62 
697 3093.69 
698 3079.98 
699 3120.09 
700 3029.27 
701 3126.84 
702 3070.41 
703 3117.17 
704 -172.86 
705 2993.84 
706 3034.76 
707 3005.64 
708 2972.59 
709 3164.86 
710 2994.33 
711 3030.57 
712 3080.05 
713 3094.81 
714 3017.02 
715 3022.92 
716 3142.25 
717 3034.57 
718 3019.39 
719 2893.19 
720 3132.88 
721 2989.09 
722 3105.01 
723 2974.82 
724 3120.05 
725 3113.59 
726 3000.83 
727 2847.91 
728 3028.24 
729 3019.99 
730 3053.77 
731 3052.40 
732 3109.84 
733 3038.42 
734 3087.46 
735 2938.23 
736 3078.66 
737 2939.04 
738 2985.10 
739 3117.13 
740 3109.76 
741 3008.68 
742 3069.44 
743 3138.49 
744 3051.26 
745 3097.44 
746 3195.21 
747 3056.42 
748 2982.15 
749 3129.30 
750 3006.75 
751 3082.08 
752 2948.12 
753 3097.69 
754 3069.42 
755 3012.94 
756 3048.31 
757 3115.93 
758 3011.08 
759 3167.46 
760 2920.14 
761 3092.57 
762 2998.62 
763 3073.23 
764 2954.48 
765 3157.43 
766 3106.51 
767 3029.36 
768 2979.71 
769 2979.57 
770 2943.42 
771 3145.80 
772 3067.85 
773 3137.79 
774 2861.38 
775 2973.01 
776 2932.54 
777 3094.77 
778 3037.59 
779 3011.37 
780 3164.77 
781 2887.93 
782 3056.65 
783 3043.65 
784 2992.71 
785 3061.04 
786 3004.50 
787 3041.45 
788 3157.62 
789 3142.37 
790 3024.28 
791 3103.97 
792 3048.62 
793 3122.02 
794 3064.08 
795 2984.18 
796 3056.07 
797 3021.63 
798 1351.78 
799 3073.80 
800 2981.72 
801 3156.73 
802 3098.74 
803 3149.95 
804 3100.76 
805 3041.13 
806 3209.64 
807 3143.63 
808 3060.34 
809 3016.74 
810 3131.00 
811 3073.16 
812 3030.47 
813 2973.87 
814 3102.40 
815 3067.38 
816 3105.35 
817 3036.37 
818 3024.89 
819 3046.06 
820 3089.11 
821 3121.52 
822 3067.76 
823 3148.30 
824 3130.59 
825 3203.04 
826 3073.14 
827 3119.32 
828 3102.12 
829 3126.20 
830 2936.58 
831 3131.64 
832 3047.16 
833 2972.34 
834 3103.72 
835 3066.99 
836 3092.94 
837 3105.48 
838 3045.81 
839 3161.05 
840 2916.43 
841 3063.08 
842 3080.71 
843 3075.82 
844 3110.93 
845 3041.84 
846 3103.28 
847 3095.25 
848 3084.91 
849 3165.42 
850 3126.20 
851 3160.50 
852 3133.49 
853 3078.02 
854 3088.37 
855 3134.10 
856 3132.50 
857 3055.33 
858 3076.73 
859 3083.17 
860 3173.26 
861 3121.37 
862 3239.32 
863 2973.95 
864 3103.31 
865 2967.50 
866 3102.60 
867 3056.19 
868 3135.76 
869 3062.89 
870 3016.50 
871 3074.43 
872 3029.09 
873 3154.94 
874 3124.42 
875 3053.71 
876 3082.97 
877 3188.55 
878 3029.91 
879 3104.67 
880 3065.48 
881 3169.43 
882 3068.09 
883 3149.85 
884 3039.59 
885 3009.38 
886 3010.46 
887 3002.78 
888 3134.11 
889 3078.79 
890 2873.69 
891 3059.95 
892 3054.77 
893 3105.91 
894 3154.45 
895 3002.77 
896 3054.38 
897 3095.35 
898 2967.32 
899 3146.72 
900 3169.33 
901 3079.64 
902 3005.71 
903 3115.64 
904 2984.99 
905 3163.07 
906 3135.32 
907 3103.37 
908 3029.00 
909 2983.31 
910 3129.09 
911 3177.20 
912 3164.77 
913 3080.67 
914 3051.49 
915 3114.64 
916 3124.01 
917 3050.14 
918 3141.22 
919 3027.76 
920 3156.31 
921 2921.38 
922 2986.33 
923 3074.56 
924 3072.29 
925 313.34 
926 3080.12 
927 3024.53 
928 3130.17 
929 3048.13 
930 2816.14 
931 3071.96 
932 3066.63 
933 3214.48 
934 3133.19 
935 3217.27 
936 3126.99 
937 2996.27 
938 3059.98 
939 3074.91 
940 2988.78 
941 3067.41 
942 3118.52 
943 3121.92 
944 3047.43 
945 2947.47 
946 2956.53 
947 3065.59 
948 3008.07 
949 3109.66 
950 3085.60 
951 3043.55 
952 3017.27 
953 3069.70 
954 3074.67 
955 3108.08 
956 2964.88 
957 2901.45 
958 3084.59 
959 3011.30 
960 3138.52 
961 3057.36 
962 3085.12 
963 3034.95 
964 3016.01 
965 3058.16 
966 3068.26 
967 3131.01 
968 2987.10 
969 3141.64 
970 2977.26 
971 3085.05 
972 3040.24 
973 3170.07 
974 2941.07 
975 3112.23 
976 3117.69 
977 3101.24 
978 3098.31 
979 3097.97 
980 3002.21 
981 3025.68 
982 3124.63 
983 3078.69 
984 3067.19 
985 2915.13 
986 2992.23 
987 3156.99 
988 2990.90 
989 3134.02 
990 3132.85 
991 3024.05 
992 3114.30 
993 2952.17 
994 3043.68 
995 3025.15 
996 3108.03 
997 3166.98 
998 486.48 
999 3052.29 
1000 3061.09 
1001 3044.11 
1002 2980.55 
1003 3072.16 
1004 3140.54 
1005 2985.92 
1006 3132.19 
1007 3000.45 
1008 3088.58 
1009 3187.31 
1010 3092.48 
1011 3041.51 
1012 3168.46 
1013 3074.35 
1014 3057.34 
0 3147.18 
1 3097.19 
2 3122.58 
3 3016.61 
4 3026.86 
5 3153.24 
6 3156.02 
7 3201.68 
8 3127.45 
9 3097.35 
10 3084.61 
11 2975.97 
12 3209.60 
13 3146.55 
14 3106.22 
15 3078.63 
16 3128.30 
17 3121.59 
18 3154.89 
19 3007.82 
20 3077.31 
21 3048.61 
22 290.00 
23 2903.73 
24 3086.88 
25 3173.28 
26 2957.19 
27 3018.64 
28 2988.75 
29 3065.36 
30 3006.90 
31 3072.87 
32 3072.05 
33 3113.59 
34 3081.75 
35 3145.66 
36 3020.73 
37 3098.78 
38 3167.46 
39 3022.96 
40 3131.36 
41 3092.16 
42 3113.13 
43 3110.59 
44 3042.28 
45 3005.42 
46 3076.35 
47 3118.05 
48 3135.11 
49 2899.01 
50 3011.19 
51 1497.47 
52 3108.27 
53 3121.47 
54 3109.43 
55 3027.03 
56 3059.51 
57 2999.74 
58 3076.12 
59 3148.09 
60 3154.15 
61 3155.19 
62 3105.92 
63 2950.14 
64 3146.15 
65 3005.22 
66 3124.60 
67 3136.35 
68 3023.74 
69 3093.16 
70 3150.07 
71 3083.54 
72 2954.92 
73 3008.80 
74 2958.17 
75 3129.33 
76 3106.42 
77 3040.08 
78 3094.50 
79 3110.53 
80 3100.26 
81 3152.78 
82 3025.75 
83 2933.23 
84 3115.53 
85 3099.71 
86 3182.51 
87 2992.79 
88 3172.80 
89 3081.16 
90 3101.31 
91 3095.72 
92 3039.99 
93 3036.00 
94 3075.30 
95 2940.56 
96 3061.19 
97 3155.85 
98 3147.02 
99 2944.27 
100 2920.93 
101 3025.52 
102 3044.05 
103 3095.88 
104 3105.71 
105 3129.20 
106 3021.15 
107 3131.10 
108 3072.61 
109 3030.33 
110 3013.18 
111 3019.31 
112 3152.33 
113 3105.87 
114 3100.56 
115 3013.55 
116 3048.53 
117 3140.46 
118 3078.39 
119 2988.35 
120 3130.03 
121 2931.64 
122 2964.60 
123 3050.45 
124 3210.89 
125 3121.28 
126 3187.54 
127 2882.98 
128 3010.31 
129 3130.30 
130 3014.41 
131 3086.25 
132 3111.35 
133 2984.21 
134 3104.42 
135 3125.82 
136 3095.62 
137 3146.80 
138 2999.01 
139 2988.22 
140 3024.22 
141 3071.31 
142 2935.33 
143 3132.15 
144 3038.06 
145 3015.91 
146 3030.05 
147 2489.22 
148 3106.98 
149 3163.68 
150 3074.14 
151 3011.22 
152 3010.42 
153 3172.98 
154 3209.00 
155 3079.22 
156 3034.23 
157 3070.01 
158 3093.33 
159 3016.56 
160 3126.67 
161 3032.32 
162 2997.62 
163 3093.37 
164 3083.66 
165 2960.63 
166 3092.54 
167 3008.24 
168 3146.01 
169 3021.76 
170 2996.26 
171 2976.88 
172 3165.01 
173 2877.75 
174 3109.84 
175 3075.76 
176 3118.20 
177 3023.34 
178 3106.11 
179 3068.74 
180 3050.56 
181 3171.91 
182 3011.18 
183 3135.04 
184 3036.95 
185 3086.54 
186 3022.77 
187 3139.12 
188 3055.92 
189 2996.86 
190 3077.30 
191 3046.22 
192 2921.95 
193 3081.62 
194 3080.53 
195 3191.29 
196 3007.09 
197 3133.21 
198 3069.58 
199 3128.38 
200 3055.73 
201 3103.51 
202 3083.45 
203 3118.16 
204 3068.79 
205 2904.39 
206 3188.99 
207 3037.09 
208 3110.03 
209 2937.76 
210 3223.70 
211 3027.08 
212 3072.50 
213 3096.14 
214 3104.16 
215 3080.03 
216 3102.58 
217 406.19 
218 3119.79 
219 3063.71 
220 3137.77 
221 3123.59 
222 3058.50 
223 3036.85 
224 3004.91 
225 3095.15 
226 3140.32 
227 3020.51 
228 3110.93 
229 3035.09 
230 3113.01 
231 3093.40 
232 3116.67 
233 3069.34 
234 3076.38 
235 3025.31 
236 3176.93 
237 3068.74 
238 3086.57 
239 3061.67 
240 3049.19 
241 3105.36 
242 3074.33 
243 3245.20 
244 3076.80 
245 3010.27 
246 3057.22 
247 3094.55 
248 3119.37 
249 3089.72 
250 2857.15 
251 3024.97 
252 3054.31 
253 3052.94 
254 3027.24 
255 2988.97 
256 2963.69 
257 3086.43 
258 3138.29 
259 3029.02 
260 2978.83 
261 3136.88 
262 3149.89 
263 3112.79 
264 3157.16 
265 3023.57 
266 3018.33 
267 3079.33 
268 3085.35 
269 3007.17 
270 3052.52 
271 3044.79 
272 3073.68 
273 3091.10 
274 3132.26 
275 3167.10 
276 2989.75 
277 2969.81 
278 3111.52 
279 3132.70 
280 3035.93 
281 3075.79 
282 3072.96 
283 3150.94 
284 3114.02 
285 3106.18 
286 3142.95 
287 3037.33 
288 3056.77 
289 3082.61 
290 2936.78 
291 3067.69 
292 3097.09 
293 3096.66 
294 2997.81 
295 2180.46 
296 3055.58 
297 3176.94 
298 3091.40 
299 3109.78 
300 3163.05 
301 3116.28 
302 3097.84 
303 2973.97 
304 3173.18 
305 3013.29 
306 3176.06 
307 2995.71 
308 3034.42 
309 3142.74 
310 3209.19 
311 2867.59 
312 2987.70 
313 3007.16 
314 3102.09 
315 3097.23 
316 3070.45 
317 2916.17 
318 3050.34 
319 3154.28 
320 3243.52 
321 3041.25 
322 3173.93 
323 3049.31 
324 3059.84 
325 3130.46 
326 3043.07 
327 3053.71 
328 3202.05 
329 662.54 
330 3133.76 
331 3089.88 
332 3158.06 
333 3151.43 
334 3154.08 
335 3074.49 
336 3034.47 
337 3197.81 
338 3035.90 
339 3039.53 
340 3050.24 
341 3142.39 
342 3184.06 
343 3103.71 
344 3047.02 
345 3134.62 
346 3096.52 
347 3094.37 
348 3049.78 
349 3064.95 
350 3140.20 
351 3123.60 
352 459.27 
353 3139.19 
354 3132.02 
355 2961.64 
356 3066.84 
357 3135.11 
358 3069.73 
359 3059.98 
360 2998.11 
361 3143.18 
362 2988.73 
363 3136.26 
364 2934.10 
365 3065.26 
366 3064.79 
367 3118.36 
368 3019.65 
369 3196.90 
370 3033.17 
371 3073.50 
372 3146.19 
373 3075.82 
374 3144.21 
375 2955.49 
376 3015.04 
377 3091.81 
378 3055.68 
379 3052.42 
380 3059.33 
381 3039.14 
382 3162.63 
383 3147.23 
384 3042.45 
385 3005.04 
386 3140.79 
387 3085.21 
388 3040.48 
389 3091.66 
390 3104.18 
391 2928.71 
392 3025.89 
393 3066.46 
394 3082.81 
395 3082.04 
396 3047.11 
397 2999.36 
398 2986.09 
399 3095.18 
400 3053.03 
401 2989.04 
402 3092.41 
403 3095.56 
404 3167.75 
405 3104.29 
406 2989.26 
407 3150.52 
408 3091.00 
409 3020.41 
410 3026.22 
411 2989.90 
412 2965.52 
413 3051.61 
414 3022.84 
415 3066.36 
416 2984.49 
417 3159.05 
418 2929.50 
419 2936.57 
420 3226.91 
421 3061.44 
422 3130.25 
423 3015.59 
424 3088.67 
425 3198.21 
426 3154.06 
427 3100.38 
428 2946.01 
429 3168.59 
430 3133.62 
431 3061.78 
432 1526.46 
433 3079.99 
434 3154.37 
435 3126.52 
436 3114.72 
437 3050.71 
438 3075.36 
439 3137.71 
440 3116.60 
441 3177.17 
442 3135.32 
443 3213.05 
444 3061.75 
445 3022.78 
446 3007.89 
447 3060.77 
448 3160.21 
449 3089.56 
450 3079.62 
451 3109.20 
452 3112.17 
453 3109.64 
454 3145.73 
455 2982.79 
456 3069.10 
457 3167.60 
458 3118.32 
459 3050.21 
460 3049.50 
461 2905.02 
462 2935.67 
463 3135.02 
464 3049.74 
465 1186.86 
466 3050.53 
467 3127.07 
468 3025.87 
469 3150.79 
470 3008.04 
471 3023.20 
472 2995.74 
473 3137.61 
474 3075.81 
475 3108.79 
476 3125.51 
477 3065.69 
478 3137.79 
479 3132.23 
480 3036.42 
481 2979.37 
482 3050.54 
483 3171.70 
484 3199.91 
485 3027.94 
486 3029.73 
487 3087.56 
488 658.96 
489 2996.79 
490 3175.17 
491 3132.84 
492 3192.41 
493 3070.15 
494 3002.45 
495 3110.41 
496 3081.83 
497 3029.30 
498 3037.56 
499 3134.17 
500 3071.67 
501 3108.31 
502 3101.07 
503 3154.90 
504 3034.31 
505 3094.53 
506 2927.25 
507 3050.21 
508 2998.06 
509 3132.65 
510 3092.25 
511 3050.91 
512 3076.64 
513 3200.61 
514 3117.29 
515 3125.78 
516 3176.75 
517 3073.67 
518 3039.17 
519 3014.60 
520 3070.88 
521 3022.48 
522 2959.59 
523 3111.94 
524 3204.86 
525 3069.39 
526 3110.96 
527 3003.04 
528 3123.61 
529 3155.98 
530 3011.52 
531 3160.57 
532 3163.86 
533 3078.30 
534 3052.32 
535 3041.28 
536 3089.89 
537 3170.87 
538 3080.54 
539 3073.21 
540 3006.88 
541 3095.11 
542 3067.78 
543 3109.32 
544 3135.70 
545 3043.25 
546 3008.92 
547 3083.58 
548 3037.74 
549 3023.67 
550 3070.69 
551 3038.69 
552 2930.06 
553 3094.42 
554 3184.47 
555 3066.77 
556 3156.12 
557 3039.09 
558 3107.49 
559 3020.93 
560 3183.57 
561 3166.01 
562 3099.20 
563 3030.22 
564 3135.20 
565 2516.75 
566 3022.58 
567 3108.53 
568 3040.61 
569 3131.75 
570 3123.64 
571 3054.84 
572 3050.90 
573 3038.21 
574 3169.61 
575 3028.19 
576 3092.67 
577 3170.28 
578 3092.14 
579 3004.95 
580 3133.21 
581 2913.79 
582 2999.67 
583 3122.49 
584 3020.00 
585 3133.67 
586 3048.66 
587 3014.81 
588 3051.38 
589 2985.77 
590 3100.73 
591 3097.69 
592 3222.03 
593 3047.01 
594 3132.46 
595 3094.89 
596 3058.65 
597 3017.02 
598 3097.98 
599 3067.63 
600 3093.73 
601 3134.14 
602 3090.59 
603 3113.01 
604 3169.84 
605 3098.97 
606 3097.56 
607 3040.16 
608 3134.99 
609 3060.57 
610 3087.67 
611 3131.83 
612 2983.73 
613 2944.67 
614 3095.60 
615 3147.69 
616 3012.93 
617 3055.77 
618 2967.22 
619 3111.40 
620 2972.66 
621 3185.24 
622 3127.69 
623 3114.81 
624 3158.58 
625 2983.81 
626 2904.33 
627 3024.05 
628 3021.09 
629 3006.59 
630 3192.16 
631 3012.29 
632 3145.92 
633 2975.16 
634 3220.86 
635 3065.29 
636 3128.84 
637 2983.71 
638 3119.24 
639 2859.73 
640 3067.74 
641 3118.24 
642 3121.37 
643 3137.13 
644 3053.29 
645 3022.56 
646 3053.42 
647 3063.79 
648 1096.31 
649 3114.69 
650 3060.81 
651 3170.75 
652 3151.55 
653 3163.90 
654 3110.52 
655 3091.63 
656 3070.57 
657 3157.32 
658 2923.09 
659 3048.91 
660 3077.53 
661 3079.37 
662 3081.72 
663 3082.99 
664 3092.21 
665 3077.96 
666 3075.68 
667 3003.75 
668 3201.30 
669 2942.27 
670 3141.44 
671 3026.09 
672 3148.35 
673 3109.20 
674 3151.32 
675 3067.11 
676 3076.59 
677 3136.77 
678 3205.84 
679 3123.80 
680 3133.05 
681 3060.07 
682 3119.30 
683 2991.36 
684 3173.86 
685 3136.82 
686 3051.43 
687 3127.76 
688 3029.45 
689 1373.45 
690 3223.82 
691 2972.08 
692 3072.26 
693 3070.52 
694 3082.43 
695 3078.29 
696 3104.40 
697 3092.83 
698 3153.79 
699 3091.85 
700 3055.10 
701 3055.13 
702 3113.08 
703 3064.36 
704 3132.64 
705 3130.18 
706 3021.82 
707 3085.39 
708 2984.15 
709 3025.37 
710 3153.39 
711 3041.52 
712 3038.61 
713 2994.83 
714 3060.71 
715 2982.85 
716 2976.44 
717 3081.31 
718 3024.23 
719 3082.55 
720 3010.45 
721 3050.95 
722 3086.69 
723 2999.72 
724 2962.68 
725 3160.67 
726 3055.86 
727 3073.49 
728 3029.03 
729 3182.02 
730 3077.45 
731 2992.45 
732 3273.72 
733 3091.48 
734 3154.84 
735 3146.49 
736 3044.70 
737 3132.17 
738 3168.59 
739 2945.35 
740 2996.63 
741 3050.68 
742 3139.22 
743 3084.62 
744 3054.08 
745 3130.71 
746 3102.46 
747 3061.58 
748 3211.58 
749 2976.67 
750 3048.63 
751 3085.58 
752 3146.42 
753 3002.69 
754 3013.48 
755 3196.56 
756 2952.56 
757 3099.59 
758 3103.42 
759 3037.23 
760 3057.59 
761 3176.59 
762 3251.00 
763 3073.10 
764 2999.32 
765 3065.54 
766 3153.22 
767 3165.22 
768 3097.63 
769 2910.36 
770 3115.85 
771 3104.41 
772 3111.28 
773 3135.98 
774 3121.76 
775 3103.53 
776 3014.88 
777 3137.01 
778 3096.69 
779 3185.03 
780 3038.37 
781 2945.32 
782 3068.04 
783 3103.47 
784 3229.67 
785 3195.21 
786 3098.82 
787 3088.41 
788 3143.08 
789 3131.53 
790 3175.47 
791 3194.34 
792 3071.88 
793 3072.80 
794 3067.18 
795 3076.93 
796 3062.35 
797 3060.75 
798 3000.35 
799 2945.56 
800 3069.95 
801 3093.44 
802 3033.08 
803 3133.60 
804 3196.45 
805 3107.82 
806 2910.16 
807 3077.27 
808 3115.26 
809 3122.83 
810 3227.22 
811 3172.50 
812 3156.41 
813 3101.79 
814 3115.90 
815 3079.39 
816 3196.21 
817 3200.02 
818 3175.24 
819 3036.55 
820 3034.63 
821 3102.86 
822 3084.14 
823 3081.14 
824 3027.40 
825 3140.62 
826 2973.48 
827 3169.07 
828 3118.76 
829 3026.30 
830 3139.14 
831 3065.04 
832 3215.17 
833 3103.98 
834 3159.57 
835 3086.86 
836 3005.36 
837 3102.84 
838 3204.45 
839 3144.52 
840 3030.37 
841 3100.37 
842 3223.16 
843 3102.89 
844 3070.92 
845 3020.88 
846 3132.79 
847 3200.19 
848 3094.33 
849 3082.60 
850 3108.99 
851 3129.10 
852 3106.60 
853 3219.74 
854 2982.98 
855 3070.32 
856 3049.73 
857 3139.34 
858 3053.85 
859 3086.67 
860 3054.50 
861 3162.63 
862 3170.06 
863 3111.08 
864 3083.74 
865 3141.62 
866 3018.55 
867 3009.59 
868 2944.08 
869 3032.05 
870 3193.58 
871 3202.07 
872 2984.87 
873 3065.62 
874 3077.70 
875 3117.80 
876 3108.59 
877 3152.79 
878 3056.98 
879 3173.61 
880 3023.71 
881 3044.82 
882 3078.11 
883 3161.23 
884 2979.15 
885 2913.55 
886 3178.06 
887 3128.41 
888 3088.55 
889 3112.45 
890 3126.68 
891 3034.74 
892 3037.59 
893 3177.79 
894 3077.57 
895 3121.34 
896 3027.45 
897 3087.41 
898 3117.70 
899 3042.68 
900 3122.01 
901 2929.34 
902 3053.42 
903 3028.03 
904 3141.32 
905 3073.17 
906 3101.90 
907 3084.99 
908 3099.10 
909 3123.47 
910 2993.30 
911 3147.59 
912 3136.59 
913 3065.60 
914 3093.84 
915 3039.40 
916 3080.93 
917 3126.61 
918 2982.66 
919 3211.90 
920 3164.25 
921 2958.31 
922 3103.30 
923 3065.51 
924 2953.06 
925 2992.22 
926 3096.12 
927 3069.23 
928 3117.44 
929 2972.91 
930 3112.56 
931 1915.02 
932 2964.84 
933 3064.99 
934 3163.50 
935 3060.02 
936 3121.19 
937 3184.80 
938 3099.39 
939 2982.18 
940 3149.19 
941 3047.01 
942 3052.06 
943 3026.49 
944 3188.47 
945 3110.00 
946 3071.76 
947 3119.71 
948 3070.33 
949 3157.92 
950 3075.39 
951 3042.64 
952 3030.51 
953 3081.29 
954 3070.37 
955 3106.42 
956 3039.44 
957 3032.88 
958 3186.28 
959 3072.94 
960 3025.82 
961 3204.30 
962 3141.49 
963 3006.96 
964 2975.39 
965 3048.96 
966 3124.44 
967 3076.09 
968 3120.95 
969 3060.21 
970 3076.93 
971 3055.67 
972 3043.63 
973 3142.19 
974 3015.77 
975 3143.70 
976 2969.90 
977 2998.95 
978 3119.05 
979 2904.71 
980 2923.32 
981 3125.88 
982 3020.74 
983 3154.24 
984 3085.66 
985 3122.91 
986 3090.63 
987 3157.95 
988 3069.64 
989 3201.00 
990 3029.38 
991 3148.07 
992 3149.93 
993 3081.27 
994 3095.97 
995 3050.41 
996 2985.65 
997 3145.82 
998 3145.09 
999 3129.29 
1000 3052.96 
1001 3181.34 
1002 3132.67 
1003 3116.50 
1004 2994.36 
1005 3066.60 
1006 3104.27 
1007 3135.09 
1008 2989.62 
1009 3113.76 
1010 3156.29 
1011 2997.92 
1012 3105.34 
1013 3044.74 
1014 3063.71 
1015 3055.49 
1016 3087.71 
1017 3115.25 
1018 3082.59 
