Seed 6:
0 -500.00 
1 -500.00 
2 -500.00 
3 -470.00 
4 -83.00 
5 -80.00 
6 -117.00 
7 -96.00 
8 -84.00 
9 -113.00 
10 -90.00 
11 -500.00 
12 -192.00 
13 -94.00 
14 -103.00 
15 -89.00 
16 -89.00 
17 -71.00 
18 -89.00 
19 -89.00 
20 -107.00 
21 -72.00 
22 -73.00 
23 -73.00 
24 -71.00 
25 -89.00 
26 -72.00 
27 -73.00 
28 -65.00 
29 -90.00 
30 -93.00 
31 -79.00 
32 -500.00 
33 -71.00 
34 -90.00 
35 -82.00 
36 -76.00 
37 -71.00 
38 -96.00 
39 -72.00 
40 -73.00 
41 -85.00 
42 -85.00 
43 -79.00 
44 -91.00 
45 -84.00 
46 -79.00 
47 -78.00 
48 -76.00 
49 -74.00 
50 -74.00 
51 -78.00 
52 -79.00 
53 -73.00 
54 -77.00 
55 -78.00 
56 -72.00 
57 -77.00 
58 -94.00 
59 -99.00 
60 -75.00 
61 -93.00 
62 -72.00 
63 -90.00 
64 -90.00 
65 -71.00 
66 -76.00 
67 -78.00 
68 -77.00 
69 -92.00 
70 -73.00 
71 -65.00 
72 -85.00 
73 -172.00 
74 -72.00 
75 -79.00 
76 -91.00 
77 -77.00 
78 -74.00 
79 -94.00 
80 -89.00 
81 -73.00 
82 -73.00 
83 -78.00 
84 -74.00 
85 -119.00 
86 -90.00 
87 -90.00 
88 -72.00 
89 -120.00 
90 -71.00 
91 -93.00 
92 -72.00 
93 -78.00 
94 -115.00 
95 -64.00 
96 -84.00 
97 -111.00 
98 -65.00 
99 -72.00 
100 -95.00 
101 -77.00 
102 -72.00 
103 -73.00 
104 -64.00 
105 -79.00 
106 -84.00 
107 -64.00 
108 -85.00 
109 -73.00 
110 -76.00 
111 -85.00 
112 -64.00 
113 -85.00 
114 -72.00 
115 -76.00 
116 -71.00 
117 -72.00 
118 -91.00 
119 -96.00 
120 -73.00 
121 -77.00 
122 -72.00 
123 -72.00 
124 -75.00 
125 -73.00 
126 -72.00 
127 -72.00 
128 -89.00 
129 -91.00 
130 -64.00 
131 -94.00 
132 -72.00 
133 -93.00 
134 -66.00 
135 -78.00 
136 -91.00 
137 -72.00 
138 -80.00 
139 -75.00 
140 -96.00 
141 -72.00 
142 -78.00 
143 -64.00 
144 -101.00 
145 -80.00 
146 -76.00 
147 -72.00 
148 -93.00 
149 -72.00 
150 -72.00 
151 -73.00 
152 -95.00 
153 -73.00 
154 -85.00 
155 -64.00 
156 -65.00 
157 -80.00 
158 -72.00 
159 -151.00 
160 -73.00 
161 -72.00 
162 -74.00 
163 -64.00 
164 -72.00 
165 -72.00 
166 -76.00 
167 -72.00 
168 -73.00 
169 -88.00 
170 -71.00 
171 -72.00 
172 -72.00 
173 -153.00 
174 -70.00 
175 -65.00 
176 -75.00 
177 -72.00 
178 -78.00 
179 -73.00 
180 -76.00 
181 -79.00 
182 -73.00 
183 -98.00 
184 -102.00 
185 -64.00 
186 -72.00 
187 -78.00 
188 -73.00 
189 -79.00 
190 -96.00 
191 -77.00 
192 -65.00 
193 -76.00 
194 -64.00 
195 -70.00 
196 -65.00 
197 -73.00 
198 -73.00 
199 -97.00 
200 -64.00 
201 -73.00 
202 -76.00 
203 -65.00 
204 -72.00 
205 -93.00 
206 -90.00 
207 -73.00 
208 -195.00 
209 -72.00 
210 -72.00 
211 -65.00 
212 -75.00 
213 -87.00 
214 -65.00 
215 -72.00 
216 -73.00 
217 -74.00 
218 -76.00 
219 -73.00 
220 -89.00 
221 -73.00 
222 -88.00 
223 -73.00 
224 -94.00 
225 -93.00 
226 -73.00 
227 -72.00 
228 -73.00 
229 -84.00 
230 -164.00 
231 -70.00 
232 -72.00 
233 -65.00 
234 -67.00 
235 -82.00 
236 -64.00 
237 -73.00 
238 -65.00 
239 -72.00 
240 -71.00 
241 -89.00 
242 -74.00 
243 -89.00 
244 -66.00 
245 -66.00 
246 -85.00 
247 -96.00 
248 -65.00 
249 -112.00 
250 -73.00 
251 -89.00 
252 -73.00 
253 -84.00 
254 -72.00 
255 -65.00 
256 -74.00 
257 -73.00 
258 -73.00 
259 -72.00 
260 -91.00 
261 -73.00 
262 -76.00 
263 -87.00 
264 -93.00 
265 -73.00 
266 -91.00 
267 -72.00 
268 -73.00 
269 -84.00 
270 -72.00 
271 -74.00 
272 -72.00 
273 -103.00 
274 -71.00 
275 -73.00 
276 -76.00 
277 -96.00 
278 -73.00 
279 -65.00 
280 -87.00 
281 -72.00 
282 -73.00 
283 -73.00 
284 -148.00 
285 -72.00 
286 -67.00 
287 -93.00 
288 -128.00 
289 -74.00 
290 -87.00 
291 -90.00 
292 -73.00 
293 -75.00 
294 -87.00 
295 -64.00 
296 -64.00 
297 -95.00 
298 -65.00 
299 -64.00 
300 -89.00 
301 -74.00 
302 -73.00 
303 -64.00 
304 -64.00 
305 -72.00 
306 -72.00 
307 -82.00 
308 -64.00 
309 -75.00 
310 -73.00 
311 -78.00 
312 -65.00 
313 -74.00 
314 -78.00 
315 -65.00 
316 -76.00 
317 -73.00 
318 -72.00 
319 -128.00 
320 -76.00 
321 -64.00 
322 -100.00 
323 -65.00 
324 -72.00 
325 -73.00 
326 -90.00 
327 -73.00 
328 -79.00 
329 -78.00 
330 -90.00 
331 -73.00 
332 -73.00 
333 -73.00 
334 -73.00 
335 -97.00 
336 -90.00 
337 -73.00 
338 -74.00 
339 -77.00 
340 -65.00 
341 -65.00 
342 -73.00 
343 -73.00 
344 -91.00 
345 -86.00 
346 -73.00 
347 -131.00 
348 -66.00 
349 -105.00 
350 -65.00 
351 -74.00 
352 -72.00 
353 -73.00 
354 -87.00 
355 -72.00 
356 -73.00 
357 -91.00 
358 -92.00 
359 -64.00 
360 -64.00 
361 -85.00 
362 -65.00 
363 -87.00 
364 -89.00 
365 -74.00 
366 -72.00 
367 -86.00 
368 -95.00 
369 -89.00 
370 -86.00 
371 -73.00 
372 -78.00 
373 -138.00 
374 -202.00 
375 -73.00 
376 -104.00 
377 -74.00 
378 -74.00 
379 -78.00 
380 -98.00 
381 -87.00 
382 -74.00 
383 -64.00 
384 -95.00 
385 -65.00 
386 -94.00 
387 -94.00 
388 -70.00 
389 -73.00 
390 -93.00 
391 -73.00 
392 -64.00 
393 -66.00 
394 -118.00 
395 -73.00 
396 -74.00 
397 -64.00 
398 -72.00 
399 -64.00 
400 -95.00 
401 -65.00 
402 -88.00 
403 -73.00 
404 -89.00 
405 -101.00 
406 -73.00 
407 -77.00 
408 -91.00 
409 -64.00 
410 -64.00 
411 -89.00 
412 -84.00 
413 -86.00 
414 -84.00 
415 -64.00 
416 -71.00 
417 -72.00 
418 -65.00 
419 -89.00 
420 -72.00 
421 -105.00 
422 -76.00 
423 -90.00 
424 -92.00 
425 -78.00 
426 -80.00 
427 -65.00 
428 -74.00 
429 -81.00 
430 -93.00 
431 -88.00 
432 -76.00 
433 -72.00 
434 -73.00 
435 -76.00 
436 -64.00 
437 -70.00 
438 -83.00 
439 -83.00 
440 -65.00 
441 -79.00 
442 -84.00 
443 -93.00 
444 -64.00 
445 -91.00 
446 -154.00 
447 -65.00 
448 -74.00 
449 -69.00 
450 -71.00 
451 -72.00 
452 -73.00 
453 -136.00 
454 -72.00 
455 -73.00 
456 -89.00 
457 -65.00 
458 -204.00 
459 -72.00 
460 -75.00 
461 -73.00 
462 -65.00 
463 -73.00 
464 -75.00 
465 -76.00 
466 -89.00 
467 -74.00 
468 -73.00 
469 -65.00 
470 -87.00 
471 -71.00 
472 -84.00 
473 -73.00 
474 -90.00 
475 -72.00 
476 -86.00 
477 -73.00 
478 -194.00 
479 -97.00 
480 -77.00 
481 -76.00 
482 -106.00 
483 -65.00 
484 -73.00 
485 -73.00 
486 -74.00 
487 -79.00 
488 -75.00 
489 -65.00 
490 -65.00 
491 -73.00 
492 -72.00 
493 -90.00 
494 -87.00 
495 -79.00 
496 -76.00 
497 -72.00 
498 -108.00 
499 -72.00 
500 -96.00 
