Seed 4:
0 -500.00 
1 -500.00 
2 -500.00 
3 -500.00 
4 -500.00 
5 -500.00 
6 -206.00 
7 -77.00 
8 -90.00 
9 -90.00 
10 -70.00 
11 -82.00 
12 -94.00 
13 -96.00 
14 -79.00 
15 -74.00 
16 -65.00 
17 -73.00 
18 -115.00 
19 -75.00 
20 -102.00 
21 -75.00 
22 -91.00 
23 -85.00 
24 -75.00 
25 -89.00 
26 -84.00 
27 -104.00 
28 -73.00 
29 -82.00 
30 -72.00 
31 -73.00 
32 -89.00 
33 -70.00 
34 -85.00 
35 -78.00 
36 -99.00 
37 -73.00 
38 -94.00 
39 -64.00 
40 -72.00 
41 -71.00 
42 -147.00 
43 -99.00 
44 -81.00 
45 -92.00 
46 -64.00 
47 -73.00 
48 -71.00 
49 -92.00 
50 -72.00 
51 -72.00 
52 -64.00 
53 -222.00 
54 -76.00 
55 -73.00 
56 -89.00 
57 -77.00 
58 -74.00 
59 -72.00 
60 -73.00 
61 -73.00 
62 -76.00 
63 -77.00 
64 -73.00 
65 -94.00 
66 -99.00 
67 -94.00 
68 -89.00 
69 -74.00 
70 -78.00 
71 -74.00 
72 -90.00 
73 -82.00 
74 -94.00 
75 -72.00 
76 -78.00 
77 -72.00 
78 -73.00 
79 -88.00 
80 -188.00 
81 -72.00 
82 -90.00 
83 -64.00 
84 -72.00 
85 -78.00 
86 -73.00 
87 -79.00 
88 -86.00 
89 -117.00 
90 -73.00 
91 -97.00 
92 -72.00 
93 -73.00 
94 -65.00 
95 -72.00 
96 -71.00 
97 -78.00 
98 -83.00 
99 -74.00 
100 -76.00 
101 -77.00 
102 -64.00 
103 -102.00 
104 -78.00 
105 -96.00 
106 -73.00 
107 -73.00 
108 -83.00 
109 -94.00 
110 -72.00 
111 -72.00 
112 -83.00 
113 -78.00 
114 -90.00 
115 -82.00 
116 -72.00 
117 -72.00 
118 -75.00 
119 -65.00 
120 -78.00 
121 -90.00 
122 -95.00 
123 -66.00 
124 -73.00 
125 -65.00 
126 -73.00 
127 -73.00 
128 -89.00 
129 -72.00 
130 -78.00 
131 -70.00 
132 -87.00 
133 -73.00 
134 -96.00 
135 -87.00 
136 -77.00 
137 -72.00 
138 -76.00 
139 -72.00 
140 -73.00 
141 -73.00 
142 -73.00 
143 -84.00 
144 -82.00 
145 -73.00 
146 -73.00 
147 -76.00 
148 -85.00 
149 -65.00 
150 -100.00 
151 -73.00 
152 -76.00 
153 -73.00 
154 -79.00 
155 -93.00 
156 -74.00 
157 -74.00 
158 -72.00 
159 -71.00 
160 -72.00 
161 -73.00 
162 -110.00 
163 -81.00 
164 -91.00 
165 -73.00 
166 -82.00 
167 -88.00 
168 -95.00 
169 -87.00 
170 -72.00 
171 -73.00 
172 -74.00 
173 -96.00 
174 -94.00 
175 -73.00 
176 -94.00 
177 -76.00 
178 -71.00 
179 -79.00 
180 -74.00 
181 -72.00 
182 -73.00 
183 -75.00 
184 -65.00 
185 -71.00 
186 -126.00 
187 -81.00 
188 -76.00 
189 -84.00 
190 -89.00 
191 -87.00 
192 -76.00 
193 -64.00 
194 -82.00 
195 -73.00 
196 -72.00 
197 -210.00 
198 -73.00 
199 -81.00 
200 -72.00 
201 -80.00 
202 -79.00 
203 -72.00 
204 -151.00 
205 -73.00 
206 -73.00 
207 -78.00 
208 -72.00 
209 -73.00 
210 -90.00 
211 -73.00 
212 -74.00 
213 -64.00 
214 -71.00 
215 -78.00 
216 -79.00 
217 -79.00 
218 -87.00 
219 -65.00 
220 -88.00 
221 -209.00 
222 -92.00 
223 -83.00 
224 -73.00 
225 -71.00 
226 -65.00 
227 -78.00 
228 -73.00 
229 -94.00 
230 -84.00 
231 -93.00 
232 -72.00 
233 -65.00 
234 -72.00 
235 -73.00 
236 -94.00 
237 -64.00 
238 -85.00 
239 -78.00 
240 -87.00 
241 -96.00 
242 -87.00 
243 -99.00 
244 -74.00 
245 -73.00 
246 -88.00 
247 -73.00 
248 -98.00 
249 -94.00 
250 -148.00 
251 -89.00 
252 -90.00 
253 -81.00 
254 -93.00 
255 -73.00 
256 -73.00 
257 -71.00 
258 -89.00 
259 -65.00 
260 -64.00 
261 -71.00 
262 -79.00 
263 -65.00 
264 -72.00 
265 -73.00 
266 -73.00 
267 -140.00 
268 -65.00 
269 -65.00 
270 -65.00 
271 -78.00 
272 -72.00 
273 -74.00 
274 -92.00 
275 -73.00 
276 -93.00 
277 -72.00 
278 -92.00 
279 -87.00 
280 -72.00 
281 -90.00 
282 -91.00 
283 -84.00 
284 -72.00 
285 -226.00 
286 -64.00 
287 -78.00 
288 -88.00 
289 -72.00 
290 -64.00 
291 -73.00 
292 -80.00 
293 -73.00 
294 -73.00 
295 -72.00 
296 -65.00 
297 -65.00 
298 -76.00 
299 -79.00 
300 -73.00 
301 -79.00 
302 -78.00 
303 -92.00 
304 -90.00 
305 -66.00 
306 -184.00 
307 -73.00 
308 -73.00 
309 -72.00 
310 -73.00 
311 -79.00 
312 -65.00 
313 -75.00 
314 -74.00 
315 -124.00 
316 -64.00 
317 -74.00 
318 -72.00 
319 -65.00 
320 -64.00 
321 -64.00 
322 -65.00 
323 -95.00 
324 -72.00 
325 -74.00 
326 -86.00 
327 -83.00 
328 -72.00 
329 -76.00 
330 -64.00 
331 -64.00 
332 -73.00 
333 -105.00 
334 -66.00 
335 -80.00 
336 -78.00 
337 -93.00 
338 -81.00 
339 -78.00 
340 -72.00 
341 -65.00 
342 -78.00 
343 -65.00 
344 -89.00 
345 -64.00 
346 -77.00 
347 -88.00 
348 -65.00 
349 -64.00 
350 -72.00 
351 -65.00 
352 -77.00 
353 -64.00 
354 -76.00 
355 -93.00 
356 -73.00 
357 -94.00 
358 -88.00 
359 -72.00 
360 -74.00 
361 -78.00 
362 -72.00 
363 -90.00 
364 -81.00 
365 -75.00 
366 -76.00 
367 -94.00 
368 -74.00 
369 -71.00 
370 -95.00 
371 -64.00 
372 -107.00 
373 -64.00 
374 -73.00 
375 -64.00 
376 -76.00 
377 -73.00 
378 -118.00 
379 -86.00 
380 -83.00 
381 -82.00 
382 -74.00 
383 -175.00 
384 -91.00 
385 -65.00 
386 -84.00 
387 -74.00 
388 -73.00 
389 -86.00 
390 -64.00 
391 -64.00 
392 -64.00 
393 -81.00 
394 -79.00 
395 -66.00 
396 -65.00 
397 -94.00 
398 -77.00 
399 -67.00 
400 -73.00 
401 -65.00 
402 -74.00 
403 -77.00 
404 -73.00 
405 -73.00 
406 -73.00 
407 -73.00 
408 -72.00 
409 -84.00 
410 -66.00 
411 -72.00 
412 -73.00 
413 -101.00 
414 -84.00 
415 -222.00 
416 -89.00 
417 -71.00 
418 -97.00 
419 -81.00 
420 -75.00 
421 -89.00 
422 -74.00 
423 -72.00 
424 -65.00 
425 -64.00 
426 -64.00 
427 -77.00 
428 -77.00 
429 -80.00 
430 -72.00 
431 -157.00 
432 -74.00 
433 -76.00 
434 -73.00 
435 -71.00 
436 -87.00 
437 -74.00 
438 -73.00 
439 -163.00 
440 -72.00 
441 -95.00 
442 -64.00 
443 -77.00 
444 -72.00 
445 -94.00 
446 -74.00 
447 -93.00 
448 -72.00 
449 -74.00 
450 -73.00 
451 -93.00 
452 -98.00 
453 -72.00 
454 -74.00 
455 -156.00 
456 -87.00 
457 -83.00 
458 -89.00 
459 -72.00 
460 -91.00 
461 -88.00 
462 -89.00 
463 -77.00 
464 -108.00 
465 -65.00 
466 -73.00 
467 -181.00 
468 -81.00 
469 -73.00 
470 -73.00 
471 -65.00 
472 -80.00 
473 -65.00 
474 -91.00 
475 -97.00 
476 -94.00 
477 -86.00 
478 -72.00 
479 -65.00 
480 -64.00 
481 -87.00 
482 -72.00 
483 -65.00 
484 -79.00 
485 -72.00 
486 -65.00 
487 -72.00 
488 -86.00 
489 -65.00 
490 -77.00 
491 -98.00 
492 -115.00 
493 -64.00 
494 -82.00 
495 -65.00 
496 -64.00 
497 -96.00 
498 -106.00 
499 -97.00 
500 -65.00 
