Seed 0:
0 -272.12 
1 -256.98 
2 -469.57 
3 28.63 
4 -21.24 
5 -13.35 
6 6.29 
7 10.36 
8 2.41 
9 136.75 
10 118.40 
11 81.48 
12 -64.69 
13 28.09 
14 41.04 
15 81.33 
16 157.30 
17 100.36 
18 247.90 
19 496.64 
20 558.54 
21 783.85 
22 724.84 
23 524.16 
24 660.57 
25 777.32 
26 710.33 
27 817.21 
28 750.48 
29 844.69 
30 738.56 
31 956.83 
32 1096.80 
33 1223.23 
34 1298.88 
35 351.61 
36 1400.91 
37 1528.68 
38 1475.09 
39 1449.65 
40 692.76 
41 1052.46 
42 470.81 
43 1598.12 
44 1686.52 
45 1672.54 
46 1645.76 
47 1696.13 
48 1727.80 
49 1768.34 
50 1721.27 
51 1830.69 
52 1544.63 
53 1875.33 
54 1804.11 
55 1253.26 
56 2037.15 
57 1896.26 
58 1974.60 
59 1987.56 
60 2119.64 
61 2135.20 
62 2009.48 
63 2184.34 
64 2243.04 
65 2230.10 
66 77.46 
67 2494.31 
68 2446.94 
69 2411.98 
70 2549.49 
71 2497.76 
72 2554.09 
73 2510.05 
74 2497.11 
75 2626.26 
76 2561.13 
77 2452.17 
78 2698.62 
79 2565.66 
80 2529.89 
81 2491.76 
82 2648.84 
83 2548.76 
84 2728.88 
85 1573.93 
86 2456.34 
87 2620.97 
88 2653.08 
89 2658.57 
90 2646.22 
91 2750.77 
92 2672.86 
93 2593.51 
94 2690.26 
95 2640.38 
96 985.14 
97 2687.66 
98 2601.90 
99 2653.50 
100 2623.67 
101 2623.33 
102 2673.77 
103 2594.81 
104 2754.94 
105 2629.07 
106 2643.38 
107 2622.31 
108 2737.45 
109 2675.98 
110 2646.94 
111 2658.95 
112 2752.95 
113 2759.35 
114 2630.05 
115 2690.51 
116 2655.00 
117 2658.71 
118 2646.91 
119 2599.67 
120 2669.69 
121 2667.63 
122 2582.11 
123 2688.50 
124 2759.73 
125 2661.07 
126 2581.69 
127 2752.35 
128 2635.46 
129 2694.75 
130 2782.81 
131 2607.88 
132 2616.87 
133 2762.77 
134 2774.83 
135 2690.51 
136 2668.35 
137 2742.16 
138 2677.99 
139 2540.94 
140 2153.85 
141 2679.30 
142 2660.29 
143 2706.37 
144 2862.24 
145 2719.85 
146 2672.62 
147 2666.14 
148 2791.68 
149 2706.44 
150 1198.02 
151 2670.59 
152 2743.49 
153 2907.25 
154 2781.58 
155 2764.88 
156 2715.05 
157 2721.18 
158 2730.09 
159 2642.58 
160 2801.62 
161 2773.18 
162 2805.60 
163 2794.40 
164 2773.20 
165 2697.02 
166 2715.60 
167 2730.54 
168 636.61 
169 2681.43 
170 2749.41 
171 2794.96 
172 2583.62 
173 2717.90 
174 2663.53 
175 1198.51 
176 2702.00 
177 2711.04 
178 2749.47 
179 2664.14 
180 2650.10 
181 2802.87 
182 1289.52 
183 2644.47 
184 2630.38 
185 2793.59 
186 2693.29 
187 2734.02 
188 2766.40 
189 2765.58 
190 2771.05 
191 2680.54 
192 2797.66 
193 2691.61 
194 2731.49 
195 2647.39 
196 2707.33 
197 2724.09 
198 2588.91 
199 2807.46 
200 2549.18 
201 2803.66 
202 1126.94 
203 2772.89 
204 2718.05 
205 2738.52 
206 2592.13 
207 2647.20 
208 2650.41 
209 2681.13 
210 2808.78 
211 356.32 
212 2641.64 
213 2672.17 
214 2624.55 
215 2857.27 
216 2822.47 
217 2740.50 
218 2613.21 
219 2765.59 
220 2819.85 
221 1040.61 
222 2763.19 
223 163.59 
224 661.12 
225 2722.12 
226 2814.95 
227 2754.80 
228 2741.65 
229 2744.50 
230 2638.94 
231 2850.20 
232 2507.48 
233 2755.44 
234 2831.58 
235 2871.07 
236 2592.20 
237 2729.79 
238 2711.35 
239 2672.36 
240 2786.59 
241 2647.46 
242 2788.26 
243 2764.55 
244 2809.84 
245 2752.50 
246 2767.59 
247 2533.30 
248 2724.41 
249 2718.82 
250 2694.57 
251 2684.06 
252 2791.87 
253 2690.24 
254 2731.14 
255 2780.61 
256 2722.70 
257 2774.60 
258 2755.35 
259 2663.23 
260 2642.31 
261 2790.29 
262 2686.66 
263 2743.95 
264 2674.16 
265 2717.94 
266 2727.96 
267 2775.39 
268 2672.90 
269 2824.33 
270 2812.86 
271 2766.08 
272 2835.94 
273 2749.71 
274 2744.82 
275 2857.88 
276 2745.93 
277 2800.09 
278 1439.29 
279 2739.15 
280 2675.60 
281 2824.31 
282 2630.28 
283 2677.32 
284 2630.10 
285 2799.89 
286 2710.54 
287 2753.05 
288 2728.89 
289 2715.64 
290 2803.33 
291 2750.18 
292 2663.60 
293 2686.63 
294 2713.19 
295 2706.32 
296 2708.96 
297 2829.54 
298 2817.13 
299 2695.17 
300 2765.81 
301 2674.64 
302 2666.82 
303 2730.17 
304 2722.30 
305 2780.05 
306 2807.80 
307 2598.91 
308 2739.65 
309 2709.27 
310 2716.69 
311 2595.53 
312 2706.62 
313 2840.61 
314 2779.38 
315 2717.78 
316 2717.44 
317 2734.13 
318 2796.58 
319 2636.53 
320 2759.76 
321 2656.28 
322 2623.18 
323 2701.44 
324 2619.61 
325 2747.92 
326 2745.96 
327 2828.80 
328 2750.99 
329 2743.68 
330 2704.26 
331 2755.16 
332 2537.77 
333 2730.01 
334 2713.66 
335 2734.89 
336 2733.26 
337 2728.45 
338 2785.81 
339 2664.51 
340 2808.79 
341 2739.83 
342 2800.94 
343 2654.95 
344 2800.75 
345 2862.37 
346 2903.97 
347 2797.96 
348 2744.93 
349 2738.27 
350 1000.78 
351 2727.47 
352 2718.01 
353 2770.06 
354 2838.14 
355 2760.26 
356 2800.59 
357 2657.95 
358 2666.26 
359 2751.38 
360 2293.70 
361 2698.86 
362 2624.94 
363 2616.05 
364 2650.84 
365 2670.89 
366 206.42 
367 2693.08 
368 2750.23 
369 2075.99 
370 2677.89 
371 2738.03 
372 2700.46 
373 2693.78 
374 2791.97 
375 2793.61 
376 2747.10 
377 2700.91 
378 2753.81 
379 2430.05 
380 841.21 
381 2765.68 
382 2661.49 
383 2750.45 
384 2719.46 
385 2636.83 
386 2824.28 
387 2740.04 
388 2756.03 
389 2667.93 
390 2781.88 
391 2861.33 
392 2783.61 
393 2693.81 
394 2713.06 
395 2679.24 
396 2684.03 
397 2692.19 
398 2777.60 
399 2662.18 
400 2391.05 
401 2752.00 
402 2710.65 
403 2701.31 
404 2737.91 
405 2786.22 
406 2745.97 
407 2761.91 
408 2762.83 
409 2879.27 
410 2654.88 
411 2752.97 
412 2700.03 
413 2752.07 
414 2901.39 
415 2832.43 
416 2746.43 
417 2623.89 
418 2749.43 
419 1635.60 
420 2774.85 
421 2752.95 
422 2578.94 
423 2846.65 
424 2764.22 
425 2754.17 
426 2700.69 
427 2786.88 
428 2782.40 
429 2673.34 
430 2769.96 
431 2819.13 
432 2705.84 
433 2854.44 
434 2768.78 
435 2798.74 
436 2727.87 
437 2786.19 
438 2719.19 
439 2740.16 
440 2758.01 
441 2796.33 
442 2780.98 
443 2668.05 
444 2939.62 
445 2762.65 
446 2713.67 
447 2774.96 
448 2351.84 
449 2760.65 
450 2724.48 
451 2731.80 
452 2716.63 
453 2788.29 
454 2633.51 
455 2600.49 
456 1271.53 
457 2784.51 
458 2797.29 
459 2812.54 
460 2787.40 
461 2739.39 
462 2751.44 
463 2728.15 
464 2698.26 
465 2686.82 
466 2781.45 
467 2643.67 
468 2772.50 
469 2705.95 
470 2753.26 
471 2743.53 
472 2768.10 
473 2703.92 
474 2367.20 
475 2720.48 
476 2774.64 
477 2754.62 
478 2706.99 
479 2770.45 
480 2850.66 
481 2771.49 
482 2668.08 
483 2718.90 
484 2793.38 
485 2815.14 
486 2678.36 
487 2808.10 
488 2760.08 
489 2726.33 
490 2700.31 
491 2771.28 
492 2729.92 
493 2647.48 
494 2723.35 
495 2747.22 
496 2726.47 
497 2771.26 
498 2819.42 
499 2678.36 
500 2753.11 
501 2750.31 
502 469.91 
503 2770.20 
504 2657.94 
505 2693.51 
506 2778.24 
507 2754.76 
508 2753.52 
509 2816.47 
510 2799.89 
511 2870.36 
512 2654.76 
513 2722.25 
514 2830.94 
515 2822.60 
516 2645.13 
517 2738.26 
518 2788.22 
519 2563.58 
520 2838.23 
521 2791.86 
522 2829.32 
523 2724.58 
524 2632.96 
525 2845.18 
526 2854.06 
527 2803.82 
528 2728.87 
529 2723.84 
530 2736.10 
531 2793.56 
532 2794.55 
533 2865.85 
534 2697.75 
535 2755.19 
536 2752.07 
537 2798.32 
538 2751.55 
539 2688.75 
540 2780.20 
541 2768.02 
542 2707.61 
543 2866.79 
544 2818.49 
545 2745.70 
546 2824.78 
547 2815.20 
548 1384.21 
549 2676.57 
550 2724.70 
551 2794.95 
552 2757.17 
553 2847.23 
554 2842.52 
555 2649.43 
556 2832.76 
557 2694.74 
558 2775.32 
559 2830.02 
560 2790.36 
561 2836.75 
562 2839.60 
563 2673.66 
564 2741.78 
565 2808.68 
566 2755.50 
567 2704.28 
568 2721.09 
569 2663.32 
570 2665.88 
571 2685.43 
572 2709.08 
573 2815.84 
574 2741.00 
575 2849.25 
576 2766.54 
577 2907.31 
578 2815.89 
579 2779.46 
580 2741.94 
581 2732.46 
582 2775.88 
583 2722.63 
584 2734.49 
585 2639.99 
586 2891.91 
587 2708.12 
588 2740.49 
589 2611.31 
590 2772.75 
591 2848.55 
592 2825.04 
593 2846.56 
594 2743.10 
595 2704.11 
596 2810.11 
597 2733.29 
598 2759.64 
599 1479.55 
600 2768.79 
601 2701.12 
602 2841.54 
603 2802.95 
604 2840.07 
605 2671.26 
606 2680.25 
607 2754.77 
608 2790.38 
609 2703.87 
610 2767.42 
611 2820.80 
612 2785.68 
613 2758.92 
614 2736.56 
615 2713.71 
616 2814.30 
617 2847.22 
618 2782.54 
619 2811.16 
620 2754.65 
621 973.15 
622 2703.63 
623 2571.07 
624 2773.29 
625 2731.03 
626 746.66 
627 2647.58 
628 2726.03 
629 2780.84 
630 2740.57 
631 2742.16 
632 2685.60 
633 2798.88 
634 2346.68 
635 2823.42 
636 2813.62 
637 2798.26 
638 2827.64 
639 2638.33 
640 2707.98 
641 2701.13 
642 2799.14 
643 2892.48 
644 2685.66 
645 2720.49 
646 2821.52 
647 2707.55 
648 2862.73 
649 2813.48 
650 2841.10 
651 -37.69 
652 1688.93 
653 2749.79 
654 2805.07 
655 2828.13 
656 2736.45 
657 2853.62 
658 2825.46 
659 2751.00 
660 331.92 
661 2658.74 
662 2665.51 
663 2832.08 
664 1985.10 
665 2835.42 
666 2761.41 
667 523.38 
668 2688.17 
669 2678.43 
670 2663.02 
671 2690.36 
672 2784.41 
673 2848.66 
674 2697.65 
675 2872.36 
676 2701.12 
677 2546.26 
678 2691.51 
679 2680.41 
680 2739.44 
681 2773.89 
682 2791.37 
683 2706.78 
684 105.37 
685 2814.50 
686 2840.64 
687 2893.14 
688 2691.53 
689 2713.80 
690 2772.82 
691 2841.12 
692 2803.12 
693 2770.99 
694 2671.94 
695 2745.46 
696 2702.06 
697 2716.16 
698 2878.08 
699 2750.53 
700 2694.90 
701 2794.72 
702 1478.99 
703 2747.69 
704 2769.17 
705 2691.35 
706 2581.53 
707 2844.70 
708 2675.54 
709 2922.44 
710 2829.03 
711 2745.73 
712 2707.04 
713 2801.54 
714 2802.97 
715 2699.36 
716 2781.69 
717 2689.43 
718 2753.78 
719 2742.59 
720 1127.55 
721 2866.62 
722 2728.42 
723 2855.96 
724 2823.52 
725 2669.83 
726 2780.23 
727 2731.04 
728 2702.48 
729 2770.73 
730 2818.06 
731 2846.57 
732 2765.19 
733 2861.52 
734 2601.48 
735 2785.97 
736 2789.55 
737 585.20 
738 2809.10 
739 2712.69 
740 2778.39 
741 2142.20 
742 2776.56 
743 2766.14 
744 2689.41 
745 2836.70 
746 2838.94 
747 2899.08 
748 2866.36 
749 2894.64 
750 2836.38 
751 2901.74 
752 2771.33 
753 2833.60 
754 2835.39 
755 2876.26 
756 2768.99 
757 2827.65 
758 2783.59 
759 2777.47 
760 2844.09 
761 2857.66 
762 2631.02 
763 2713.84 
764 2846.46 
765 2777.04 
766 2823.83 
767 2729.06 
768 2770.48 
769 2824.57 
770 2775.39 
771 2656.53 
772 2718.23 
773 2629.86 
774 2758.97 
775 2777.75 
776 2763.10 
777 2395.86 
778 2834.01 
779 2794.62 
780 2759.81 
781 2709.14 
782 2787.03 
783 2762.68 
784 2722.60 
785 2689.81 
786 2837.84 
787 2725.20 
788 2719.23 
789 2882.60 
790 2885.48 
791 2737.57 
792 2744.28 
793 2793.73 
794 2866.11 
795 2891.78 
796 2764.78 
797 2758.38 
798 2752.79 
799 2818.93 
800 998.44 
801 2782.23 
802 2664.79 
803 2858.91 
804 2820.84 
805 2760.45 
806 2790.86 
807 2746.05 
808 2796.10 
809 2758.57 
810 2734.31 
811 2570.52 
812 2884.97 
813 2607.21 
814 2808.36 
815 2837.34 
816 2739.46 
817 2699.70 
818 2883.59 
819 2832.77 
820 2800.70 
821 2714.09 
822 2668.07 
823 2731.11 
824 2820.18 
825 1688.39 
826 2732.13 
827 2734.32 
828 2740.81 
829 2806.15 
830 2784.80 
831 2789.71 
832 2757.44 
833 2693.18 
834 2786.47 
835 2806.41 
836 2843.10 
837 2717.99 
838 2806.38 
839 2818.52 
840 2822.05 
841 2865.96 
842 2867.26 
843 2778.16 
844 2857.99 
845 2704.77 
846 2847.20 
847 2765.20 
848 2816.56 
849 2939.63 
850 2902.73 
851 2846.76 
852 2762.16 
853 2826.00 
854 2765.33 
855 2836.14 
856 2942.21 
857 2806.81 
858 2723.63 
859 2837.41 
860 2862.75 
861 2760.75 
862 2751.22 
863 2837.12 
864 2694.67 
865 2571.70 
866 2766.09 
867 2735.12 
868 2798.83 
869 2748.68 
870 2822.90 
871 2842.45 
872 2400.62 
873 2853.97 
874 2782.56 
875 2817.47 
876 2748.03 
877 2812.25 
878 2802.68 
879 2705.94 
880 2767.12 
881 2881.17 
882 2773.29 
883 2695.76 
884 2670.84 
885 2744.40 
886 2689.67 
887 2805.86 
888 2670.60 
889 2720.36 
890 2815.61 
891 2390.81 
892 2729.82 
893 2735.47 
894 2722.76 
895 2877.70 
896 2840.85 
897 2866.46 
898 2698.94 
899 2040.62 
900 2794.02 
901 1980.16 
902 757.25 
903 2803.25 
904 2834.66 
905 2816.12 
906 2835.36 
907 341.02 
908 2907.94 
909 2854.97 
910 2790.61 
911 2755.17 
912 689.05 
913 2722.15 
914 2804.61 
915 2715.17 
916 2758.71 
917 2947.24 
918 1474.04 
919 2630.81 
920 2864.50 
921 2898.24 
922 2750.74 
923 2738.77 
924 2792.01 
925 2767.79 
926 2882.52 
927 1502.10 
928 2807.59 
929 2749.34 
930 740.04 
931 2716.00 
932 2786.68 
933 2724.82 
934 2764.15 
935 2731.61 
936 2801.40 
937 2767.17 
938 2755.05 
939 2841.61 
940 2888.82 
941 2781.26 
942 2791.64 
943 2860.34 
944 2728.44 
945 2833.25 
946 2849.57 
947 2644.86 
948 2734.93 
949 2782.66 
950 2626.35 
951 2853.86 
952 2724.84 
953 2144.95 
954 2766.33 
955 2713.84 
956 2772.14 
957 2866.93 
958 2731.03 
959 2798.64 
960 2797.20 
961 2752.78 
962 2807.02 
963 2753.17 
964 155.32 
965 2840.83 
966 2806.54 
967 2802.01 
968 2739.05 
969 2864.61 
970 2831.74 
971 2775.21 
972 2831.85 
973 2830.23 
974 2713.49 
975 2850.39 
976 1693.59 
977 2853.38 
978 2688.49 
979 2794.34 
980 2886.73 
981 2703.40 
982 2836.26 
983 2805.85 
984 2835.06 
985 2865.68 
986 2745.33 
987 2740.43 
988 -44.21 
989 2830.07 
990 2696.91 
991 2807.70 
992 618.87 
993 1465.77 
994 2900.39 
995 264.69 
996 2691.35 
997 2750.34 
998 2772.64 
999 2911.05 
1000 2751.68 
1001 2879.32 
1002 2779.66 
1003 2855.70 
1004 2698.89 
1005 2836.78 
1006 2793.89 
1007 2718.96 
1008 2868.74 
1009 2721.68 
1010 2856.56 
1011 2903.87 
1012 2758.78 
1013 2823.58 
1014 2872.70 
1015 2765.66 
1016 2778.43 
1017 2826.77 
1018 2789.92 
1019 2732.92 
0 2621.35 
1 2824.05 
2 2806.59 
3 2695.02 
4 2703.94 
5 2791.45 
6 2717.67 
7 2800.01 
8 2805.02 
9 2793.30 
10 53.40 
11 2797.03 
12 2740.19 
13 2739.74 
14 2792.79 
15 2679.68 
16 2682.15 
17 2874.28 
18 2802.70 
19 2800.82 
20 2831.91 
21 2758.78 
22 2912.57 
23 2765.08 
24 2699.26 
25 2824.58 
26 2743.08 
27 2766.22 
28 2866.67 
29 2822.70 
30 2718.54 
31 2810.43 
32 2774.22 
33 1073.39 
34 2830.37 
35 2853.24 
36 2724.31 
37 337.45 
38 2562.44 
39 2812.45 
40 2765.29 
41 2775.06 
42 2760.98 
43 2747.38 
44 2738.02 
45 2669.69 
46 2835.35 
47 2772.26 
48 2834.87 
49 2827.67 
50 2762.99 
51 2941.00 
52 2880.70 
53 2689.79 
54 2693.29 
55 2759.47 
56 2658.97 
57 2709.92 
58 2838.95 
59 2697.72 
60 2864.73 
61 2865.49 
62 2763.75 
63 2842.60 
64 2879.07 
65 2837.72 
66 2753.08 
67 2839.14 
68 2725.58 
69 2706.45 
70 2717.34 
71 2816.65 
72 2747.03 
73 2793.72 
74 2832.32 
75 2676.69 
76 2844.27 
77 2761.90 
78 2810.08 
79 2749.37 
80 2676.09 
81 2762.08 
82 2693.41 
83 2863.29 
84 2799.28 
85 2825.06 
86 2836.92 
87 2744.31 
88 2793.79 
89 2782.44 
90 2813.20 
91 2887.79 
92 2832.22 
93 2781.43 
94 2849.70 
95 2790.38 
96 2613.88 
97 2719.09 
98 2776.58 
99 2650.59 
100 2683.55 
101 2739.01 
102 1087.20 
103 2772.22 
104 2836.09 
105 2806.21 
106 1840.62 
107 2886.07 
108 2753.32 
109 2775.32 
110 2740.99 
111 2740.70 
112 2871.98 
113 2797.36 
114 2870.44 
115 2817.14 
116 2812.04 
117 2847.81 
118 2713.83 
119 2846.75 
120 2834.97 
121 2711.97 
122 2694.71 
123 2863.81 
124 2773.98 
125 2811.48 
126 2771.36 
127 2538.29 
128 2745.50 
129 2587.00 
130 2851.98 
131 2845.16 
132 2798.80 
133 2652.33 
134 2803.34 
135 2693.94 
136 2833.48 
137 2780.20 
138 2732.30 
139 2680.71 
140 2816.55 
141 2845.28 
142 1873.20 
143 2766.58 
144 2851.79 
145 2723.34 
146 2888.10 
147 2664.82 
148 2771.02 
149 2897.28 
150 2838.06 
151 859.23 
152 2755.12 
153 2712.25 
154 2805.58 
155 2731.29 
156 2722.85 
157 2724.74 
158 2660.22 
159 2643.82 
160 2733.70 
161 2805.24 
162 2758.72 
163 2810.37 
164 2897.42 
165 2792.68 
166 2791.85 
167 2767.32 
168 2764.18 
169 1529.86 
170 2673.73 
171 2817.07 
172 2755.41 
173 2773.58 
174 2794.69 
175 2831.55 
176 2720.52 
177 2830.28 
178 2252.71 
179 2813.32 
180 2788.67 
181 2786.36 
182 2874.37 
183 2994.75 
184 2784.31 
185 2781.90 
186 2682.82 
187 2736.37 
188 2840.82 
189 2662.42 
190 2819.54 
191 2773.82 
192 2856.24 
193 2719.66 
194 2821.07 
195 2775.43 
196 2838.59 
197 2827.08 
198 397.18 
199 2886.34 
200 2838.69 
201 2891.94 
202 2758.26 
203 2773.20 
204 2632.37 
205 2688.35 
206 2805.47 
207 2721.35 
208 2725.36 
209 2738.48 
210 2744.65 
211 2798.25 
212 2843.64 
213 2898.95 
214 2778.50 
215 2843.80 
216 2802.90 
217 2855.82 
218 1760.67 
219 2795.03 
220 2679.10 
221 2811.06 
222 2907.00 
223 2832.79 
224 2714.31 
225 2820.50 
226 2864.85 
227 2805.15 
228 2848.42 
229 2823.98 
230 2792.46 
231 1140.44 
232 2932.10 
233 2841.39 
234 2921.21 
235 2755.97 
236 2871.85 
237 2770.70 
238 2872.63 
239 2834.66 
240 2725.35 
241 2889.52 
242 2736.25 
243 1626.48 
244 2840.73 
245 2898.39 
246 425.90 
247 2856.85 
248 2800.63 
249 2878.42 
250 2875.22 
251 2781.80 
252 2810.85 
253 2853.75 
254 2764.94 
255 1577.30 
256 2639.73 
257 2783.00 
258 2816.77 
259 2831.47 
260 2709.23 
261 2857.08 
262 2775.44 
263 2724.43 
264 2861.53 
265 2753.46 
266 2708.27 
267 2783.51 
268 2818.58 
269 2846.17 
270 2799.85 
271 2692.76 
272 2718.07 
273 2780.31 
274 2835.33 
275 2675.76 
276 2774.90 
277 2745.30 
278 2973.31 
279 2735.96 
280 2883.12 
281 2720.89 
282 2928.77 
283 1203.13 
284 2746.63 
285 2884.56 
286 2723.40 
287 2791.72 
288 2866.05 
289 2870.15 
290 2845.88 
291 2786.74 
292 2834.65 
293 2777.02 
294 2855.61 
295 2804.23 
296 2868.12 
297 2743.67 
298 2789.69 
299 2795.47 
300 2871.28 
301 2896.85 
302 1005.93 
303 2697.89 
304 2725.42 
305 2863.63 
306 1291.76 
307 2847.05 
308 2869.99 
309 2704.53 
310 2748.75 
311 2814.32 
312 434.81 
313 2752.18 
314 2712.34 
315 2767.55 
316 2896.12 
317 2756.84 
318 2739.60 
319 2797.01 
320 2822.10 
321 2848.34 
322 2808.82 
323 2777.25 
324 2843.24 
325 2774.41 
326 2849.19 
327 2768.38 
328 2792.76 
329 2834.12 
330 2842.92 
331 2776.18 
332 1469.57 
333 2764.72 
334 2852.71 
335 2684.59 
336 2870.14 
337 2771.61 
338 2919.65 
339 2847.89 
340 2859.42 
341 2858.12 
342 2761.50 
343 2777.03 
344 2784.15 
345 2865.20 
346 2767.08 
347 2710.33 
348 188.80 
349 2725.49 
350 2843.29 
351 2755.57 
352 2769.20 
353 2859.10 
354 2845.66 
355 2694.64 
356 2750.85 
357 2722.96 
358 2710.73 
359 2718.67 
360 2779.27 
361 2683.39 
362 2811.52 
363 2777.09 
364 2689.22 
365 2884.70 
366 2862.25 
367 2737.36 
368 2724.55 
369 2856.54 
370 2787.95 
371 2885.09 
372 2772.01 
373 2720.89 
374 2813.45 
375 2704.93 
376 1149.43 
377 2739.06 
378 2695.52 
379 2909.42 
380 2833.40 
381 2783.82 
382 2818.25 
383 2809.94 
384 2754.33 
385 2816.22 
386 2637.87 
387 2779.65 
388 2759.78 
389 2785.51 
390 2920.54 
391 2934.88 
392 2824.69 
393 2907.30 
394 2909.59 
395 2800.18 
396 2756.46 
397 2824.54 
398 2807.61 
399 2891.75 
400 2875.27 
401 2866.38 
402 913.39 
403 2876.00 
404 2775.61 
405 2830.31 
406 2687.00 
407 2955.59 
408 2986.93 
409 2844.39 
410 2792.93 
411 2661.32 
412 2914.77 
413 2795.72 
414 2819.87 
415 2858.24 
416 2817.62 
417 2910.43 
418 2859.58 
419 2145.12 
420 2666.42 
421 2798.27 
422 2769.58 
423 2737.97 
424 2880.63 
425 2776.42 
426 2654.16 
427 2747.47 
428 2725.43 
429 2791.93 
430 2870.25 
431 2837.59 
432 2829.70 
433 2889.69 
434 2830.64 
435 2853.70 
436 2870.21 
437 2850.09 
438 2912.95 
439 2686.91 
440 2705.53 
441 2847.61 
442 2686.69 
443 2919.19 
444 2810.83 
445 2661.59 
446 2912.58 
447 2792.75 
448 2770.76 
449 2816.45 
450 2733.02 
451 2846.40 
452 2853.19 
453 2901.92 
454 2807.81 
455 2799.13 
456 2820.16 
457 2734.82 
458 2850.08 
459 2814.19 
460 2866.74 
461 2864.49 
462 2856.28 
463 2785.43 
464 2798.81 
465 2762.18 
466 2821.59 
467 2800.57 
468 1503.08 
469 2880.42 
470 2876.02 
471 2796.03 
472 2822.76 
473 2748.20 
474 2857.71 
475 2823.69 
476 2913.39 
477 2732.04 
478 2839.93 
479 2886.34 
480 2841.92 
481 2764.48 
482 2749.66 
483 226.47 
484 2773.86 
485 2818.07 
486 2839.31 
487 2658.54 
488 2701.26 
489 2838.51 
490 2835.40 
491 2656.89 
492 380.05 
493 2820.32 
494 2887.14 
495 2828.74 
496 2702.34 
497 2756.32 
498 2786.73 
499 2704.06 
500 2787.06 
501 2702.52 
502 2880.22 
503 2707.33 
504 2757.73 
505 2739.94 
506 2876.58 
507 2778.65 
508 2794.31 
509 2748.03 
510 2802.46 
511 2765.43 
512 2778.56 
513 2886.34 
514 2182.03 
515 2865.20 
516 2710.93 
517 2741.12 
518 2679.96 
519 2691.05 
520 2755.36 
521 2912.03 
522 2716.38 
523 2775.25 
524 2813.47 
525 2757.49 
526 2820.37 
527 2822.77 
528 2649.00 
529 2818.38 
530 2827.77 
531 2833.49 
532 2731.30 
533 2756.17 
534 2913.58 
535 2909.93 
536 2719.05 
537 272.85 
538 2735.79 
539 2769.98 
540 284.84 
541 2781.65 
542 2648.73 
543 2787.18 
544 2882.89 
545 2882.67 
546 2864.14 
547 2808.98 
548 2846.34 
549 1785.40 
550 2802.12 
551 2785.74 
552 2647.78 
553 2846.11 
554 2890.48 
555 2794.65 
556 2776.50 
557 2808.69 
558 2793.27 
559 2823.78 
560 1510.42 
561 2808.71 
562 2803.36 
563 2803.29 
564 2899.08 
565 2774.11 
566 2730.45 
567 2880.43 
568 2820.15 
569 2802.10 
570 2872.05 
571 2668.81 
572 2864.15 
573 2758.74 
574 2856.82 
575 2821.13 
576 2820.64 
577 2693.24 
578 2793.99 
579 2858.04 
580 2772.19 
581 2836.19 
582 2746.01 
583 2870.65 
584 2968.34 
585 2967.14 
586 2930.48 
587 2747.59 
588 2872.98 
589 2806.31 
590 2951.81 
591 2701.41 
592 2832.05 
593 2857.63 
594 2855.75 
595 2173.24 
596 2770.25 
597 2796.26 
598 2881.26 
599 2884.84 
600 2648.34 
601 2703.70 
602 2864.50 
603 2830.54 
604 2825.22 
605 2841.79 
606 2739.22 
607 2753.02 
608 2897.07 
609 2792.06 
610 2874.18 
611 2835.46 
612 2830.19 
613 2809.77 
614 2744.79 
615 2939.19 
616 2835.42 
617 2776.00 
618 2824.63 
619 2842.50 
620 2589.70 
621 2720.61 
622 2921.28 
623 2846.16 
624 2848.32 
625 2804.53 
626 2826.37 
627 2806.00 
628 2920.01 
629 2772.95 
630 2621.50 
631 2896.16 
632 1890.52 
633 2903.15 
634 2653.93 
635 2811.12 
636 2897.41 
637 2842.10 
638 2847.63 
639 2796.25 
640 2945.64 
641 2813.81 
642 2866.44 
643 2786.36 
644 2818.66 
645 2886.43 
646 2857.55 
647 2843.09 
648 2189.58 
649 2866.79 
650 2854.24 
651 2765.60 
652 2828.07 
653 2759.37 
654 2741.07 
655 2939.51 
656 2626.76 
657 2880.39 
658 2769.80 
659 2841.18 
660 1126.88 
661 2869.96 
662 2753.86 
663 2870.78 
664 2927.66 
665 2698.42 
666 2531.30 
667 2801.11 
668 2771.61 
669 2695.84 
670 2825.92 
671 2896.96 
672 2847.04 
673 2802.61 
674 2821.20 
675 2764.07 
676 2816.18 
677 2895.89 
678 2806.42 
679 2787.11 
680 2767.84 
681 2798.28 
682 2853.44 
683 2802.72 
684 2866.60 
685 2856.57 
686 2726.42 
687 2741.50 
688 2908.43 
689 2923.80 
690 2798.17 
691 2832.30 
692 2766.72 
693 2811.62 
694 2866.19 
695 3004.56 
696 2695.14 
697 2839.74 
698 2754.59 
699 2828.29 
700 2847.67 
701 2998.67 
702 2775.24 
703 2760.36 
704 2778.38 
705 2881.04 
706 2784.71 
707 2912.07 
708 2723.63 
709 2894.85 
710 2913.47 
711 2817.79 
712 2821.61 
713 1253.20 
714 2803.09 
715 2812.96 
716 2865.84 
717 2889.10 
718 2792.27 
719 2895.63 
720 2848.98 
721 2871.55 
722 2948.86 
723 2822.14 
724 2810.15 
725 2770.47 
726 2869.63 
727 2821.25 
728 2859.24 
729 2944.92 
730 2860.54 
731 2912.31 
732 1304.60 
733 2987.31 
734 2731.14 
735 2851.23 
736 2129.84 
737 2847.50 
738 2763.12 
739 2876.53 
740 2816.93 
741 2884.68 
742 2775.36 
743 2934.07 
744 2799.89 
745 2843.65 
746 1630.26 
747 2941.53 
748 2842.71 
749 2739.16 
750 2832.12 
751 1303.36 
752 2798.92 
753 2916.25 
754 2842.91 
755 2452.48 
756 2940.16 
757 2858.36 
758 2733.02 
759 2904.02 
760 2942.36 
761 2836.31 
762 2753.14 
763 2893.40 
764 2678.14 
765 2804.57 
766 2839.65 
767 2762.34 
768 2930.06 
769 2850.17 
770 2825.12 
771 2774.03 
772 2892.04 
773 2944.78 
774 2937.16 
775 2819.41 
776 2758.52 
777 2801.48 
778 2756.88 
779 2743.23 
780 2806.91 
781 2741.79 
782 2817.10 
783 2764.41 
784 2940.99 
785 2828.93 
786 2892.29 
787 2752.23 
788 2893.53 
789 2798.41 
790 2810.53 
791 2798.57 
792 2780.36 
793 2793.68 
794 2793.81 
795 2934.07 
796 2744.53 
797 2861.43 
798 2684.30 
799 2838.82 
800 2730.75 
801 2938.14 
802 2836.89 
803 2875.36 
804 2838.09 
805 2793.65 
806 2816.14 
807 2832.96 
808 2789.03 
809 2937.62 
810 2825.36 
811 2793.41 
812 2746.61 
813 2870.79 
814 2701.46 
815 2908.54 
816 2815.10 
817 2878.78 
818 3015.18 
819 2865.33 
820 2843.78 
821 2935.94 
822 2660.67 
823 2970.88 
824 2785.12 
825 2729.29 
826 2864.87 
827 2871.96 
828 2928.55 
829 2826.70 
830 2859.06 
831 2815.12 
832 2711.53 
833 2893.24 
834 2190.61 
835 2760.55 
836 1131.40 
837 2837.81 
838 2889.44 
839 2919.11 
840 2928.58 
841 2932.57 
842 2846.12 
843 2912.16 
844 2838.26 
845 2846.93 
846 2950.64 
847 2823.96 
848 2889.37 
849 2768.30 
850 2733.55 
851 2739.62 
852 2822.61 
853 2831.42 
854 2880.28 
855 2799.41 
856 2794.64 
857 2820.03 
858 2851.16 
859 2786.76 
860 2967.98 
861 2827.01 
862 2838.93 
863 2767.59 
864 2747.64 
865 2767.17 
866 2769.57 
867 2768.81 
868 2897.74 
869 2905.66 
870 2722.19 
871 2808.61 
872 2928.76 
873 2842.92 
874 2789.16 
875 2759.99 
876 2804.68 
877 2854.06 
878 2832.66 
879 2819.68 
880 2857.00 
881 2786.78 
882 2764.16 
883 2926.09 
884 2951.76 
885 2903.04 
886 2846.50 
887 2869.76 
888 2734.91 
889 2801.77 
890 2974.14 
891 2721.70 
892 2915.00 
893 2963.24 
894 2796.21 
895 2841.18 
896 2870.93 
897 2796.42 
898 2916.69 
899 2921.20 
900 2817.00 
901 2911.95 
902 2862.19 
903 2919.43 
904 2824.28 
905 2819.08 
906 2758.20 
907 2905.73 
908 2890.92 
909 2866.65 
910 2827.97 
911 2987.99 
912 352.42 
913 2868.58 
914 2880.62 
915 2845.62 
916 2894.97 
917 2928.35 
918 2781.86 
919 2779.80 
920 2883.05 
921 2959.88 
922 2171.51 
923 2843.16 
924 2839.21 
925 2813.92 
926 2838.08 
927 2912.59 
928 2850.14 
929 2871.74 
930 2838.20 
931 2842.89 
932 2841.63 
933 2826.77 
934 2827.23 
935 2869.66 
936 2838.62 
937 2840.94 
938 2773.93 
939 2687.52 
940 2793.99 
941 2870.92 
942 2799.26 
943 2832.81 
944 2785.38 
945 2751.11 
946 2854.64 
947 2843.06 
948 2900.76 
949 2884.54 
950 746.69 
951 2780.46 
952 2834.03 
953 2835.05 
954 2901.48 
955 2739.39 
956 2988.20 
957 2896.13 
958 2880.52 
959 2638.34 
960 2830.19 
961 871.46 
962 2780.55 
963 1742.22 
964 2851.07 
965 2841.64 
966 2886.98 
967 2815.19 
968 2925.58 
969 2819.02 
970 2775.08 
971 2909.02 
972 2850.95 
973 565.37 
974 2922.34 
975 2831.19 
976 2821.84 
977 2835.71 
978 2926.61 
979 2880.75 
980 2826.26 
981 2852.03 
982 2791.32 
983 999.99 
984 2942.50 
985 2813.72 
986 2917.55 
987 2889.48 
988 2954.10 
989 2934.98 
990 2820.32 
991 2010.43 
992 2836.73 
993 2870.98 
994 2843.94 
995 2816.50 
996 2708.43 
997 2893.98 
998 2758.35 
999 2801.21 
1000 2771.71 
1001 2879.00 
1002 2794.37 
1003 2921.33 
1004 2932.43 
1005 2855.70 
1006 2834.38 
1007 2750.84 
1008 2781.67 
1009 2850.27 
1010 2781.81 
1011 2846.34 
1012 2887.43 
0 2803.05 
1 2849.60 
2 2903.12 
3 2769.32 
4 2812.15 
5 2821.95 
6 2813.40 
7 2833.25 
8 2834.39 
9 2788.21 
10 2908.67 
11 2858.12 
12 2831.38 
13 2832.56 
14 2798.96 
15 2879.46 
16 2918.07 
17 2918.64 
18 2930.12 
19 2872.89 
20 2734.01 
21 2888.09 
22 2839.31 
23 2901.99 
24 2671.83 
25 2897.92 
26 2788.20 
27 2828.30 
28 2743.58 
29 2834.76 
30 2888.77 
31 2873.13 
32 2787.51 
33 2923.80 
34 2916.88 
35 2912.94 
36 2954.66 
37 2730.73 
38 2987.12 
39 2901.17 
40 2938.34 
41 2899.13 
42 2764.84 
43 2955.40 
44 2923.34 
45 2925.58 
46 2772.65 
47 2880.63 
48 2727.04 
49 2822.81 
50 2804.52 
51 2966.75 
52 2969.59 
53 2785.69 
54 2724.91 
55 2900.85 
56 2806.96 
57 2833.86 
58 2697.54 
59 2782.02 
60 2950.69 
61 2829.48 
62 2764.25 
63 2735.31 
64 2819.08 
65 2926.23 
66 2900.52 
67 2769.90 
68 2799.42 
69 2799.04 
70 2874.76 
71 2845.89 
72 2939.69 
73 3006.62 
74 2865.91 
75 1543.08 
76 2724.96 
77 2695.11 
78 2758.99 
79 2624.15 
80 2888.61 
81 2831.18 
82 2893.07 
83 2792.25 
84 2890.76 
85 2854.32 
86 2860.11 
87 2800.88 
88 2768.91 
89 2835.42 
90 2868.78 
91 2729.48 
92 2940.41 
93 2827.35 
94 2787.15 
95 2860.17 
96 2835.50 
97 2848.92 
98 2851.49 
99 2860.08 
100 2895.43 
101 2981.96 
102 2807.99 
103 2815.97 
104 2884.48 
105 2930.52 
106 3018.13 
107 2873.36 
108 2736.94 
109 2690.63 
110 3019.33 
111 2781.08 
112 2746.93 
113 2893.37 
114 2900.12 
115 2735.62 
116 2647.96 
117 2804.76 
118 2851.98 
119 2810.34 
120 2873.71 
121 2714.92 
122 2843.12 
123 2725.13 
124 2791.23 
125 2737.11 
126 2866.98 
127 2872.69 
128 2953.10 
129 2813.97 
130 2855.32 
131 2826.65 
132 994.87 
133 2820.06 
134 2814.17 
135 343.43 
136 2976.72 
137 2862.55 
138 2832.58 
139 2867.89 
140 2753.70 
141 2695.55 
142 2918.09 
143 2837.44 
144 2874.20 
145 2807.28 
146 2872.85 
147 2829.64 
148 2933.58 
149 2854.73 
150 2878.27 
151 2708.99 
152 2923.05 
153 2773.97 
154 2866.57 
155 2910.54 
156 2906.09 
157 2831.02 
158 2904.49 
159 2896.78 
160 2898.81 
161 2742.55 
162 2873.79 
163 2864.00 
164 2814.36 
165 2729.66 
166 2857.97 
167 2774.09 
168 2795.12 
169 2810.94 
170 2905.26 
171 2910.69 
172 2831.57 
173 2783.32 
174 2798.30 
175 2996.96 
176 2778.57 
177 2891.87 
178 2842.56 
179 2824.00 
180 2856.83 
181 2860.29 
182 2853.95 
183 2860.62 
184 2851.24 
185 2822.02 
186 2898.16 
187 2884.12 
188 2828.91 
189 2865.21 
190 2893.21 
191 2673.52 
192 2898.41 
193 2880.18 
194 2832.12 
195 2938.13 
196 2887.10 
197 2770.24 
198 2801.95 
199 2883.49 
200 2754.23 
201 1855.61 
202 1900.88 
203 2823.15 
204 2913.28 
205 2848.45 
206 2640.73 
207 2790.63 
208 2942.59 
209 2891.85 
210 2814.16 
211 1213.03 
212 2969.24 
213 2893.07 
214 2870.84 
215 2848.90 
216 2889.70 
217 2851.51 
218 2881.55 
219 2813.52 
220 2031.81 
221 2832.58 
222 2983.32 
223 2797.90 
224 2820.87 
225 2783.55 
226 2816.55 
227 2764.83 
228 2922.75 
229 2832.29 
230 2935.75 
231 2834.90 
232 2804.33 
233 2653.22 
234 2894.95 
235 2936.29 
236 2831.63 
237 2867.15 
238 2808.45 
239 2498.44 
240 2841.52 
241 2800.26 
242 2674.67 
243 2745.91 
244 2841.22 
245 2873.00 
246 2923.07 
247 2894.94 
248 2898.34 
249 2840.27 
250 2960.90 
251 2987.21 
252 2813.02 
253 2801.12 
254 2753.45 
255 2768.72 
256 2939.16 
257 2745.12 
258 2909.94 
259 2841.33 
260 2892.12 
261 2871.33 
262 2675.04 
263 2938.36 
264 2274.15 
265 2771.01 
266 2893.82 
267 2852.94 
268 2844.29 
269 2912.49 
270 2899.97 
271 2764.89 
272 2938.46 
273 2972.08 
274 2763.33 
275 2815.19 
276 2947.96 
277 2917.22 
278 2914.14 
279 2871.80 
280 2902.31 
281 2891.64 
282 2914.83 
283 2847.51 
284 2821.55 
285 2837.56 
286 2787.14 
287 2858.34 
288 2948.49 
289 3001.33 
290 2867.92 
291 2872.32 
292 2783.48 
293 2761.13 
294 2800.37 
295 2769.67 
296 2707.55 
297 2829.74 
298 2806.07 
299 2856.55 
300 2996.64 
301 2788.36 
302 2912.78 
303 2846.94 
304 2810.68 
305 2940.85 
306 2865.62 
307 2762.66 
308 2876.67 
309 2888.04 
310 2928.21 
311 2940.63 
312 2812.58 
313 2914.45 
314 2865.50 
315 2852.11 
316 2784.25 
317 2847.75 
318 2873.69 
319 2798.69 
320 2892.71 
321 2901.10 
322 2884.20 
323 2871.51 
324 2894.71 
325 2955.16 
326 2935.34 
327 2798.85 
328 2802.49 
329 2866.50 
330 2841.40 
331 2993.64 
332 2837.44 
333 2896.07 
334 2976.74 
335 2893.40 
336 2889.91 
337 2894.64 
338 2847.76 
339 2922.64 
340 2839.25 
341 2892.43 
342 2795.73 
343 2896.26 
344 2980.68 
345 2919.63 
346 2919.54 
347 2828.52 
348 2916.34 
349 2836.57 
350 2819.59 
351 2860.21 
352 2829.83 
353 2846.01 
354 2908.60 
355 2839.80 
356 2971.83 
357 2926.77 
358 2838.51 
359 2820.92 
360 2866.11 
361 2777.00 
362 2830.29 
363 2894.63 
364 2823.10 
365 2825.18 
366 2905.81 
367 2771.87 
368 2922.21 
369 2753.84 
370 2856.24 
371 2807.19 
372 2894.94 
373 2930.81 
374 2895.41 
375 2830.57 
376 2871.13 
377 2845.82 
378 1670.47 
379 2909.83 
380 2840.74 
381 2855.07 
382 2905.77 
383 2814.51 
384 2879.66 
385 2893.44 
386 2924.06 
387 2787.08 
388 2789.46 
389 2803.74 
390 2774.10 
391 2924.67 
392 2804.01 
393 2910.63 
394 2780.21 
395 2277.65 
396 2726.00 
397 2929.64 
398 2953.17 
399 2848.72 
400 2964.40 
401 2811.69 
402 2247.18 
403 2828.03 
404 2722.88 
405 2839.34 
406 2929.57 
407 2880.49 
408 2869.35 
409 2798.97 
410 2833.93 
411 956.53 
412 2897.03 
413 2774.11 
414 2865.24 
415 2806.72 
416 2896.77 
417 2802.59 
418 2834.36 
419 2906.85 
420 2865.08 
421 2862.99 
422 2949.79 
423 2891.28 
424 2902.06 
425 2755.75 
426 2765.00 
427 2795.49 
428 2769.53 
429 2870.88 
430 2878.57 
431 2746.39 
432 2817.00 
433 2971.34 
434 2847.23 
435 2714.44 
436 2847.80 
437 2930.08 
438 2876.95 
439 2971.94 
440 2823.81 
441 805.71 
442 2837.36 
443 2773.36 
444 2815.56 
445 2855.30 
446 2851.43 
447 2775.00 
448 2830.65 
449 2830.01 
450 2936.36 
451 2868.79 
452 2943.20 
453 2886.94 
454 2725.87 
455 2958.34 
456 2933.42 
457 2795.98 
458 2923.52 
459 2826.89 
460 2781.46 
461 2841.44 
462 2808.39 
463 2907.72 
464 2708.34 
465 2828.71 
466 2918.88 
467 2847.31 
468 2780.69 
469 2817.33 
470 2850.72 
471 2919.75 
472 2859.81 
473 2914.13 
474 2795.86 
475 2854.90 
476 2799.81 
477 2794.19 
478 2801.00 
479 2850.65 
480 2885.05 
481 2866.59 
482 2860.32 
483 2842.71 
484 2910.41 
485 2769.26 
486 2925.16 
487 314.46 
488 2836.76 
489 2923.31 
490 2951.25 
491 2816.50 
492 2809.53 
493 2831.54 
494 2921.64 
495 2902.28 
496 2953.29 
497 2805.27 
498 2885.52 
499 2934.59 
500 2800.44 
501 2801.26 
502 2723.04 
503 2831.33 
504 2696.91 
505 2883.20 
506 2785.53 
507 2808.43 
508 2992.86 
509 2746.65 
510 2879.20 
511 2880.97 
512 2837.67 
513 2850.53 
514 2776.03 
515 2919.41 
516 2789.64 
517 2634.34 
518 2812.51 
519 2947.07 
520 2879.90 
521 2306.98 
522 2724.96 
523 2763.74 
524 2879.48 
525 2912.68 
526 2912.14 
527 2795.33 
528 2833.70 
529 2755.11 
530 2861.44 
531 2865.46 
532 2834.78 
533 2852.80 
534 2818.20 
535 2851.40 
536 2855.54 
537 2824.17 
538 2919.44 
539 2866.37 
540 2972.93 
541 2820.26 
542 2781.16 
543 2784.25 
544 2848.59 
545 2745.94 
546 2675.53 
547 2802.84 
548 2951.10 
549 2890.51 
550 2858.10 
551 2909.47 
552 2844.88 
553 2950.83 
554 2887.69 
555 2849.78 
556 2777.97 
557 2826.91 
558 2836.10 
559 2889.36 
560 2770.49 
561 2852.40 
562 2827.45 
563 2992.64 
564 2760.76 
565 2877.57 
566 2818.06 
567 2795.69 
568 2953.41 
569 2925.32 
570 2809.27 
571 2835.75 
572 2895.97 
573 2836.51 
574 2972.02 
575 2783.43 
576 2769.95 
577 2920.47 
578 2929.12 
579 2772.41 
580 2836.57 
581 2911.40 
582 2918.27 
583 2732.87 
584 2744.81 
585 2828.18 
586 2894.75 
587 2857.37 
588 2886.03 
589 2791.85 
590 2774.20 
591 2837.83 
592 2903.81 
593 2715.82 
594 2878.15 
595 1951.71 
596 2916.89 
597 2530.77 
598 2861.84 
599 2816.89 
600 2793.48 
601 2808.34 
602 2903.11 
603 2786.17 
604 2948.23 
605 2876.41 
606 2784.00 
607 2917.45 
608 2829.95 
609 2900.39 
610 2903.37 
611 2915.33 
612 2867.78 
613 2861.91 
614 2864.44 
615 2839.70 
616 2902.21 
617 2841.70 
618 2837.12 
619 2851.88 
620 2794.26 
621 2918.16 
622 2861.83 
623 2866.01 
624 2771.47 
625 2885.89 
626 2980.27 
627 2275.33 
628 2939.07 
629 2953.36 
630 2930.35 
631 2925.15 
632 2805.24 
633 2824.11 
634 2773.56 
635 2827.38 
636 2812.09 
637 2841.78 
638 2789.26 
639 2847.52 
640 2874.08 
641 1367.55 
642 2872.53 
643 2898.86 
644 2774.42 
645 2845.55 
646 2869.65 
647 2790.87 
648 2677.23 
649 2845.48 
650 2805.06 
651 2848.27 
652 2872.13 
653 2785.45 
654 2913.90 
655 2720.09 
656 2875.01 
657 2788.78 
658 3018.11 
659 2773.16 
660 2867.79 
661 2932.83 
662 2837.15 
663 2855.46 
664 2835.96 
665 2924.81 
666 2938.71 
667 2902.73 
668 2853.31 
669 2903.60 
670 2784.58 
671 2821.21 
672 2806.19 
673 2790.04 
674 2798.74 
675 2903.87 
676 2861.24 
677 2874.46 
678 2860.34 
679 2958.37 
680 2859.12 
681 2930.53 
682 2891.85 
683 2863.00 
684 2794.00 
685 2882.10 
686 2949.08 
687 2778.32 
688 2867.38 
689 2890.01 
690 2934.78 
691 2759.49 
692 2828.40 
693 2962.68 
694 2856.32 
695 2833.43 
696 2797.42 
697 2856.05 
698 2950.80 
699 2685.19 
700 2885.59 
701 2787.60 
702 2717.10 
703 2871.91 
704 2831.34 
705 2881.93 
706 2814.06 
707 2917.03 
708 2731.67 
709 2778.77 
710 2842.47 
711 2827.70 
712 2860.16 
713 2863.65 
714 2734.38 
715 2888.06 
716 2923.06 
717 2846.68 
718 2764.33 
719 2898.40 
720 2870.84 
721 2859.39 
722 2798.90 
723 2799.59 
724 2912.58 
725 2945.06 
726 2889.86 
727 2749.67 
728 2863.22 
729 2874.10 
730 2902.28 
731 2994.51 
732 2888.23 
733 2962.82 
734 2832.48 
735 2968.63 
736 2815.90 
737 2854.01 
738 2805.03 
739 2704.09 
740 2871.83 
741 2742.54 
742 2824.62 
743 2887.80 
744 2851.57 
745 2812.18 
746 2929.33 
747 2859.01 
748 2822.73 
749 2970.78 
750 2951.38 
751 2905.49 
752 2789.05 
753 2887.36 
754 2859.43 
755 2931.73 
756 2892.58 
757 2789.96 
758 2867.71 
759 2803.50 
760 2886.18 
761 2959.32 
762 2786.63 
763 2804.21 
764 2803.42 
765 2791.67 
766 2791.78 
767 2754.31 
768 2949.61 
769 2764.02 
770 2864.71 
771 2916.32 
772 2837.32 
773 2882.15 
774 2863.10 
775 2729.77 
776 2331.82 
777 2975.03 
778 2882.71 
779 2706.88 
780 2840.77 
781 2784.34 
782 2902.61 
783 2897.28 
784 2791.59 
785 2798.41 
786 3000.93 
787 2831.00 
788 2820.80 
789 2786.57 
790 2841.24 
791 2836.66 
792 2719.73 
793 2800.57 
794 2814.35 
795 2804.51 
796 2812.69 
797 2821.45 
798 2829.75 
799 2836.79 
800 2768.35 
801 2748.43 
802 2865.82 
803 2842.25 
804 2800.22 
805 2872.47 
806 2914.11 
807 2843.47 
808 2824.74 
809 2886.03 
810 2916.24 
811 2804.50 
812 2781.81 
813 2804.35 
814 2846.18 
815 2793.12 
816 2799.17 
817 2848.87 
818 2739.70 
819 2867.61 
820 2783.85 
821 2782.98 
822 2818.48 
823 2797.87 
824 2912.45 
825 2801.16 
826 2815.65 
827 2863.15 
828 2723.13 
829 2920.57 
830 2807.07 
831 2841.17 
832 2765.01 
833 2831.85 
834 2778.55 
835 2846.59 
836 2835.62 
837 3003.63 
838 2824.37 
839 2853.83 
840 2831.26 
841 2679.86 
842 2846.13 
843 2936.53 
844 2929.70 
845 2741.44 
846 2872.88 
847 2804.58 
848 2785.03 
849 2809.29 
850 2910.43 
851 2771.50 
852 2536.80 
853 2849.38 
854 2843.56 
855 2796.65 
856 2847.02 
857 2926.49 
858 2807.86 
859 2882.23 
860 541.07 
861 2862.59 
862 2769.08 
863 2917.10 
864 2914.41 
865 2859.80 
866 2821.64 
867 2869.64 
868 2888.54 
869 2890.85 
870 2907.71 
871 2878.93 
872 2878.77 
873 2890.89 
874 1856.55 
875 2721.99 
876 2807.97 
877 2876.14 
878 2884.41 
879 2927.45 
880 2897.54 
881 2865.78 
882 2891.64 
883 2847.26 
884 2927.77 
885 2872.83 
886 2812.14 
887 2796.21 
888 2780.71 
889 2829.35 
890 2864.75 
891 2809.89 
892 2828.14 
893 2894.94 
894 2873.68 
895 2793.39 
896 2804.22 
897 2810.50 
898 2845.24 
899 2832.94 
900 2850.36 
901 2864.38 
902 2879.41 
903 2817.03 
904 2050.63 
905 2884.72 
906 2857.96 
907 2852.85 
908 2931.22 
909 2801.47 
910 2844.58 
911 1719.52 
912 2841.18 
913 2775.71 
914 2834.71 
915 2802.54 
916 2746.03 
917 2830.97 
918 2917.50 
919 2865.09 
920 2912.40 
921 901.72 
922 2833.12 
923 2803.23 
924 2862.10 
925 2855.50 
926 2830.62 
927 2834.63 
928 2956.19 
929 2878.12 
930 2764.97 
931 2735.38 
932 2801.45 
933 2888.29 
934 2950.80 
935 2960.62 
936 2839.15 
937 2776.01 
938 2932.50 
939 2884.73 
940 2867.85 
941 2890.03 
942 2850.46 
943 2911.62 
944 2850.01 
945 2796.61 
946 2809.08 
947 2963.14 
948 2816.95 
949 2782.53 
950 2933.57 
951 2804.00 
952 2843.23 
953 2868.06 
954 2957.17 
955 2769.91 
956 2897.67 
957 2834.10 
958 2752.64 
959 2805.29 
960 2912.29 
961 2953.05 
962 2814.89 
963 2800.29 
964 2863.22 
965 2831.27 
966 2900.77 
967 2807.32 
968 2838.23 
969 2631.49 
970 2869.29 
971 2887.69 
972 2927.60 
973 2785.49 
974 2786.24 
975 2876.93 
976 2859.32 
977 2864.47 
978 2767.03 
979 2868.72 
980 2784.71 
981 2797.33 
982 2841.51 
983 2856.14 
984 2787.06 
985 2896.96 
986 2808.89 
987 2935.02 
988 728.07 
989 2804.29 
990 2891.52 
991 2830.89 
992 2871.94 
993 2873.85 
994 2924.27 
995 2869.07 
996 2917.20 
997 2850.51 
998 2888.15 
999 1827.27 
1000 2808.24 
1001 2889.27 
1002 2841.62 
1003 2841.89 
1004 2894.01 
1005 2882.38 
1006 2889.92 
1007 2869.81 
1008 2816.11 
1009 2856.98 
1010 2851.28 
1011 2806.80 
1012 3006.58 
1013 2915.22 
1014 2863.94 
1015 2765.64 
1016 2758.16 
0 2688.99 
1 2883.97 
2 2786.02 
3 2921.80 
4 2825.66 
5 2747.03 
6 2937.89 
7 2909.66 
8 2873.94 
9 2883.88 
10 2789.34 
11 2951.22 
12 2858.76 
13 2820.54 
14 2832.13 
15 237.12 
16 2915.76 
17 2889.91 
18 2803.97 
19 2903.77 
20 2804.78 
21 2889.92 
22 2664.43 
23 2888.77 
24 2837.71 
25 2897.12 
26 2750.11 
27 2871.79 
28 2726.23 
29 2895.15 
30 2905.30 
31 2899.03 
32 2770.35 
33 2820.02 
34 2894.36 
35 2943.97 
36 2861.58 
37 2968.38 
38 2934.64 
39 2882.77 
40 2818.34 
41 2895.76 
42 2864.88 
43 2863.46 
44 2875.36 
45 2904.30 
46 2849.46 
47 2810.00 
48 2851.39 
49 2909.98 
50 2991.49 
51 2918.13 
52 2863.03 
53 2853.93 
54 2948.98 
55 2791.90 
56 2883.14 
57 2731.05 
58 2911.51 
59 2954.80 
60 2856.48 
61 2925.40 
62 2907.11 
63 2897.51 
64 2972.28 
65 2865.39 
66 2994.59 
67 2806.48 
68 2736.59 
69 2826.13 
70 2872.29 
71 2924.47 
72 2910.25 
73 2857.09 
74 2864.03 
75 2866.17 
76 2899.65 
77 2752.79 
78 2880.07 
79 2830.93 
80 2789.71 
81 2839.88 
82 2782.30 
83 1830.76 
84 2779.59 
85 2905.97 
86 2894.32 
87 2842.61 
88 2848.28 
89 2984.26 
90 2901.98 
91 2817.55 
92 2823.78 
93 2914.20 
94 2907.98 
95 2985.72 
96 2867.93 
97 2841.40 
98 2842.14 
99 2860.37 
100 2794.67 
101 2784.80 
102 2850.21 
103 2914.63 
104 2801.63 
105 2826.39 
106 2945.15 
107 2833.00 
108 2924.02 
109 2854.11 
110 2873.64 
111 1993.57 
112 2902.48 
113 2896.27 
114 2926.12 
115 2895.08 
116 2888.08 
117 2844.29 
118 2806.57 
119 2889.49 
120 2794.30 
121 2926.60 
122 2932.42 
123 2859.21 
124 2873.45 
125 2784.46 
126 2814.99 
127 2785.96 
128 2862.45 
129 2878.01 
130 2830.01 
131 2986.52 
132 2839.46 
133 2734.02 
134 2794.66 
135 2793.43 
136 2812.79 
137 2923.10 
138 2886.33 
139 2902.27 
140 2893.13 
141 2716.79 
142 2841.83 
143 2906.21 
144 2867.98 
145 2821.04 
146 2862.06 
147 2849.03 
148 2808.61 
149 2806.92 
150 2790.38 
151 2855.57 
152 2746.83 
153 2896.94 
154 2785.36 
155 2915.89 
156 2926.46 
157 2965.06 
158 2942.18 
159 2783.88 
160 2936.61 
161 2806.36 
162 2917.67 
163 1506.55 
164 2960.63 
165 2846.82 
166 2900.72 
167 2868.09 
168 2762.68 
169 2854.90 
170 2958.57 
171 2843.88 
172 2829.48 
173 2799.10 
174 2870.54 
175 2858.08 
176 2854.28 
177 2843.30 
178 3044.08 
179 2864.05 
180 2845.03 
181 2840.18 
182 2844.46 
183 2874.25 
184 2870.36 
185 2915.03 
186 2861.45 
187 2936.56 
188 2805.54 
189 2941.91 
190 2819.90 
191 2872.25 
192 2965.79 
193 2865.16 
194 2971.14 
195 2878.66 
196 2936.83 
197 2759.19 
198 2813.70 
199 2826.79 
200 2859.70 
201 2807.76 
202 2905.74 
203 2832.56 
204 2931.18 
205 2914.07 
206 2913.51 
207 1664.73 
208 2903.64 
209 2850.49 
210 2810.52 
211 2853.52 
212 2741.57 
213 2794.20 
214 2885.92 
215 2791.49 
216 2909.39 
217 2859.75 
218 2886.38 
219 2807.42 
220 2773.73 
221 2794.14 
222 2841.46 
223 2868.92 
224 2821.99 
225 2955.43 
226 2819.19 
227 2874.33 
228 2933.52 
229 2878.30 
230 2843.11 
231 2873.98 
232 2910.73 
233 2890.31 
234 2837.02 
235 2939.75 
236 2857.80 
237 2891.72 
238 2865.09 
239 2734.39 
240 2851.38 
241 2792.17 
242 2876.85 
243 2912.06 
244 2824.11 
245 2760.99 
246 2751.38 
247 2834.21 
248 2778.19 
249 2817.06 
250 2869.11 
251 2781.17 
252 2833.14 
253 2836.26 
254 2825.34 
255 2865.13 
256 2648.08 
257 2870.33 
258 2762.23 
259 2810.66 
260 2844.25 
261 2083.54 
262 2765.52 
263 2841.86 
264 2931.65 
265 2897.78 
266 2852.85 
267 2826.12 
268 2889.43 
269 2340.78 
270 1909.92 
271 2840.20 
272 2801.51 
273 2842.65 
274 2807.19 
275 2921.32 
276 2943.41 
277 2828.42 
278 3012.50 
279 2789.57 
280 2734.76 
281 2873.05 
282 2863.87 
283 2841.55 
284 2823.16 
285 2849.62 
286 2761.20 
287 2914.74 
288 2942.67 
289 2905.51 
290 2888.79 
291 2887.83 
292 2943.00 
293 2161.19 
294 2866.50 
295 2985.54 
296 2797.16 
297 2775.01 
298 2916.34 
299 2896.56 
300 2935.25 
301 2794.67 
302 2841.16 
303 2839.85 
304 2844.57 
305 2991.85 
306 392.06 
307 2849.76 
308 2905.59 
309 2935.24 
310 2892.91 
311 2848.70 
312 2878.70 
313 2882.52 
314 2860.24 
315 2794.71 
316 2895.98 
317 2864.96 
318 2831.08 
319 743.58 
320 2813.69 
321 2847.42 
322 2804.63 
323 2927.31 
324 2854.68 
325 2864.54 
326 2839.06 
327 2918.53 
328 2955.33 
329 2836.26 
330 2747.48 
331 2924.39 
332 2769.33 
333 2902.72 
334 2855.76 
335 2831.49 
336 2752.23 
337 2844.76 
338 2881.24 
339 2914.72 
340 2839.54 
341 2762.95 
342 2926.02 
343 1910.53 
344 2878.93 
345 2833.69 
346 2838.91 
347 2889.08 
348 2746.51 
349 2831.05 
350 2918.87 
351 2801.31 
352 2896.83 
353 2856.13 
354 2766.24 
355 2882.04 
356 2883.15 
357 2907.94 
358 2865.60 
359 2863.66 
360 2876.70 
361 2928.05 
362 2816.41 
363 2797.62 
364 2793.79 
365 2858.91 
366 2946.34 
367 2841.71 
368 2876.28 
369 2952.18 
370 2828.16 
371 2891.77 
372 2865.99 
373 2910.42 
374 2836.94 
375 2943.26 
376 2895.56 
377 2794.58 
378 2800.16 
379 2943.43 
380 2826.41 
381 2833.17 
382 2893.96 
383 1568.79 
384 2849.17 
385 2765.33 
386 2866.04 
387 2873.97 
388 2751.48 
389 2865.62 
390 2822.14 
391 2816.80 
392 2858.93 
393 2650.37 
394 2825.21 
395 2830.14 
396 2863.43 
397 2885.03 
398 2782.31 
399 2925.46 
400 2879.27 
401 2849.24 
402 2793.35 
403 2820.57 
404 2802.71 
405 2849.51 
406 2895.25 
407 2935.57 
408 2810.75 
409 2862.34 
410 2860.64 
411 2790.30 
412 2853.57 
413 2903.10 
414 2929.25 
415 2908.78 
416 2885.01 
417 2886.48 
418 2909.88 
419 2805.57 
420 2806.77 
421 2957.43 
422 2859.26 
423 2878.48 
424 2682.54 
425 2919.26 
426 2794.30 
427 2806.46 
428 2924.83 
429 2831.32 
430 2905.27 
431 2952.60 
432 2902.83 
433 2813.96 
434 2911.80 
435 2717.37 
436 2916.10 
437 2851.75 
438 2899.43 
439 2832.61 
440 2859.79 
441 2923.32 
442 2813.06 
443 2899.85 
444 2932.02 
445 2749.73 
446 2870.07 
447 2830.95 
448 2851.10 
449 2797.42 
450 2956.38 
451 1435.39 
452 2885.27 
453 2816.93 
454 2825.31 
455 2845.09 
456 244.62 
457 2973.66 
458 3095.91 
459 2815.30 
460 2742.34 
461 2882.31 
462 2903.89 
463 2911.69 
464 3022.33 
465 2892.42 
466 2962.75 
467 2987.97 
468 2868.00 
469 2957.86 
470 2949.43 
471 2948.58 
472 2915.54 
473 2832.66 
474 2860.59 
475 2878.36 
476 2768.41 
477 317.43 
478 2969.81 
479 2881.47 
480 2875.15 
481 2664.26 
482 2813.65 
483 2797.70 
484 2891.30 
485 2912.74 
486 2839.01 
487 2799.19 
488 2860.16 
489 2911.23 
490 2903.93 
491 2881.80 
492 2922.64 
493 2343.67 
494 2869.38 
495 2906.31 
496 2870.28 
497 2869.71 
498 2906.16 
499 2779.59 
500 2840.88 
501 2866.56 
502 3005.29 
503 2820.41 
504 2844.15 
505 2882.25 
506 2928.51 
507 2898.88 
508 2920.47 
509 2617.01 
510 2902.85 
511 2869.89 
512 2986.31 
513 2842.20 
514 2871.56 
515 2964.69 
516 2954.71 
517 2916.89 
518 2888.72 
519 2882.35 
520 2816.62 
521 2858.38 
522 2789.19 
523 2916.26 
524 2901.57 
525 2871.25 
526 2903.04 
527 2928.18 
528 2913.88 
529 2868.17 
530 2752.43 
531 2906.04 
532 2838.59 
533 2851.22 
534 2904.73 
535 2905.71 
536 2864.01 
537 2925.09 
538 3050.80 
539 2926.05 
540 2796.37 
541 2842.63 
542 2913.40 
543 2840.66 
544 2917.04 
545 2379.42 
546 2854.58 
547 2844.11 
548 2800.78 
549 2955.17 
550 2680.71 
551 2957.80 
552 3012.51 
553 2885.03 
554 2909.79 
555 2726.33 
556 2799.30 
557 2919.30 
558 2769.88 
559 2860.84 
560 2977.02 
561 2892.47 
562 2970.81 
563 2863.18 
564 2909.79 
565 2918.96 
566 2795.31 
567 2906.03 
568 2971.11 
569 2894.70 
570 2769.35 
571 2969.01 
572 2905.74 
573 2782.50 
574 2881.92 
575 2833.61 
576 2767.45 
577 2885.43 
578 1812.89 
579 2450.17 
580 2894.37 
581 2834.78 
582 2777.34 
583 2877.09 
584 2875.44 
585 2800.80 
586 2826.70 
587 2857.65 
588 2798.67 
589 2798.74 
590 2842.81 
591 1491.27 
592 2834.34 
593 2907.17 
594 493.44 
595 2882.39 
596 2861.07 
597 2908.62 
598 2942.18 
599 2851.79 
600 2914.87 
601 2872.05 
602 2941.15 
603 2895.20 
604 2818.75 
605 2953.66 
606 2783.15 
607 2906.79 
608 2843.95 
609 2880.31 
610 2718.54 
611 2792.39 
612 2902.96 
613 2846.91 
614 2850.10 
615 2889.57 
616 2952.56 
617 2867.34 
618 2726.55 
619 2734.12 
620 2839.84 
621 2896.74 
622 2883.02 
623 1478.09 
624 2875.94 
625 2858.82 
626 2805.13 
627 2876.93 
628 2920.74 
629 2941.63 
630 2824.02 
631 2876.68 
632 2926.90 
633 2705.46 
634 2867.12 
635 2832.98 
636 2825.23 
637 2769.44 
638 13.93 
639 2793.46 
640 2843.97 
641 2874.05 
642 2861.48 
643 2867.52 
644 2959.23 
645 241.99 
646 2904.20 
647 2835.94 
648 2860.42 
649 2845.94 
650 2978.88 
651 2909.99 
652 397.12 
653 2948.92 
654 2865.62 
655 2864.39 
656 2816.15 
657 2889.57 
658 2880.70 
659 2821.12 
660 2845.51 
661 2840.10 
662 2834.37 
663 2956.59 
664 2799.18 
665 2854.63 
666 2884.56 
667 2840.66 
668 2840.60 
669 2865.29 
670 2968.61 
671 2857.16 
672 2838.10 
673 2924.67 
674 2943.67 
675 2813.45 
676 2993.33 
677 1098.06 
678 2899.78 
679 2913.50 
680 2879.15 
681 2851.47 
682 2857.02 
683 2854.81 
684 2833.35 
685 2839.82 
686 2779.06 
687 2812.93 
688 2747.73 
689 2877.22 
690 2961.52 
691 291.60 
692 2797.95 
693 2965.34 
694 2844.48 
695 2865.71 
696 2973.74 
697 2893.28 
698 2888.48 
699 2798.86 
700 2863.63 
701 2979.51 
702 2886.50 
703 2813.13 
704 2995.67 
705 2834.75 
706 2902.70 
707 2843.24 
708 2912.11 
709 2833.00 
710 2903.46 
711 2919.19 
712 2803.68 
713 2994.56 
714 2863.33 
715 2852.93 
716 2918.65 
717 2992.51 
718 2849.01 
719 2801.81 
720 2868.09 
721 2871.12 
722 2977.56 
723 2772.57 
724 2881.77 
725 2858.89 
726 2890.18 
727 2784.98 
728 2907.80 
729 2938.48 
730 2894.61 
731 2910.03 
732 2864.85 
733 2843.89 
734 2834.18 
735 2831.40 
736 2902.23 
737 2946.10 
738 2845.09 
739 2763.56 
740 2882.94 
741 2738.25 
742 2781.48 
743 2898.18 
744 2852.45 
745 2964.83 
746 2855.91 
747 2857.61 
748 2874.24 
749 2900.77 
750 2863.74 
751 2888.73 
752 2917.98 
753 2798.84 
754 2871.83 
755 2811.92 
756 2880.01 
757 2780.23 
758 2863.19 
759 2859.04 
760 2853.45 
761 2826.32 
762 2918.13 
763 2858.64 
764 2917.43 
765 2941.50 
766 2779.68 
767 2794.25 
768 2837.42 
769 2870.95 
770 2941.80 
771 2650.23 
772 2871.14 
773 2870.90 
774 2859.68 
775 2842.72 
776 2845.17 
777 2868.34 
778 2754.41 
779 2773.73 
780 2952.46 
781 2947.62 
782 2790.28 
783 2697.75 
784 2780.31 
785 2786.07 
786 2817.22 
787 2945.36 
788 2909.15 
789 2902.50 
790 2782.97 
791 2842.31 
792 2917.12 
793 2910.39 
794 2788.27 
795 2882.45 
796 2835.82 
797 1778.77 
798 2805.66 
799 2866.02 
800 2748.44 
801 2805.61 
802 2917.67 
803 2926.84 
804 2854.18 
805 2884.43 
806 2875.20 
807 2854.38 
808 2760.77 
809 2826.31 
810 2946.28 
811 2856.24 
812 2900.06 
813 2868.38 
814 2818.98 
815 2796.64 
816 2892.16 
817 2856.45 
818 2839.69 
819 1440.96 
820 2893.61 
821 2835.12 
822 2978.46 
823 2968.69 
824 2838.08 
825 2860.96 
826 2869.31 
827 2820.64 
828 2850.80 
829 2928.58 
830 2848.16 
831 2850.75 
832 2956.64 
833 2836.56 
834 2823.45 
835 2914.13 
836 2839.08 
837 2837.49 
838 2844.87 
839 2906.41 
840 2811.77 
841 2805.23 
842 2890.01 
843 2827.45 
844 2774.87 
845 2827.40 
846 2830.79 
847 2847.11 
848 2862.69 
849 2848.72 
850 2806.15 
851 2877.76 
852 2772.29 
853 2872.48 
854 2855.24 
855 2868.69 
856 2841.33 
857 2908.06 
858 2733.98 
859 2834.99 
860 2918.28 
861 2924.30 
862 2941.85 
863 2765.22 
864 2800.19 
865 2854.26 
866 2846.87 
867 2715.58 
868 2940.40 
869 2863.35 
870 2852.12 
871 2806.59 
872 2872.72 
873 2789.35 
874 2915.68 
875 2846.78 
876 2911.54 
877 2785.84 
878 2804.14 
879 2810.10 
880 2779.49 
881 2814.00 
882 2794.00 
883 2483.46 
884 2909.55 
885 2871.70 
886 2905.69 
887 2771.09 
888 2750.25 
889 2788.80 
890 2856.45 
891 2848.39 
892 2853.44 
893 2890.01 
894 2830.30 
895 2867.09 
896 2853.14 
897 2896.71 
898 2860.39 
899 2810.54 
900 3017.03 
901 2763.33 
902 2899.86 
903 2765.74 
904 2804.31 
905 2832.96 
906 2885.10 
907 2894.09 
908 2873.40 
909 2868.17 
910 2788.87 
911 2867.75 
912 2898.35 
913 2819.82 
914 2842.32 
915 2860.45 
916 2851.37 
917 2904.59 
918 2839.97 
919 2898.33 
920 2961.04 
921 2749.97 
922 2956.36 
923 2960.98 
924 2931.57 
925 2869.79 
926 2860.74 
927 2824.53 
928 2785.23 
929 2781.87 
930 537.85 
931 2915.81 
932 2857.66 
933 2684.98 
934 1045.74 
935 2825.99 
936 2794.00 
937 2907.93 
938 2943.00 
939 2926.89 
940 2785.67 
941 2917.15 
942 2782.77 
943 2864.71 
944 2897.35 
945 1885.59 
946 2844.61 
947 2915.65 
948 2890.52 
949 2845.25 
950 2902.84 
951 2756.90 
952 2939.14 
953 2892.56 
954 2796.04 
955 2943.64 
956 2866.37 
957 2783.63 
958 2951.98 
959 2936.67 
960 2958.56 
961 2847.38 
962 2848.72 
963 935.50 
964 2934.80 
965 1883.49 
966 2877.95 
967 2733.60 
968 2883.49 
969 2994.45 
970 2767.34 
971 2857.05 
972 2870.81 
973 2921.61 
974 2865.38 
975 2891.30 
976 2881.89 
977 2874.31 
978 2744.51 
979 2817.59 
980 2963.46 
981 2888.74 
982 2863.42 
983 2766.78 
984 2867.11 
985 2917.07 
986 2864.76 
987 2912.12 
988 2680.12 
989 2979.00 
990 2928.89 
991 2871.56 
992 2889.08 
993 2876.78 
994 2957.09 
995 2797.99 
996 2913.41 
997 2927.91 
998 2824.45 
999 2851.09 
1000 2837.13 
1001 2874.38 
1002 2976.49 
1003 2870.84 
1004 2885.45 
1005 2877.91 
1006 2746.62 
1007 2854.43 
1008 2892.86 
1009 2815.88 
