Seed 0:
0 -416.78 
1 -194.94 
2 -295.09 
3 -62.54 
4 -334.52 
5 -83.93 
6 -293.25 
7 -158.61 
8 -209.97 
9 -208.63 
10 -235.32 
11 -231.83 
12 -262.36 
13 -73.78 
14 83.25 
15 -47.50 
16 -159.24 
17 -90.65 
18 56.37 
19 723.92 
20 813.00 
21 271.08 
22 460.59 
23 1352.61 
24 1527.33 
25 1707.92 
26 1801.89 
27 1820.68 
28 1853.02 
29 1875.52 
30 1848.58 
31 1853.22 
32 1915.22 
33 1905.60 
34 1890.24 
35 1925.12 
36 1954.81 
37 1994.51 
38 1958.01 
39 1890.95 
40 1978.99 
41 1981.53 
42 1938.19 
43 1951.54 
44 1898.78 
45 2009.08 
46 1996.47 
47 1932.59 
48 1909.61 
49 1994.91 
50 2006.93 
51 1984.12 
52 1858.63 
53 1968.27 
54 1992.44 
55 1959.64 
56 1952.49 
57 2058.27 
58 1948.78 
59 2079.69 
60 1979.52 
61 1904.45 
62 1961.62 
63 1955.23 
64 1939.89 
65 1978.52 
66 2049.31 
67 1984.42 
68 2069.32 
69 1954.77 
70 1886.02 
71 1918.75 
72 1991.98 
73 1983.15 
74 2030.77 
75 2005.20 
76 1982.93 
77 1953.25 
78 2055.17 
79 2025.65 
80 1956.83 
81 1968.54 
82 1976.09 
83 1965.13 
84 2061.07 
85 2007.14 
86 1982.87 
87 2030.21 
88 1946.28 
89 2028.74 
90 1979.57 
91 1937.22 
92 1982.72 
93 2046.14 
94 2087.78 
95 1941.14 
96 2024.05 
97 2046.76 
98 2168.08 
99 1991.20 
100 1937.81 
101 1988.25 
102 2123.54 
103 2099.92 
104 1977.50 
105 2046.60 
106 2013.57 
107 1958.65 
108 2019.55 
109 2059.59 
110 2062.31 
111 1988.44 
112 1954.86 
113 2066.68 
114 1980.96 
115 1994.93 
116 2086.34 
117 2008.14 
118 1996.24 
119 1967.18 
120 2087.07 
121 2017.57 
122 1986.46 
123 2119.33 
124 1982.19 
125 2097.03 
126 1961.68 
127 2032.28 
128 2001.99 
129 1981.46 
130 1999.55 
131 1959.37 
132 1994.98 
133 2018.69 
134 2028.30 
135 2058.72 
136 2069.79 
137 1998.70 
138 2042.19 
139 2029.63 
140 1034.66 
141 1982.63 
142 2004.09 
143 2115.49 
144 2033.73 
145 2042.61 
146 2061.83 
147 2037.35 
148 1985.57 
149 2055.69 
150 1939.37 
151 2075.40 
152 1923.50 
153 1952.94 
154 2004.50 
155 2126.91 
156 1990.89 
157 2053.32 
158 2048.31 
159 2119.97 
160 2142.09 
161 2092.60 
162 1979.94 
163 2064.15 
164 2009.92 
165 2009.09 
166 2057.82 
167 2020.37 
168 2000.89 
169 1994.34 
170 2107.42 
171 2013.54 
172 1979.19 
173 1678.15 
174 2045.46 
175 860.36 
176 2056.32 
177 2029.87 
178 1993.78 
179 1959.29 
180 2097.60 
181 1983.75 
182 2036.89 
183 2017.82 
184 2024.83 
185 2050.21 
186 1970.93 
187 2011.28 
188 2045.40 
189 2089.72 
190 2071.81 
191 1952.25 
192 2096.90 
193 1989.49 
194 2010.15 
195 1981.03 
196 2153.45 
197 2036.37 
198 2078.25 
199 2067.85 
200 2142.55 
201 2094.99 
202 2053.34 
203 2020.45 
204 2054.48 
205 2042.46 
206 2006.61 
207 1996.33 
208 2111.91 
209 1559.08 
210 2067.25 
211 1996.54 
212 1904.80 
213 2188.25 
214 2018.49 
215 2025.42 
216 1922.85 
217 2032.47 
218 2065.94 
219 2016.37 
220 2020.62 
221 1992.23 
222 2054.99 
223 2055.21 
224 2029.91 
225 2003.10 
226 2058.13 
227 1993.61 
228 2023.02 
229 2029.99 
230 2060.43 
231 1976.08 
232 2097.01 
233 1942.39 
234 2079.33 
235 1992.47 
236 2056.79 
237 1960.69 
238 2016.13 
239 2137.53 
240 2090.44 
241 2077.65 
242 2015.14 
243 2067.26 
244 2053.63 
245 2133.90 
246 1960.50 
247 2049.61 
248 1990.84 
249 2082.90 
250 1976.00 
251 2138.30 
252 2032.12 
253 1953.71 
254 2061.82 
255 1967.14 
256 1991.81 
257 493.38 
258 2053.61 
259 2055.06 
260 2055.58 
261 2042.63 
262 2045.24 
263 2094.18 
264 2147.35 
265 1950.54 
266 2041.73 
267 2007.10 
268 2023.48 
269 2108.67 
270 2107.20 
271 2013.29 
272 2087.16 
273 2047.11 
274 2026.81 
275 2116.14 
276 2053.37 
277 2006.71 
278 2033.00 
279 2099.49 
280 2040.88 
281 2020.67 
282 2022.11 
283 1981.75 
284 2035.71 
285 2033.75 
286 2048.98 
287 2002.55 
288 2134.86 
289 2001.69 
290 1613.11 
291 1980.78 
292 2036.78 
293 2146.22 
294 1858.12 
295 2040.78 
296 2045.95 
297 2087.07 
298 2066.69 
299 2062.58 
300 2154.59 
301 2032.62 
302 2039.36 
303 1960.24 
304 2034.11 
305 2087.26 
306 2018.23 
307 2013.32 
308 2053.71 
309 2117.15 
310 2065.31 
311 2076.23 
312 2034.88 
313 1993.74 
314 2067.64 
315 2008.06 
316 2012.00 
317 2064.04 
318 2102.95 
319 1969.83 
320 1651.32 
321 2089.30 
322 2010.10 
323 2021.03 
324 2122.05 
325 1884.39 
326 2030.51 
327 1998.02 
328 1561.95 
329 2077.68 
330 2078.99 
331 2108.63 
332 2063.39 
333 2185.20 
334 2018.23 
335 1997.70 
336 2138.59 
337 2040.00 
338 2048.50 
339 2094.05 
340 2053.96 
341 2019.57 
342 2065.25 
343 2035.99 
344 2121.64 
345 2035.12 
346 2077.94 
347 2070.02 
348 1979.51 
349 2019.88 
350 2121.19 
351 1994.50 
352 1991.85 
353 2080.20 
354 2023.89 
355 2062.49 
356 2042.97 
357 2039.03 
358 1998.38 
359 2011.98 
360 2096.81 
361 2114.87 
362 2029.62 
363 1984.37 
364 2109.16 
365 2071.15 
366 2085.40 
367 1985.44 
368 2006.04 
369 2104.15 
370 1979.50 
371 2026.44 
372 2131.69 
373 1729.89 
374 1950.70 
375 2035.47 
376 2019.25 
377 1975.50 
378 2070.54 
379 2082.44 
380 2012.01 
381 2118.65 
382 2103.90 
383 1986.54 
384 2018.22 
385 1989.61 
386 2011.37 
387 1956.75 
388 2031.53 
389 2118.32 
390 2023.78 
391 2014.03 
392 2057.74 
393 2058.19 
394 2036.44 
395 2051.95 
396 2077.56 
397 2079.38 
398 2108.68 
399 152.06 
400 1987.20 
401 2141.92 
402 2098.26 
403 2046.21 
404 2133.73 
405 2002.36 
406 2080.99 
407 2026.60 
408 1934.42 
409 2103.67 
410 1994.82 
411 1973.36 
412 2105.23 
413 2102.27 
414 2084.22 
415 2003.93 
416 2055.02 
417 2000.49 
418 2059.68 
419 2041.57 
420 2088.20 
421 2121.40 
422 2066.72 
423 2053.97 
424 1997.43 
425 1960.23 
426 2057.73 
427 1933.01 
428 2151.72 
429 2120.61 
430 2070.42 
431 2031.24 
432 2016.85 
433 2030.87 
434 2124.64 
435 2098.76 
436 2064.51 
437 2193.68 
438 2050.51 
439 2126.67 
440 2076.51 
441 2035.66 
442 2050.14 
443 2056.81 
444 2018.62 
445 2006.59 
446 2037.59 
447 2141.09 
448 2101.29 
449 2075.01 
450 2047.89 
451 1936.61 
452 1996.58 
453 2023.08 
454 2037.70 
455 2068.58 
456 2147.57 
457 2096.69 
458 2135.77 
459 2103.59 
460 2106.98 
461 2092.03 
462 2048.59 
463 2030.59 
464 2090.25 
465 2087.20 
466 2066.61 
467 2030.36 
468 1977.73 
469 2003.21 
470 2010.79 
471 2049.31 
472 2028.87 
473 2060.83 
474 2008.52 
475 2029.30 
476 1978.88 
477 2034.12 
478 1989.56 
479 1993.35 
480 2099.83 
481 2119.64 
482 2063.37 
483 2068.21 
484 2075.85 
485 2135.42 
486 2113.43 
487 2015.57 
488 2056.81 
489 2062.32 
490 2097.90 
491 2102.66 
492 2057.77 
493 2098.34 
494 2024.07 
495 2058.95 
496 2053.22 
497 1991.66 
498 2090.22 
499 2068.67 
500 2119.87 
501 2050.13 
502 2090.62 
503 2090.79 
504 2110.72 
505 2109.69 
506 2081.01 
507 2065.91 
508 2031.47 
509 2058.96 
510 2087.15 
511 2016.05 
512 2076.63 
513 2039.20 
514 2081.98 
515 2075.14 
516 2035.90 
517 1936.32 
518 1901.42 
519 2036.69 
520 2116.60 
521 2049.87 
522 2068.53 
523 2088.13 
524 2089.93 
525 2066.66 
526 2008.21 
527 2000.18 
528 2054.37 
529 2138.49 
530 2109.28 
531 2106.59 
532 2057.67 
533 2124.00 
534 2138.14 
535 2030.98 
536 2084.23 
537 2017.31 
538 2003.98 
539 2059.99 
540 2104.86 
541 2032.07 
542 2089.36 
543 1991.43 
544 2109.13 
545 2062.23 
546 2039.16 
547 2038.20 
548 2115.56 
549 2160.75 
550 1986.46 
551 2111.05 
552 2099.15 
553 2093.57 
554 2034.37 
555 2050.30 
556 2029.11 
557 2033.62 
558 1973.07 
559 2050.87 
560 2057.66 
561 2125.32 
562 2069.23 
563 2119.37 
564 2053.28 
565 2019.35 
566 2011.59 
567 2080.54 
568 2021.79 
569 2168.62 
570 282.73 
571 2100.40 
572 2170.53 
573 2045.06 
574 2116.92 
575 1789.67 
576 2086.88 
577 1983.17 
578 2145.48 
579 2105.19 
580 2052.07 
581 2083.90 
582 1998.49 
583 2028.76 
584 2045.02 
585 2105.98 
586 1978.48 
587 2023.31 
588 1980.43 
589 2044.87 
590 2041.40 
591 2021.64 
592 2088.66 
593 2099.49 
594 2038.56 
595 2062.03 
596 1994.49 
597 2062.44 
598 2034.79 
599 2001.90 
600 2024.93 
601 2070.71 
602 2070.06 
603 2019.45 
604 2000.13 
605 2085.51 
606 1961.32 
607 2057.68 
608 2020.63 
609 2086.06 
610 2125.60 
611 2053.48 
612 2096.35 
613 2096.92 
614 2127.92 
615 2085.70 
616 2044.48 
617 2090.24 
618 2050.52 
619 2070.42 
620 2162.36 
621 2139.76 
622 2115.38 
623 2042.82 
624 2157.79 
625 2005.47 
626 2073.31 
627 2009.39 
628 2032.99 
629 2067.70 
630 2073.70 
631 2008.92 
632 2063.44 
633 2049.35 
634 2086.55 
635 1990.15 
636 2007.90 
637 1875.73 
638 2023.34 
639 2060.21 
640 2024.48 
641 2057.58 
642 2050.53 
643 2139.39 
644 2079.39 
645 2039.16 
646 2094.87 
647 2152.42 
648 2051.70 
649 2105.08 
650 2039.24 
651 2023.21 
652 1997.66 
653 2060.25 
654 2065.66 
655 1916.93 
656 2055.11 
657 2126.79 
658 2049.31 
659 2074.82 
660 2091.64 
661 2064.73 
662 2087.15 
663 2004.65 
664 2102.57 
665 2090.81 
666 2164.26 
667 2036.92 
668 1984.70 
669 2025.52 
670 2149.52 
671 2047.23 
672 2140.15 
673 2147.50 
674 2094.44 
675 2051.37 
676 2110.37 
677 2122.74 
678 2176.96 
679 2056.35 
680 2015.94 
681 2087.36 
682 2067.72 
683 1981.89 
684 2110.28 
685 2044.98 
686 2084.33 
687 2023.44 
688 2089.27 
689 2153.90 
690 2063.13 
691 1995.29 
692 2041.67 
693 2067.75 
694 1996.24 
695 2068.88 
696 2068.24 
697 2078.57 
698 2042.71 
699 2114.44 
700 2038.85 
701 2120.49 
702 2046.93 
703 2149.20 
704 2069.87 
705 1983.84 
706 1935.44 
707 2096.09 
708 2059.09 
709 2018.61 
710 2057.33 
711 2009.57 
712 2017.00 
713 2124.25 
714 2064.94 
715 2073.14 
716 2029.52 
717 1996.15 
718 2100.07 
719 2095.09 
720 2078.13 
721 2002.53 
722 2079.74 
723 2105.21 
724 2071.57 
725 2024.52 
726 2039.67 
727 2079.37 
728 2072.89 
729 2153.75 
730 2070.12 
731 2042.15 
732 2047.82 
733 2075.21 
734 2095.00 
735 2082.14 
736 2151.63 
737 2103.00 
738 2039.29 
739 2034.60 
740 2104.03 
741 2101.96 
742 2128.13 
743 2054.39 
744 2042.43 
745 2023.95 
746 2141.85 
747 2048.83 
748 2067.22 
749 2059.68 
750 2057.61 
751 2033.76 
752 2084.52 
753 2138.90 
754 2090.80 
755 2016.96 
756 2169.61 
757 2106.21 
758 2084.42 
759 2117.90 
760 2082.46 
761 2145.37 
762 2052.45 
763 2133.48 
764 2074.63 
765 2110.27 
766 2073.55 
767 2076.63 
768 2103.74 
769 2045.74 
770 2079.14 
771 2116.82 
772 2034.89 
773 1954.65 
774 2062.64 
775 2146.18 
776 1990.65 
777 2023.55 
778 2073.82 
779 2136.66 
780 2009.02 
781 2117.37 
782 2139.23 
783 2045.47 
784 2114.19 
785 2012.40 
786 1984.98 
787 2071.08 
788 2120.98 
789 2134.07 
790 2099.92 
791 2093.98 
792 2156.76 
793 2124.60 
794 2177.44 
795 2110.20 
796 2120.72 
797 2036.57 
798 2066.49 
799 1992.35 
800 2102.89 
801 2072.11 
802 2159.50 
803 2092.42 
804 1992.99 
805 2078.06 
806 2079.34 
807 2133.02 
808 2159.34 
809 2104.00 
810 2067.95 
811 2038.08 
812 2088.12 
813 2142.74 
814 2128.81 
815 2076.11 
816 1966.70 
817 2111.41 
818 2029.20 
819 2125.12 
820 2052.55 
821 2082.71 
822 2023.55 
823 2045.59 
824 2071.41 
825 2078.79 
826 635.46 
827 2082.11 
828 2065.49 
829 2119.75 
830 2005.34 
831 2092.11 
832 2130.95 
833 2181.06 
834 2024.23 
835 2037.46 
836 2088.72 
837 2080.24 
838 2133.65 
839 2081.70 
840 2086.70 
841 1926.21 
842 2064.49 
843 2076.80 
844 2032.34 
845 2035.12 
846 1767.07 
847 2032.70 
848 2054.32 
849 2075.96 
850 2101.11 
851 2201.68 
852 2030.68 
853 2053.03 
854 2095.93 
855 2082.55 
856 2041.43 
857 2029.56 
858 114.80 
859 2053.47 
860 2069.06 
861 2152.15 
862 2022.37 
863 2045.32 
864 2006.49 
865 2096.35 
866 2049.91 
867 2097.08 
868 1946.88 
869 2120.30 
870 2072.67 
871 1982.02 
872 2144.30 
873 2177.45 
874 2068.43 
875 1844.05 
876 2093.22 
877 2101.97 
878 2165.21 
879 2017.88 
880 2088.05 
881 2124.98 
882 2066.92 
883 2072.93 
884 2094.12 
885 2071.82 
886 2163.62 
887 1986.86 
888 2190.17 
889 2119.89 
890 2142.65 
891 2114.26 
892 2174.92 
893 2036.38 
894 2136.78 
895 2108.32 
896 2078.70 
897 1961.36 
898 2070.16 
899 2134.05 
900 1982.61 
901 2111.63 
902 2022.68 
903 2107.06 
904 2094.03 
905 2122.90 
906 2056.00 
907 2182.50 
908 2059.55 
909 2059.65 
910 2118.27 
911 2070.39 
912 2113.29 
913 2188.62 
914 2071.99 
915 2161.93 
916 2136.03 
917 2083.90 
918 2054.76 
919 2119.18 
920 2114.35 
921 1979.11 
922 2139.30 
923 2003.66 
924 2067.29 
925 1948.30 
926 2136.54 
927 2175.35 
928 2066.96 
929 2092.51 
930 2012.98 
931 2143.03 
932 1965.97 
933 2127.99 
934 2086.75 
935 2128.54 
936 1986.08 
937 2103.96 
938 2103.82 
939 2088.77 
940 2049.85 
941 2147.58 
942 2134.35 
943 2040.72 
944 2159.51 
945 1981.38 
946 2133.87 
947 2035.80 
948 2026.49 
949 2169.71 
950 2033.69 
951 2038.87 
952 1990.12 
953 2036.42 
954 2076.78 
955 2133.84 
956 2158.28 
957 2087.51 
958 2010.01 
959 2133.39 
960 2107.53 
961 2010.31 
962 2098.59 
963 1936.93 
964 2055.38 
965 2030.04 
966 2103.12 
967 2113.19 
968 2150.37 
969 2084.55 
970 2051.54 
971 2037.42 
972 2205.33 
973 2124.27 
974 2054.41 
975 2035.79 
976 2087.82 
977 2078.23 
978 2068.55 
979 2055.75 
980 2123.52 
981 2199.47 
982 2068.14 
983 2135.14 
984 1993.90 
985 2099.90 
986 2086.77 
987 2149.52 
988 2102.59 
989 2113.87 
990 2017.95 
991 2137.34 
992 1980.35 
993 2068.09 
994 2013.59 
995 2037.38 
996 2071.12 
997 2075.14 
998 2094.87 
999 2101.98 
1000 2041.59 
1001 2018.44 
1002 2153.35 
1003 2102.26 
1004 2137.53 
1005 2056.76 
1006 2049.61 
1007 2154.10 
1008 2138.83 
1009 2122.19 
1010 2071.87 
1011 2033.34 
1012 2064.89 
1013 2072.09 
1014 2052.92 
1015 1957.97 
1016 2033.49 
1017 2101.23 
0 2002.74 
1 2149.71 
2 2047.87 
3 2164.24 
4 2085.39 
5 2051.70 
6 2026.87 
7 2078.10 
8 2092.39 
9 2115.13 
10 2157.27 
11 2032.59 
12 697.70 
13 2070.70 
14 2063.84 
15 2148.37 
16 2021.00 
17 2066.71 
18 2079.94 
19 2031.84 
20 2096.74 
21 2146.17 
22 2017.47 
23 2012.72 
24 2083.30 
25 1935.06 
26 2102.24 
27 2003.59 
28 2059.22 
29 1992.35 
30 2076.41 
31 1965.91 
32 2096.05 
33 2076.58 
34 1973.97 
35 2010.75 
36 2042.15 
37 2176.43 
38 2101.37 
39 2162.46 
40 2159.03 
41 2041.73 
42 2103.77 
43 2073.83 
44 2067.14 
45 1971.33 
46 2215.59 
47 2099.10 
48 2111.47 
49 2149.27 
50 1981.43 
51 2052.95 
52 2110.30 
53 2150.05 
54 2120.67 
55 2130.85 
56 2055.60 
57 1577.27 
58 2015.08 
59 2081.48 
60 2090.49 
61 2077.10 
62 2048.90 
63 2177.28 
64 2067.03 
65 2121.10 
66 2044.17 
67 2022.58 
68 2057.09 
69 2151.51 
70 2123.40 
71 2131.21 
72 2063.20 
73 2172.83 
74 2119.49 
75 2098.92 
76 2090.00 
77 2100.76 
78 2112.50 
79 2065.72 
80 2153.21 
81 2054.93 
82 2111.03 
83 2079.54 
84 2082.16 
85 2040.87 
86 2064.48 
87 2102.93 
88 1972.94 
89 2110.52 
90 2011.80 
91 2136.75 
92 2105.12 
93 2088.53 
94 2156.14 
95 2085.63 
96 2082.18 
97 2018.04 
98 2189.75 
99 2020.92 
100 2068.89 
101 2018.18 
102 2122.15 
103 2140.06 
104 2085.53 
105 2050.30 
106 2113.27 
107 2061.03 
108 2115.38 
109 2151.35 
110 2158.14 
111 2094.82 
112 2065.92 
113 2075.09 
114 2138.75 
115 2089.19 
116 2104.46 
117 2158.99 
118 2168.70 
119 2102.00 
120 2139.56 
121 2129.09 
122 2126.03 
123 2069.40 
124 2118.37 
125 2036.71 
126 1993.38 
127 2082.75 
128 2069.16 
129 2128.69 
130 2043.34 
131 2111.61 
132 2148.29 
133 2016.83 
134 2042.99 
135 2137.95 
136 2033.05 
137 2120.44 
138 2106.03 
139 2045.72 
140 1962.79 
141 2028.16 
142 2119.54 
143 2009.55 
144 2135.73 
145 2104.20 
146 2014.85 
147 2172.09 
148 2144.09 
149 2098.18 
150 2155.74 
151 2114.18 
152 2194.04 
153 2103.86 
154 2176.02 
155 2150.53 
156 2102.90 
157 2049.57 
158 2103.25 
159 2123.55 
160 2152.91 
161 2130.05 
162 2196.10 
163 2030.03 
164 2003.78 
165 2030.26 
166 2064.22 
167 2107.28 
168 2066.75 
169 2056.91 
170 2045.71 
171 2156.92 
172 2068.25 
173 2127.66 
174 2095.47 
175 2170.11 
176 2092.61 
177 2004.81 
178 2101.58 
179 2077.56 
180 2161.15 
181 2075.76 
182 2087.13 
183 2062.61 
184 2159.47 
185 2167.23 
186 2036.11 
187 2106.89 
188 2131.28 
189 2115.11 
190 1975.25 
191 2101.99 
192 2134.43 
193 2094.89 
194 2201.56 
195 2051.96 
196 2012.98 
197 2092.59 
198 2182.96 
199 2105.71 
200 2050.73 
201 2178.41 
202 2057.64 
203 2104.38 
204 2006.45 
205 2124.87 
206 2129.78 
207 2084.83 
208 2108.05 
209 2138.88 
210 2155.77 
211 2065.31 
212 2135.17 
213 2121.38 
214 2126.80 
215 2207.09 
216 2028.17 
217 2060.40 
218 2093.36 
219 2036.54 
220 2107.78 
221 2114.50 
222 2102.82 
223 2081.90 
224 2087.23 
225 2040.98 
226 2097.35 
227 2144.87 
228 2149.31 
229 2044.36 
230 2148.84 
231 2147.35 
232 2185.58 
233 2121.46 
234 2174.91 
235 2082.39 
236 2051.60 
237 2080.47 
238 2052.76 
239 2050.65 
240 2027.92 
241 2141.19 
242 2102.14 
243 2097.94 
244 2083.80 
245 2102.32 
246 2005.36 
247 2155.44 
248 2072.00 
249 2040.67 
250 2003.63 
251 2158.87 
252 2097.42 
253 2097.23 
254 2084.22 
255 2162.07 
256 2112.78 
257 2070.41 
258 2133.53 
259 2056.56 
260 2137.81 
261 2081.90 
262 2042.21 
263 2106.95 
264 2024.85 
265 1999.25 
266 2057.59 
267 2087.02 
268 2039.24 
269 2140.64 
270 2087.38 
271 2175.18 
272 2153.51 
273 2099.88 
274 2056.21 
275 2076.33 
276 2184.57 
277 2155.43 
278 2103.88 
279 2104.14 
280 2130.25 
281 2124.54 
282 2061.98 
283 2051.00 
284 2033.81 
285 2229.06 
286 1893.09 
287 2088.19 
288 2063.35 
289 2129.33 
290 2063.33 
291 2115.76 
292 2075.33 
293 2069.38 
294 2077.04 
295 2091.79 
296 2053.47 
297 2127.39 
298 2059.43 
299 2110.67 
300 2162.32 
301 2096.64 
302 2137.36 
303 2061.96 
304 2032.43 
305 2141.40 
306 2102.70 
307 2084.12 
308 2056.29 
309 2016.56 
310 2152.51 
311 2030.36 
312 1991.74 
313 2094.68 
314 2143.43 
315 2154.10 
316 1740.92 
317 722.91 
318 2025.39 
319 2107.24 
320 2096.84 
321 2027.74 
322 2067.21 
323 1957.99 
324 2137.10 
325 2137.53 
326 2121.52 
327 2140.63 
328 2093.03 
329 2039.50 
330 2089.13 
331 2130.25 
332 2178.34 
333 2132.68 
334 2023.24 
335 2113.58 
336 2049.32 
337 2094.78 
338 2018.42 
339 2118.75 
340 2100.58 
341 2052.80 
342 2153.76 
343 2026.69 
344 2019.76 
345 2148.30 
346 2049.56 
347 2023.41 
348 2062.19 
349 2069.46 
350 2151.83 
351 2084.16 
352 2169.49 
353 2153.49 
354 2145.59 
355 2123.17 
356 2093.03 
357 2097.40 
358 2060.27 
359 2079.11 
360 2209.84 
361 2156.46 
362 1839.99 
363 2092.43 
364 2031.27 
365 2129.28 
366 2120.94 
367 2131.47 
368 2082.50 
369 1985.90 
370 2108.45 
371 2111.52 
372 2088.23 
373 2115.00 
374 2112.31 
375 2061.50 
376 2131.64 
377 2120.45 
378 2164.02 
379 2051.69 
380 2208.45 
381 2089.48 
382 2021.85 
383 2050.37 
384 2072.02 
385 2072.95 
386 2006.11 
387 2103.45 
388 2157.85 
389 2073.92 
390 2088.73 
391 2107.81 
392 2020.37 
393 2060.50 
394 2107.50 
395 2092.84 
396 2099.52 
397 2178.43 
398 2155.50 
399 1972.81 
400 2138.36 
401 2203.30 
402 2170.43 
403 2060.31 
404 2101.01 
405 2082.79 
406 2114.23 
407 2135.41 
408 2092.31 
409 2075.34 
410 2084.15 
411 2090.16 
412 2113.54 
413 2083.32 
414 2091.45 
415 2207.73 
416 2032.63 
417 2122.03 
418 2096.90 
419 2066.38 
420 2033.33 
421 2157.33 
422 2151.04 
423 2077.55 
424 2117.99 
425 2027.16 
426 2077.38 
427 2118.87 
428 2093.12 
429 2069.06 
430 2002.89 
431 2144.95 
432 2120.02 
433 2111.29 
434 2111.40 
435 2058.70 
436 2215.80 
437 2083.00 
438 2122.92 
439 2061.52 
440 1993.38 
441 2103.47 
442 2104.08 
443 1980.56 
444 2135.04 
445 2062.67 
446 2121.33 
447 2080.98 
448 2003.79 
449 2017.07 
450 2034.87 
451 2095.51 
452 2060.49 
453 2079.27 
454 2158.38 
455 2074.31 
456 2182.17 
457 2076.06 
458 2109.64 
459 2133.81 
460 2125.02 
461 2070.49 
462 2076.84 
463 2113.38 
464 2127.39 
465 2104.55 
466 2105.42 
467 2027.87 
468 2210.63 
469 734.75 
470 2054.96 
471 2125.02 
472 2153.85 
473 2074.93 
474 2095.02 
475 2125.89 
476 2110.62 
477 2118.70 
478 2070.00 
479 2061.01 
480 2148.49 
481 2194.13 
482 2099.65 
483 2153.04 
484 2075.30 
485 2121.46 
486 2090.11 
487 2013.53 
488 2059.73 
489 2076.23 
490 2136.34 
491 2111.56 
492 2078.37 
493 2179.71 
494 2079.15 
495 2017.52 
496 2088.34 
497 2207.40 
498 2109.26 
499 2060.99 
500 2056.30 
501 2137.10 
502 2085.15 
503 2047.05 
504 2124.71 
505 2133.87 
506 2129.91 
507 2092.44 
508 2153.94 
509 2153.21 
510 2012.84 
511 2071.18 
512 2128.74 
513 2078.36 
514 2137.07 
515 2102.37 
516 2087.18 
517 2126.72 
518 2066.99 
519 2105.05 
520 2073.11 
521 2085.72 
522 2051.89 
523 2105.57 
524 2061.79 
525 2092.26 
526 2102.84 
527 2117.89 
528 2055.05 
529 2094.80 
530 2027.97 
531 2063.48 
532 1963.22 
533 2019.60 
534 2081.96 
535 2137.36 
536 2118.66 
537 2129.98 
538 2091.07 
539 2161.16 
540 2105.84 
541 2043.24 
542 2107.92 
543 2020.75 
544 2095.28 
545 2067.80 
546 2051.22 
547 2009.82 
548 2194.76 
549 2042.70 
550 2102.46 
551 2114.45 
552 2041.25 
553 2175.22 
554 1992.44 
555 2097.73 
556 2135.68 
557 2166.91 
558 2033.94 
559 2016.47 
560 2121.53 
561 2184.73 
562 2138.48 
563 2104.03 
564 2119.96 
565 2034.56 
566 2050.32 
567 2173.56 
568 2167.11 
569 2054.29 
570 2108.33 
571 2046.11 
572 2118.59 
573 2100.44 
574 2060.49 
575 2117.75 
576 2095.80 
577 2166.41 
578 2161.91 
579 2163.25 
580 2110.15 
581 2050.41 
582 2064.38 
583 2144.10 
584 2133.13 
585 2112.06 
586 2155.72 
587 1727.42 
588 2115.21 
589 2128.05 
590 2145.77 
591 1015.21 
592 2217.63 
593 2135.37 
594 2097.24 
595 2075.76 
596 2209.74 
597 2102.93 
598 2078.94 
599 2135.85 
600 2068.54 
601 2205.41 
602 2131.32 
603 2016.40 
604 2127.59 
605 2086.55 
606 2115.49 
607 2089.12 
608 2031.10 
609 2200.00 
610 2073.28 
611 2072.94 
612 2164.97 
613 2128.54 
614 2189.82 
615 2037.96 
616 2110.08 
617 2093.30 
618 1566.48 
619 2113.44 
620 2147.12 
621 2158.65 
622 2174.90 
623 2156.77 
624 2063.53 
625 2153.67 
626 2043.18 
627 2186.74 
628 2160.50 
629 2144.17 
630 2149.94 
631 2096.73 
632 2020.14 
633 2054.78 
634 2115.17 
635 2046.41 
636 2137.07 
637 2108.33 
638 2158.37 
639 2144.20 
640 2015.43 
641 2056.19 
642 1918.53 
643 2105.19 
644 2176.44 
645 2156.87 
646 2104.59 
647 2152.18 
648 2083.48 
649 2138.39 
650 2144.30 
651 2152.38 
652 2091.79 
653 2078.53 
654 2218.09 
655 2140.65 
656 2059.70 
657 2114.66 
658 2108.23 
659 2108.33 
660 2094.51 
661 2082.58 
662 2125.68 
663 2052.59 
664 2071.89 
665 2126.75 
666 2081.93 
667 2132.57 
668 2169.77 
669 2168.29 
670 2047.90 
671 2117.76 
672 2113.73 
673 2039.15 
674 2091.35 
675 2155.25 
676 2159.09 
677 2067.21 
678 2074.76 
679 2065.30 
680 2105.49 
681 2040.31 
682 2184.39 
683 2174.49 
684 2143.14 
685 2127.45 
686 2242.23 
687 2068.56 
688 2161.06 
689 2146.28 
690 2079.35 
691 2109.36 
692 2148.99 
693 2184.25 
694 2110.78 
695 2080.75 
696 2082.41 
697 2147.28 
698 2104.40 
699 2122.36 
700 2021.01 
701 2193.81 
702 2132.23 
703 2237.04 
704 2135.64 
705 2084.97 
706 2071.73 
707 2019.34 
708 2100.43 
709 2156.72 
710 2043.76 
711 2179.25 
712 2067.97 
713 2021.55 
714 2045.86 
715 2164.85 
716 2102.19 
717 2135.75 
718 2095.42 
719 2119.89 
720 2167.84 
721 2081.96 
722 2108.14 
723 2075.48 
724 2132.47 
725 2088.52 
726 2147.13 
727 2030.37 
728 2125.87 
729 2156.00 
730 2141.35 
731 2105.39 
732 2104.67 
733 2066.27 
734 2207.64 
735 2069.20 
736 2095.83 
737 2121.33 
738 2069.05 
739 2106.54 
740 2079.41 
741 2120.22 
742 2146.98 
743 2156.23 
744 2076.71 
745 2069.12 
746 2140.82 
747 2074.25 
748 1819.60 
749 2071.27 
750 2096.14 
751 2156.11 
752 2105.36 
753 2164.62 
754 2130.27 
755 2151.36 
756 2128.76 
757 2022.06 
758 2175.40 
759 2188.80 
760 2059.24 
761 2036.32 
762 2153.70 
763 2141.64 
764 2071.52 
765 2054.11 
766 2045.59 
767 2153.19 
768 2109.22 
769 2061.80 
770 2159.97 
771 2038.19 
772 2066.27 
773 2108.57 
774 2167.04 
775 2150.60 
776 2183.86 
777 2246.77 
778 2069.91 
779 1840.94 
780 2086.43 
781 2169.51 
782 2059.82 
783 2082.92 
784 2050.35 
785 2147.02 
786 2120.20 
787 2101.68 
788 2003.72 
789 2048.49 
790 2150.85 
791 2147.27 
792 2016.18 
793 2090.93 
794 2131.01 
795 2034.32 
796 2105.33 
797 2133.50 
798 2173.92 
799 2073.13 
800 2131.05 
801 2132.23 
802 2094.64 
803 2135.03 
804 2090.70 
805 2114.10 
806 2045.27 
807 2236.09 
808 394.09 
809 2050.32 
810 2119.10 
811 2074.08 
812 2137.59 
813 2094.53 
814 2057.15 
815 2040.54 
816 2109.76 
817 2108.97 
818 2067.05 
819 2161.70 
820 2042.39 
821 2181.75 
822 2017.81 
823 2089.06 
824 2046.95 
825 2142.48 
826 2153.19 
827 2012.55 
828 2184.14 
829 2143.07 
830 2136.19 
831 2085.73 
832 2104.00 
833 2118.71 
834 2125.39 
835 2142.43 
836 2100.98 
837 2181.09 
838 2180.68 
839 2100.95 
840 2128.20 
841 1994.54 
842 2104.31 
843 2113.79 
844 2075.69 
845 2179.37 
846 2156.73 
847 2102.79 
848 2155.64 
849 2196.28 
850 2149.13 
851 2075.94 
852 2098.41 
853 2028.64 
854 2158.16 
855 2005.88 
856 2247.80 
857 2117.00 
858 2144.74 
859 2082.86 
860 2138.20 
861 2136.61 
862 2053.11 
863 2099.96 
864 2171.60 
865 2131.25 
866 2116.85 
867 2103.55 
868 2110.34 
869 2225.44 
870 2127.68 
871 2115.23 
872 2107.87 
873 2067.55 
874 2093.96 
875 1983.13 
876 2136.04 
877 2037.35 
878 2112.17 
879 2083.38 
880 2148.20 
881 2140.06 
882 2170.28 
883 2084.07 
884 2124.47 
885 2109.80 
886 2056.42 
887 2104.25 
888 2092.29 
889 2116.37 
890 2148.79 
891 2091.93 
892 2120.32 
893 2154.79 
894 2143.81 
895 2117.75 
896 2202.25 
897 2216.27 
898 2191.20 
899 2121.33 
900 2104.38 
901 2121.30 
902 2133.15 
903 2187.79 
904 2110.09 
905 2154.16 
906 2157.85 
907 2119.78 
908 2153.07 
909 2109.04 
910 2133.30 
911 2089.40 
912 2072.21 
913 2025.69 
914 2112.71 
915 2165.31 
916 2101.13 
917 2108.29 
918 2110.96 
919 2130.38 
920 2123.42 
921 2094.74 
922 2100.88 
923 2134.33 
924 2096.95 
925 2110.28 
926 2097.01 
927 2069.81 
928 2118.99 
929 2125.84 
930 2140.84 
931 2172.23 
932 2135.65 
933 2112.07 
934 2191.43 
935 2087.82 
936 2166.53 
937 2063.02 
938 2041.68 
939 2083.74 
940 2214.68 
941 2185.38 
942 2084.54 
943 1992.78 
944 2220.98 
945 2167.47 
946 2176.61 
947 2165.62 
948 2176.60 
949 2157.07 
950 2183.98 
951 2117.86 
952 2120.55 
953 2110.84 
954 2126.73 
955 2069.71 
956 2096.03 
957 2200.54 
958 2057.93 
959 2017.50 
960 2203.32 
961 2176.26 
962 2199.82 
963 2169.28 
964 2174.02 
965 2091.95 
966 2177.56 
967 2027.44 
968 2157.59 
969 2063.79 
970 2146.88 
971 2139.72 
972 2166.04 
973 2112.09 
974 2242.62 
975 2070.79 
976 2163.13 
977 2043.98 
978 2110.77 
979 2129.69 
980 2148.39 
981 2173.29 
982 2133.83 
983 2140.62 
984 2161.29 
985 2175.75 
986 2013.07 
987 2135.68 
988 2141.59 
989 2191.76 
990 2279.93 
991 1933.87 
992 2183.57 
993 2242.92 
994 2128.66 
995 2089.11 
996 2184.68 
997 2106.00 
998 2078.44 
999 2182.10 
1000 2130.62 
1001 2173.50 
1002 2137.30 
1003 2090.72 
1004 2165.89 
1005 2237.81 
1006 2144.48 
1007 2064.83 
1008 2095.52 
1009 2121.63 
1010 2087.43 
1011 2125.53 
1012 2161.98 
1013 2092.02 
1014 2132.90 
1015 2134.37 
1016 2041.26 
1017 2156.66 
1018 2038.84 
1019 2128.55 
1020 2116.06 
1021 2098.39 
1022 2162.63 
0 2094.33 
1 2139.02 
2 2209.37 
3 2124.61 
4 2163.28 
5 2106.38 
6 2158.52 
7 2175.53 
8 2053.11 
9 2201.44 
10 2066.05 
11 2113.28 
12 2233.34 
13 2152.49 
14 2126.62 
15 2133.05 
16 2134.12 
17 2097.78 
18 2071.88 
19 2088.87 
20 2036.51 
21 2086.46 
22 2144.56 
23 2170.46 
24 2179.95 
25 2084.90 
26 1981.18 
27 2122.70 
28 2155.89 
29 2176.84 
30 2065.07 
31 2164.90 
32 2119.90 
33 2104.02 
34 2008.34 
35 2098.94 
36 2132.61 
37 2065.16 
38 2176.01 
39 2130.83 
40 2127.98 
41 2135.60 
42 2188.99 
43 2209.50 
44 2123.72 
45 2177.00 
46 2156.55 
47 2153.78 
48 2166.54 
49 2116.72 
50 2218.68 
51 2104.42 
52 2026.06 
53 2197.75 
54 2099.69 
55 2180.24 
56 2060.14 
57 2032.12 
58 2065.82 
59 2065.47 
60 2204.54 
61 2136.19 
62 2101.39 
63 2190.58 
64 1976.65 
65 2227.14 
66 2140.72 
67 2108.16 
68 2101.72 
69 2074.28 
70 2144.67 
71 2154.26 
72 2268.81 
73 2090.78 
74 2155.46 
75 2174.46 
76 2073.80 
77 2141.39 
78 2087.87 
79 2214.38 
80 2008.23 
81 2207.03 
82 2084.62 
83 2141.62 
84 2181.83 
85 2108.47 
86 2106.11 
87 2121.20 
88 2115.70 
89 2175.76 
90 2161.42 
91 2158.88 
92 2149.88 
93 2115.21 
94 2153.32 
95 2098.23 
96 2109.38 
97 2138.47 
98 2165.69 
99 2198.81 
100 2124.23 
101 2108.84 
102 2232.27 
103 2158.90 
104 2116.76 
105 2180.69 
106 2124.78 
107 2137.43 
108 2135.57 
109 2096.14 
110 2148.50 
111 2167.42 
112 2214.96 
113 2107.14 
114 2155.71 
115 2196.91 
116 2070.51 
117 2163.09 
118 2168.68 
119 2110.24 
120 2129.49 
121 2157.51 
122 2150.41 
123 2243.10 
124 2119.17 
125 2125.46 
126 2088.68 
127 2137.73 
128 2021.74 
129 2125.23 
130 2099.31 
131 2083.14 
132 2099.90 
133 1436.36 
134 2110.57 
135 2114.11 
136 2066.86 
137 2160.64 
138 2108.68 
139 2167.09 
140 2075.88 
141 2083.41 
142 2216.13 
143 2111.03 
144 2180.55 
145 2112.84 
146 2137.36 
147 2135.78 
148 2130.41 
149 2173.82 
150 2056.85 
151 2230.98 
152 2272.54 
153 2143.55 
154 2129.32 
155 2042.98 
156 2069.72 
157 2116.77 
158 2149.48 
159 2210.10 
160 2093.72 
161 2170.40 
162 2157.87 
163 2171.29 
164 2194.68 
165 2066.76 
166 2009.19 
167 2165.84 
168 2144.82 
169 2126.93 
170 2080.83 
171 2177.88 
172 2152.93 
173 2148.47 
174 2194.55 
175 2145.79 
176 2117.89 
177 2110.23 
178 2218.27 
179 2158.95 
180 2176.34 
181 2076.82 
182 2054.48 
183 2171.36 
184 2204.71 
185 2230.88 
186 2138.52 
187 2109.42 
188 2171.38 
189 2216.46 
190 2121.41 
191 2135.38 
192 2143.15 
193 2074.04 
194 2045.12 
195 2083.91 
196 2139.80 
197 2173.54 
198 2168.74 
199 2102.94 
200 2155.81 
201 1922.28 
202 2087.03 
203 2087.98 
204 2140.21 
205 2209.29 
206 2241.81 
207 2147.01 
208 2051.20 
209 2087.10 
210 2087.03 
211 2178.52 
212 2114.62 
213 2145.90 
214 2136.55 
215 2119.83 
216 2110.93 
217 2122.76 
218 2142.94 
219 2001.76 
220 2121.98 
221 2129.07 
222 2154.61 
223 2133.83 
224 2177.15 
225 2176.55 
226 2167.88 
227 2194.64 
228 2156.64 
229 2136.03 
230 2112.25 
231 2157.51 
232 2162.32 
233 2090.06 
234 2199.64 
235 2156.56 
236 2175.21 
237 2153.90 
238 2175.30 
239 2206.79 
240 2038.49 
241 2118.46 
242 2090.15 
243 2037.74 
244 2118.35 
245 2045.22 
246 2116.45 
247 2181.77 
248 2136.44 
249 2159.44 
250 2180.96 
251 1968.94 
252 2166.56 
253 2190.39 
254 2225.24 
255 2101.96 
256 2122.43 
257 2172.14 
258 2206.61 
259 909.39 
260 2149.98 
261 2174.01 
262 2118.31 
263 2085.68 
264 2056.65 
265 2222.67 
266 2152.03 
267 2110.89 
268 2215.29 
269 2164.56 
270 2179.77 
271 2114.81 
272 2088.05 
273 2133.87 
274 2142.58 
275 2182.12 
276 2067.51 
277 2157.77 
278 1791.04 
279 2174.94 
280 2134.96 
281 2192.02 
282 1984.83 
283 2154.74 
284 2189.36 
285 2231.27 
286 2100.75 
287 2019.29 
288 2146.67 
289 2097.87 
290 2113.81 
291 2089.87 
292 2271.75 
293 2040.25 
294 2161.55 
295 2171.20 
296 2274.21 
297 2052.52 
298 2176.51 
299 2103.56 
300 2087.32 
301 2139.10 
302 2146.54 
303 2150.91 
304 2108.68 
305 2127.90 
306 2210.72 
307 2097.83 
308 2169.22 
309 2194.44 
310 2174.91 
311 2184.45 
312 2143.01 
313 2142.87 
314 2100.14 
315 2148.95 
316 2227.78 
317 2040.76 
318 2098.65 
319 2119.36 
320 2161.68 
321 2121.17 
322 2106.08 
323 2053.76 
324 2099.90 
325 2119.38 
326 2116.57 
327 2076.65 
328 2054.54 
329 2118.74 
330 2182.70 
331 2098.48 
332 2175.28 
333 2112.99 
334 2127.77 
335 2143.97 
336 2041.59 
337 2100.57 
338 2104.15 
339 2248.87 
340 2102.55 
341 2070.01 
342 2126.75 
343 2100.70 
344 2082.12 
345 2232.67 
346 2093.15 
347 2072.88 
348 2142.41 
349 2185.71 
350 2181.27 
351 2200.37 
352 2153.98 
353 2156.65 
354 2121.57 
355 2163.90 
356 2205.84 
357 2097.08 
358 2128.19 
359 2116.44 
360 2170.12 
361 2195.05 
362 2130.50 
363 2017.60 
364 2115.06 
365 2111.37 
366 2172.67 
367 2064.57 
368 2154.71 
369 2244.06 
370 2155.18 
371 2171.13 
372 2144.35 
373 2179.00 
374 2106.05 
375 2137.32 
376 2210.74 
377 2237.86 
378 2142.27 
379 2178.98 
380 2123.27 
381 2097.27 
382 2019.88 
383 2206.59 
384 2088.66 
385 2185.60 
386 2051.13 
387 2131.28 
388 2196.33 
389 2137.37 
390 2109.98 
391 2189.37 
392 2121.83 
393 2130.73 
394 2226.70 
395 2159.91 
396 2038.37 
397 2114.70 
398 2118.21 
399 2104.08 
400 2182.41 
401 2077.56 
402 2206.80 
403 2166.45 
404 2068.23 
405 2188.90 
406 2139.57 
407 1965.59 
408 2210.63 
409 2079.27 
410 2152.63 
411 2001.06 
412 2171.38 
413 2152.88 
414 2075.61 
415 2188.61 
416 2104.16 
417 2120.02 
418 2152.03 
419 2179.59 
420 2134.16 
421 2034.70 
422 2144.58 
423 2102.37 
424 2131.20 
425 2188.36 
426 2150.50 
427 2097.81 
428 2149.32 
429 2165.62 
430 2159.60 
431 2113.38 
432 2189.31 
433 2132.60 
434 2149.39 
435 2074.81 
436 2082.08 
437 2204.32 
438 2115.88 
439 2113.34 
440 2145.17 
441 2189.78 
442 2187.34 
443 2067.98 
444 2116.72 
445 2174.08 
446 2108.01 
447 2061.47 
448 2179.34 
449 2163.84 
450 2218.97 
451 2149.43 
452 2117.45 
453 2108.59 
454 2179.93 
455 2128.75 
456 2139.50 
457 2113.66 
458 2264.80 
459 2011.06 
460 2142.21 
461 2185.40 
462 2105.81 
463 2148.94 
464 2165.79 
465 2091.32 
466 2124.46 
467 2144.65 
468 2119.95 
469 2189.14 
470 2069.06 
471 2222.11 
472 2121.31 
473 2192.46 
474 2222.29 
475 2170.95 
476 2245.28 
477 2228.36 
478 2101.94 
479 2213.46 
480 2145.94 
481 2164.39 
482 2147.27 
483 2091.71 
484 2131.74 
485 2184.62 
486 2145.34 
487 2155.66 
488 2080.28 
489 2134.12 
490 2180.18 
491 2156.78 
492 2171.43 
493 2245.06 
494 2123.29 
495 2169.66 
496 2073.21 
497 2129.29 
498 2204.73 
499 2159.78 
500 2157.71 
501 2162.32 
502 2166.12 
503 2170.66 
504 2129.67 
505 2155.35 
506 2152.46 
507 2132.94 
508 2032.85 
509 2105.02 
510 2111.75 
511 2230.31 
512 2126.73 
513 2147.67 
514 2117.78 
515 2098.49 
516 2097.59 
517 2152.11 
518 2211.38 
519 2146.43 
520 2220.55 
521 2205.85 
522 2179.10 
523 2147.48 
524 2196.16 
525 2118.59 
526 2181.73 
527 2120.24 
528 2189.26 
529 2204.46 
530 2148.37 
531 2058.34 
532 2082.64 
533 2135.64 
534 2145.97 
535 2162.40 
536 2079.15 
537 2216.73 
538 2126.98 
539 2144.92 
540 2283.04 
541 2125.13 
542 2128.92 
543 2170.25 
544 2148.86 
545 2255.55 
546 2178.71 
547 2108.67 
548 2208.07 
549 2099.40 
550 2185.24 
551 2117.44 
552 2154.59 
553 2159.29 
554 2093.72 
555 2176.98 
556 2186.13 
557 2071.29 
558 2141.52 
559 2113.15 
560 2163.29 
561 2195.57 
562 2074.57 
563 2120.27 
564 2156.83 
565 2157.45 
566 2198.70 
567 2153.62 
568 2076.49 
569 2176.74 
570 2225.96 
571 2138.16 
572 2018.46 
573 2134.22 
574 2140.84 
575 2172.49 
576 2177.49 
577 2188.77 
578 2228.30 
579 2028.60 
580 2121.80 
581 2130.40 
582 2110.76 
583 2133.69 
584 2159.31 
585 2064.41 
586 2192.52 
587 2117.63 
588 2150.16 
589 2082.83 
590 2056.19 
591 2168.02 
592 2125.50 
593 2206.55 
594 2123.00 
595 2137.82 
596 2064.15 
597 2128.03 
598 2227.04 
599 2143.93 
600 2041.63 
601 2224.71 
602 1986.10 
603 2207.80 
604 2127.48 
605 2129.30 
606 2151.16 
607 2137.38 
608 2154.00 
609 2238.53 
610 2184.09 
611 2222.97 
612 2158.44 
613 2172.44 
614 2101.59 
615 2216.57 
616 1976.46 
617 2145.05 
618 2168.75 
619 2165.28 
620 2089.62 
621 2104.03 
622 2187.12 
623 2068.39 
624 2156.59 
625 2147.87 
626 2088.76 
627 2149.66 
628 2136.43 
629 2219.84 
630 2145.51 
631 2227.47 
632 2130.63 
633 2148.19 
634 2163.10 
635 2189.14 
636 2146.77 
637 2162.08 
638 2244.04 
639 2161.65 
640 2098.23 
641 2028.07 
642 2139.45 
643 2089.11 
644 2209.52 
645 2168.27 
646 2191.83 
647 2175.59 
648 2185.96 
649 2133.79 
650 2151.76 
651 2171.07 
652 2151.94 
653 2077.22 
654 2120.33 
655 2110.20 
656 2215.50 
657 2151.08 
658 2093.13 
659 2135.21 
660 2127.48 
661 2225.42 
662 2049.35 
663 2102.10 
664 2096.02 
665 2181.92 
666 2108.04 
667 2056.60 
668 2121.01 
669 2139.97 
670 2111.94 
671 2165.64 
672 2210.67 
673 2138.41 
674 2116.63 
675 2098.02 
676 2096.65 
677 2213.91 
678 2070.00 
679 2185.65 
680 2133.91 
681 2067.03 
682 2156.06 
683 2134.17 
684 2195.56 
685 2125.26 
686 2128.46 
687 2193.15 
688 2098.47 
689 2191.19 
690 2111.01 
691 2229.41 
692 2145.17 
693 2180.48 
694 2249.92 
695 2143.85 
696 2170.69 
697 2216.83 
698 2151.32 
699 2139.29 
700 2202.91 
701 2149.06 
702 2120.33 
703 2249.62 
704 2173.64 
705 2126.60 
706 2121.02 
707 2157.17 
708 2184.54 
709 2156.65 
710 2041.52 
711 2278.05 
712 2174.08 
713 2216.48 
714 2129.67 
715 2128.12 
716 1925.96 
717 2137.25 
718 2097.52 
719 2163.69 
720 2091.44 
721 2084.88 
722 2126.85 
723 2090.55 
724 2090.65 
725 2256.57 
726 2151.06 
727 2082.22 
728 2236.50 
729 2150.70 
730 2247.78 
731 2118.84 
732 2175.84 
733 2194.18 
734 2172.59 
735 2249.03 
736 2057.18 
737 2196.64 
738 2147.90 
739 2174.70 
740 2189.15 
741 2248.16 
742 2055.58 
743 2149.97 
744 2167.50 
745 2195.71 
746 2123.13 
747 2095.27 
748 2195.21 
749 2161.31 
750 2250.66 
751 2236.43 
752 2134.91 
753 2151.54 
754 2171.20 
755 2112.79 
756 2103.50 
757 2078.89 
758 2220.62 
759 2147.66 
760 2133.16 
761 2037.38 
762 2132.49 
763 2133.33 
764 2124.84 
765 2152.59 
766 2195.09 
767 2016.01 
768 2220.06 
769 2165.89 
770 2208.88 
771 2077.54 
772 2068.06 
773 2166.25 
774 2132.23 
775 2088.21 
776 2146.42 
777 2150.94 
778 2162.76 
779 2128.52 
780 2171.77 
781 2227.87 
782 2157.44 
783 2094.36 
784 2165.19 
785 2176.32 
786 2167.57 
787 2102.75 
788 2210.44 
789 2096.73 
790 2138.02 
791 2238.38 
792 2020.81 
793 2167.96 
794 2180.31 
795 2138.78 
796 2285.38 
797 2187.85 
798 2200.66 
799 2169.57 
800 2125.80 
801 2169.51 
802 2111.44 
803 2158.97 
804 2116.50 
805 2057.06 
806 2134.67 
807 2214.17 
808 2157.02 
809 2148.73 
810 2090.25 
811 2150.55 
812 2237.78 
813 2193.28 
814 2181.44 
815 2125.39 
816 2193.42 
817 2136.90 
818 2130.57 
819 2170.79 
820 2084.31 
821 2134.67 
822 2179.05 
823 2208.10 
824 2143.73 
825 2086.63 
826 2140.60 
827 2123.63 
828 2137.05 
829 2134.77 
830 2091.90 
831 2214.96 
832 2250.61 
833 2217.96 
834 2217.71 
835 2128.16 
836 2104.09 
837 2170.93 
838 2117.20 
839 2093.07 
840 2167.56 
841 2135.19 
842 2130.97 
843 2142.78 
844 2107.32 
845 2109.49 
846 2180.83 
847 2118.43 
848 2079.86 
849 2169.28 
850 1999.67 
851 2125.26 
852 2168.60 
853 2156.56 
854 2206.60 
855 2143.89 
856 2136.40 
857 2138.12 
858 2211.60 
859 2179.23 
860 2186.24 
861 2246.98 
862 2160.75 
863 2152.47 
864 2114.68 
865 2077.04 
866 2207.23 
867 2204.18 
868 2116.66 
869 1924.78 
870 2281.75 
871 2125.31 
872 2139.52 
873 2210.37 
874 2111.57 
875 2121.78 
876 2179.87 
877 2180.67 
878 2195.86 
879 2116.92 
880 2156.32 
881 2159.15 
882 1860.10 
883 2060.16 
884 2251.78 
885 2255.88 
886 2159.65 
887 2209.96 
888 2165.18 
889 2152.26 
890 2093.55 
891 2081.27 
892 2184.02 
893 2245.56 
894 2220.01 
895 2083.01 
896 2115.71 
897 2235.19 
898 2096.77 
899 2083.87 
900 2201.43 
901 2209.72 
902 2189.82 
903 2052.01 
904 2212.41 
905 2108.67 
906 2102.71 
907 2149.25 
908 2217.84 
909 2181.81 
910 2185.12 
911 2100.65 
912 2184.68 
913 2197.99 
914 2206.60 
915 2169.11 
916 2152.85 
917 2162.48 
918 2213.13 
919 2097.72 
920 2213.10 
921 2204.84 
922 2194.18 
923 2198.66 
924 2252.58 
925 2201.64 
926 2128.78 
927 2225.48 
928 2040.06 
929 2168.76 
930 2165.86 
931 2132.22 
932 2187.29 
933 2113.23 
934 2033.76 
935 2130.40 
936 2171.28 
937 2179.07 
938 2163.45 
939 2139.47 
940 2130.12 
941 2183.74 
942 2232.32 
943 2100.71 
944 2079.28 
945 2143.01 
946 2191.65 
947 2191.08 
948 2118.47 
949 2147.03 
950 2138.99 
951 2165.62 
952 2228.77 
953 2132.91 
954 2083.10 
955 2160.99 
956 2247.07 
957 2227.21 
958 2196.13 
959 2205.21 
960 2173.05 
961 2176.29 
962 2210.02 
963 2096.52 
964 2117.36 
965 2098.69 
966 2109.29 
967 2083.87 
968 2139.19 
969 2117.69 
970 2166.98 
971 2016.21 
972 2161.74 
973 2179.64 
974 2201.68 
975 2250.22 
976 2104.83 
977 2126.04 
978 2166.65 
979 2162.97 
980 2125.96 
981 2198.15 
982 2231.79 
983 2193.52 
984 2089.93 
985 2192.37 
986 2146.91 
987 2103.66 
988 2251.96 
989 2125.79 
990 2185.36 
991 2057.33 
992 2107.36 
993 2229.55 
994 2106.52 
995 2058.81 
996 2147.75 
997 1864.04 
998 2079.92 
999 2138.65 
1000 2106.45 
1001 2111.22 
1002 2154.74 
1003 2139.37 
1004 2105.34 
1005 2155.73 
1006 2103.96 
1007 2143.72 
1008 2178.72 
1009 2146.53 
1010 2160.96 
1011 2170.67 
1012 2199.16 
1013 2144.32 
1014 2166.91 
1015 2200.42 
0 2107.19 
1 2172.80 
2 2047.89 
3 2231.37 
4 2175.67 
5 2206.03 
6 2146.73 
7 2153.66 
8 2124.41 
9 2131.24 
10 2165.41 
11 2196.35 
12 2179.90 
13 2156.55 
14 2153.79 
15 2154.03 
16 2180.71 
17 2199.50 
18 2128.78 
19 2175.76 
20 2173.64 
21 2168.34 
22 2195.63 
23 2125.38 
24 2143.77 
25 2070.09 
26 2103.11 
27 2168.10 
28 2076.76 
29 2111.50 
30 2158.73 
31 2199.07 
32 2303.33 
33 2136.46 
34 2072.97 
35 2143.29 
36 2141.99 
37 2122.77 
38 2185.45 
39 2021.96 
40 2154.58 
41 2118.60 
42 2143.80 
43 2102.01 
44 2140.61 
45 2126.18 
46 2150.20 
47 2159.01 
48 2249.66 
49 2105.47 
50 2193.88 
51 2127.65 
52 2158.26 
53 2199.44 
54 2133.06 
55 2024.03 
56 2242.91 
57 2149.71 
58 2165.24 
59 2059.85 
60 2112.22 
61 2103.24 
62 2201.75 
63 2120.20 
64 2192.40 
65 2132.45 
66 2086.57 
67 2092.85 
68 2145.68 
69 2101.57 
70 2230.12 
71 2176.16 
72 2156.48 
73 2191.10 
74 2213.95 
75 2183.60 
76 2152.83 
77 2065.63 
78 2113.62 
79 2229.25 
80 2205.11 
81 2169.11 
82 2139.84 
83 2123.43 
84 2083.77 
85 2178.68 
86 2134.99 
87 2178.40 
88 2156.60 
89 2111.78 
90 2127.86 
91 2063.02 
92 2157.87 
93 2114.71 
94 2107.53 
95 2089.13 
96 614.43 
97 2062.24 
98 2112.44 
99 2182.78 
100 2193.52 
101 2175.25 
102 2178.05 
103 2138.78 
104 2075.95 
105 2199.89 
106 2261.24 
107 2120.25 
108 2123.97 
109 2117.22 
110 2237.65 
111 2081.58 
112 2121.47 
113 2171.28 
114 2204.29 
115 2155.18 
116 2195.41 
117 2115.76 
118 2118.22 
119 2175.05 
120 2137.70 
121 2168.67 
122 2104.22 
123 2243.59 
124 2003.31 
125 2029.98 
126 2095.04 
127 2182.48 
128 2248.71 
129 2154.10 
130 2095.76 
131 2113.51 
132 2124.03 
133 2151.65 
134 2096.86 
135 2176.39 
136 2124.13 
137 2040.88 
138 2196.20 
139 2079.92 
140 2185.85 
141 2220.36 
142 2182.09 
143 2150.21 
144 2104.30 
145 2122.06 
146 2263.97 
147 2141.05 
148 2045.67 
149 2160.35 
150 2130.77 
151 2126.42 
152 2119.73 
153 2158.34 
154 2205.98 
155 2145.78 
156 2144.19 
157 2168.93 
158 2140.18 
159 2120.88 
160 2241.93 
161 2119.84 
162 2137.36 
163 2091.85 
164 2152.61 
165 2066.15 
166 2215.79 
167 2168.88 
168 2119.37 
169 2173.65 
170 2143.87 
171 2185.39 
172 2195.65 
173 2198.14 
174 2164.89 
175 2128.34 
176 2196.03 
177 2184.45 
178 2150.10 
179 2113.44 
180 2183.37 
181 2155.93 
182 2269.55 
183 2184.68 
184 2201.24 
185 2125.97 
186 2177.22 
187 2165.36 
188 2199.20 
189 2144.43 
190 2137.91 
191 2102.14 
192 2135.09 
193 2180.15 
194 2211.28 
195 2245.88 
196 2175.13 
197 2019.23 
198 2216.69 
199 2155.30 
200 2260.56 
201 2140.17 
202 2218.70 
203 2113.38 
204 2221.15 
205 2103.09 
206 2102.72 
207 2145.25 
208 2237.91 
209 2178.87 
210 2111.65 
211 2132.42 
212 2210.02 
213 2217.90 
214 2176.75 
215 2254.88 
216 2160.33 
217 2163.26 
218 2144.06 
219 2109.88 
220 2158.65 
221 2162.75 
222 2145.45 
223 2152.74 
224 2206.02 
225 2131.77 
226 2177.07 
227 2155.13 
228 2251.73 
229 2138.04 
230 2189.19 
231 2145.34 
232 2086.60 
233 2181.14 
234 2170.25 
235 2176.77 
236 2116.73 
237 2160.49 
238 2207.31 
239 2190.38 
240 2168.36 
241 2151.08 
242 2172.90 
243 2154.38 
244 2206.25 
245 2110.78 
246 2035.65 
247 2147.90 
248 2112.09 
249 2196.78 
250 2129.30 
251 2177.75 
252 2142.89 
253 2111.58 
254 2071.94 
255 2110.30 
256 2094.37 
257 2146.58 
258 2125.98 
259 2073.53 
260 2204.59 
261 2162.50 
262 2213.67 
263 2226.46 
264 2179.68 
265 2138.22 
266 2187.17 
267 2232.89 
268 2143.20 
269 2221.93 
270 2084.86 
271 2183.58 
272 2169.20 
273 2147.80 
274 2121.62 
275 2187.43 
276 2129.49 
277 2204.17 
278 2169.96 
279 2173.72 
280 2184.56 
281 2175.72 
282 2149.90 
283 2187.04 
284 2151.38 
285 2154.13 
286 2080.32 
287 2182.75 
288 2092.15 
289 2106.12 
290 2139.75 
291 2156.01 
292 2199.88 
293 2166.75 
294 2158.85 
295 2135.25 
296 2206.67 
297 2158.95 
298 2189.07 
299 2163.88 
300 2144.42 
301 2221.99 
302 2113.37 
303 2085.43 
304 2068.31 
305 2152.87 
306 2133.61 
307 2143.57 
308 2234.10 
309 2085.78 
310 2110.13 
311 2142.61 
312 2125.45 
313 2209.19 
314 2226.17 
315 2178.07 
316 2183.54 
317 2114.57 
318 2130.20 
319 2192.81 
320 2088.60 
321 2149.82 
322 2194.02 
323 2177.98 
324 2108.20 
325 2191.10 
326 2131.23 
327 2293.83 
328 2225.49 
329 2185.58 
330 2145.92 
331 2182.39 
332 495.18 
333 2125.23 
334 2109.35 
335 2115.65 
336 2136.48 
337 2189.72 
338 2186.02 
339 2135.90 
340 2132.11 
341 2201.26 
342 2196.54 
343 2114.58 
344 2161.55 
345 2138.83 
346 2176.82 
347 2122.21 
348 2145.02 
349 2183.36 
350 2178.53 
351 2183.28 
352 2162.33 
353 2102.60 
354 2202.17 
355 2157.65 
356 2165.08 
357 2254.14 
358 2142.96 
359 2216.03 
360 2187.46 
361 2155.87 
362 2200.47 
363 2070.89 
364 2075.12 
365 2141.28 
366 2133.67 
367 2124.97 
368 2065.27 
369 2082.57 
370 2204.83 
371 2266.47 
372 2118.76 
373 2126.98 
374 2165.33 
375 2106.01 
376 2160.23 
377 2097.04 
378 2124.25 
379 2195.48 
380 2189.75 
381 2176.47 
382 2124.68 
383 2151.27 
384 2211.74 
385 2141.22 
386 2161.98 
387 2102.20 
388 2138.20 
389 2148.30 
390 2180.09 
391 2101.88 
392 2221.90 
393 2161.50 
394 2115.44 
395 2151.00 
396 2236.20 
397 824.59 
398 2259.93 
399 2194.50 
400 2202.11 
401 2207.60 
402 2145.95 
403 2225.76 
404 2185.86 
405 2084.90 
406 2191.40 
407 2116.69 
408 2155.87 
409 2154.61 
410 2105.65 
411 2243.58 
412 2116.84 
413 2165.90 
414 2097.30 
415 2097.61 
416 2047.42 
417 2093.60 
418 2181.36 
419 2202.48 
420 2172.33 
421 2212.87 
422 2227.29 
423 2147.35 
424 2174.70 
425 2183.05 
426 2177.01 
427 2160.86 
428 2108.02 
429 2231.96 
430 2128.86 
431 2228.09 
432 2162.83 
433 2101.02 
434 2070.83 
435 2185.61 
436 2126.39 
437 2113.19 
438 2200.36 
439 2133.31 
440 2163.43 
441 2180.36 
442 2069.96 
443 2143.70 
444 2213.02 
445 2104.40 
446 2130.92 
447 2210.41 
448 2201.60 
449 2092.07 
450 2112.17 
451 2223.60 
452 2086.59 
453 2161.69 
454 2176.16 
455 2155.26 
456 2226.79 
457 2136.08 
458 2171.16 
459 2076.72 
460 2140.57 
461 2137.07 
462 2279.21 
463 2208.38 
464 2118.93 
465 2163.29 
466 2091.45 
467 2128.98 
468 2163.42 
469 2094.11 
470 2246.54 
471 2167.67 
472 2130.50 
473 2182.14 
474 2172.64 
475 2139.68 
476 2169.29 
477 2142.56 
478 2173.79 
479 2202.88 
480 2119.92 
481 2205.27 
482 2133.65 
483 2146.59 
484 2065.53 
485 2040.87 
486 2254.94 
487 2236.30 
488 2163.03 
489 2050.03 
490 2176.41 
491 2244.95 
492 2048.07 
493 2138.81 
494 2119.51 
495 2157.72 
496 2195.93 
497 2090.04 
498 2118.67 
499 2143.49 
500 2168.85 
501 2212.71 
502 2089.29 
503 2137.63 
504 2165.47 
505 2134.76 
506 2137.77 
507 2155.43 
508 2182.30 
509 2112.54 
510 2167.16 
511 2118.59 
512 2127.52 
513 2150.55 
514 2151.96 
515 2163.91 
516 2122.26 
517 2166.80 
518 2201.56 
519 2206.71 
520 2140.67 
521 2116.36 
522 2159.21 
523 2177.56 
524 2163.81 
525 2170.95 
526 2191.96 
527 2136.79 
528 2109.96 
529 2182.20 
530 2019.92 
531 2078.01 
532 2091.53 
533 2094.33 
534 2223.85 
535 2214.64 
536 2197.13 
537 2110.00 
538 2209.85 
539 2158.21 
540 2220.05 
541 2139.98 
542 2138.21 
543 2193.57 
544 2078.12 
545 2214.73 
546 2184.20 
547 2127.45 
548 2216.07 
549 2113.56 
550 2161.64 
551 2083.68 
552 2174.06 
553 2150.79 
554 2058.65 
555 2041.12 
556 2214.46 
557 2139.13 
558 2178.74 
559 2227.33 
560 2115.09 
561 2133.65 
562 2123.80 
563 2184.99 
564 2148.16 
565 2173.08 
566 2142.37 
567 2185.61 
568 2182.39 
569 2090.92 
570 2206.47 
571 2129.38 
572 2229.77 
573 2186.39 
574 2150.44 
575 2135.82 
576 2152.76 
577 2238.06 
578 2208.99 
579 2136.43 
580 2129.96 
581 2146.57 
582 2125.52 
583 2100.08 
584 2075.64 
585 2118.71 
586 2208.10 
587 2187.05 
588 2024.88 
589 2097.41 
590 2163.29 
591 2166.32 
592 2067.73 
593 2181.72 
594 2127.08 
595 2092.47 
596 2216.62 
597 2035.83 
598 2192.59 
599 2085.59 
600 2147.91 
601 2172.52 
602 2213.77 
603 1944.59 
604 2161.32 
605 2153.94 
606 2180.68 
607 2131.72 
608 2197.95 
609 2226.68 
610 2125.88 
611 2211.16 
612 2193.67 
613 2159.55 
614 2100.32 
615 1369.03 
616 2176.46 
617 2138.95 
618 2208.09 
619 2153.02 
620 2143.14 
621 2157.79 
622 2186.37 
623 1756.52 
624 2202.68 
625 2156.66 
626 2182.59 
627 2176.03 
628 2140.48 
629 2159.57 
630 2175.42 
631 2148.47 
632 2212.73 
633 2261.64 
634 2150.46 
635 2111.84 
636 2216.41 
637 2256.30 
638 2159.76 
639 2196.80 
640 2208.51 
641 2114.05 
642 2120.63 
643 2185.83 
644 2161.90 
645 2082.87 
646 2165.96 
647 2152.81 
648 2047.35 
649 2135.53 
650 2215.78 
651 2134.69 
652 2050.16 
653 2146.80 
654 2177.65 
655 2099.22 
656 2168.56 
657 2214.18 
658 2128.68 
659 2195.38 
660 2082.23 
661 2244.55 
662 2233.96 
663 2148.53 
664 2091.30 
665 2127.53 
666 2075.98 
667 2134.65 
668 2124.82 
669 2094.53 
670 2133.37 
671 2230.21 
672 2121.27 
673 2164.89 
674 2172.73 
675 2167.72 
676 2117.49 
677 2158.33 
678 2166.70 
679 1983.33 
680 2048.24 
681 2115.14 
682 2078.01 
683 2114.83 
684 2118.83 
685 2193.37 
686 2117.83 
687 2182.87 
688 2144.03 
689 2118.79 
690 2230.57 
691 2083.71 
692 2117.06 
693 2201.12 
694 2166.14 
695 2075.20 
696 2124.74 
697 2201.66 
698 2224.64 
699 2156.84 
700 2163.75 
701 2140.45 
702 2063.33 
703 2100.91 
704 2276.82 
705 2122.09 
706 2166.96 
707 2112.71 
708 2101.86 
709 2088.65 
710 2219.25 
711 2199.48 
712 2086.81 
713 2162.63 
714 2248.36 
715 2185.87 
716 2143.73 
717 2165.20 
718 2090.98 
719 2182.88 
720 2160.01 
721 2164.04 
722 2214.24 
723 2199.03 
724 2075.55 
725 2157.66 
726 2125.44 
727 2067.01 
728 2146.83 
729 2198.87 
730 2185.35 
731 2109.82 
732 1830.34 
733 2207.89 
734 2141.35 
735 2200.25 
736 2211.16 
737 2177.48 
738 2230.90 
739 2203.73 
740 2179.04 
0 2221.23 
1 2178.68 
2 2072.02 
3 2188.61 
4 2227.73 
5 2181.54 
6 2155.37 
7 2253.32 
8 2143.35 
9 2098.40 
10 2207.53 
11 2182.27 
12 1003.73 
13 2068.70 
14 2156.86 
15 2179.54 
16 2130.57 
17 2219.59 
18 2132.90 
19 2164.48 
20 2225.07 
21 2099.44 
22 2170.12 
23 2166.70 
24 2133.89 
25 2219.82 
26 2164.55 
27 2160.53 
28 2114.48 
29 2151.12 
30 2210.05 
31 2162.61 
32 2212.83 
33 2106.57 
34 2199.62 
35 2049.68 
36 2225.61 
37 2112.54 
38 2192.10 
39 2115.25 
40 2251.03 
41 2120.58 
42 2133.29 
43 2257.32 
44 2221.04 
45 2129.98 
46 2100.04 
47 2111.96 
48 2059.15 
49 2190.85 
50 2119.49 
51 2218.37 
52 2152.98 
53 2063.30 
54 2127.49 
55 2189.70 
56 2143.59 
57 2102.22 
58 2091.11 
59 2147.44 
60 2146.75 
61 2140.91 
62 2171.90 
63 2158.01 
64 2160.96 
65 2108.50 
66 2227.98 
67 2182.52 
68 2102.47 
69 2181.20 
70 2093.89 
71 2201.52 
72 2117.99 
73 2179.55 
74 2212.05 
75 2219.01 
76 2177.28 
77 2144.57 
78 2143.29 
79 2150.44 
80 2094.76 
81 2153.30 
82 2212.03 
83 2113.70 
84 2159.25 
85 2115.96 
86 2188.72 
87 2183.26 
88 2156.53 
89 2135.04 
90 2190.13 
91 2108.27 
92 2178.00 
93 2223.19 
94 2122.17 
95 2181.00 
96 2084.69 
97 2120.31 
98 2173.28 
99 2088.63 
100 2155.86 
101 2173.58 
102 2070.08 
103 2153.39 
104 2101.70 
105 1991.40 
106 2212.03 
107 2259.55 
108 2119.62 
109 2144.06 
110 2277.87 
111 2268.42 
112 2131.92 
113 2172.73 
114 2160.85 
115 2116.06 
116 2206.19 
117 2100.66 
118 2215.54 
119 2127.86 
120 2126.60 
121 2112.38 
122 2128.19 
123 2186.00 
124 2181.79 
125 2231.54 
126 2165.87 
127 2192.11 
128 2099.59 
129 2086.87 
130 2188.77 
131 2195.00 
132 2100.93 
133 2143.33 
134 2115.72 
135 2216.51 
136 2111.46 
137 2211.81 
138 2222.17 
139 2203.52 
140 2178.95 
141 2142.15 
142 2150.90 
143 2192.63 
144 2164.23 
145 2196.67 
146 2199.29 
147 2143.84 
148 2141.23 
149 2144.54 
150 2171.75 
151 2104.26 
152 2194.25 
153 2138.08 
154 2200.81 
155 2186.97 
156 2103.83 
157 2205.16 
158 2166.55 
159 2137.03 
160 2123.03 
161 2131.27 
162 2240.47 
163 2187.43 
164 2154.18 
165 2135.20 
166 2169.40 
167 2148.90 
168 2171.55 
169 2245.51 
170 2157.37 
171 2181.33 
172 2138.06 
173 2151.09 
174 2067.74 
175 2123.27 
176 2066.71 
177 2094.80 
178 2148.46 
179 2172.23 
180 2124.52 
181 2104.49 
182 2177.53 
183 2188.44 
184 2185.99 
185 2118.06 
186 2235.09 
187 2220.70 
188 2213.45 
189 2132.57 
190 2095.48 
191 2212.48 
192 252.43 
193 2302.78 
194 2152.19 
195 2115.45 
196 2151.29 
197 2241.40 
198 2173.28 
199 2140.99 
200 2142.80 
201 2187.92 
202 2140.19 
203 2028.91 
204 2113.19 
205 2218.51 
206 2169.99 
207 2238.89 
208 2121.15 
209 2101.61 
210 2187.19 
211 2196.00 
212 2161.74 
213 2089.05 
214 2171.37 
215 2222.74 
216 2187.50 
217 2161.25 
218 2137.77 
219 2114.32 
220 1545.93 
221 2177.95 
222 2139.57 
223 2146.18 
224 2114.86 
225 2211.30 
226 2110.90 
227 2110.61 
228 2164.85 
229 2153.79 
230 2186.01 
231 2181.61 
232 2156.59 
233 2220.23 
234 2181.17 
235 2203.16 
236 2239.91 
237 2138.02 
238 2169.23 
239 2037.03 
240 2207.77 
241 2228.55 
242 2215.65 
243 2237.78 
244 2126.62 
245 2183.62 
246 2112.05 
247 2180.70 
248 2214.39 
249 2161.94 
250 2191.38 
251 2101.90 
252 2210.37 
253 2154.42 
254 2167.97 
255 2111.65 
256 2169.56 
257 2246.83 
258 2196.23 
259 2156.76 
260 2212.35 
261 2070.36 
262 2185.97 
263 2141.71 
264 2211.26 
265 2149.48 
266 2193.66 
267 2036.53 
268 2220.80 
269 491.94 
270 2165.72 
271 2257.82 
272 2202.15 
273 2144.52 
274 2198.28 
275 2124.40 
276 2210.51 
277 2272.83 
278 2035.71 
279 2129.82 
280 2099.65 
281 2175.38 
282 2133.02 
283 2168.03 
284 2149.01 
285 2201.45 
286 2112.08 
287 2196.03 
288 2205.82 
289 2039.32 
290 2244.14 
291 2187.08 
292 2190.80 
293 2152.91 
294 2208.73 
295 2180.66 
296 2195.77 
297 2183.56 
298 2220.50 
299 2196.69 
300 2211.51 
301 2178.44 
302 2116.58 
303 2148.76 
304 2146.74 
305 2202.88 
306 2050.92 
307 2190.96 
308 2139.38 
309 2198.53 
310 2202.63 
311 2166.17 
312 2217.38 
313 2164.20 
314 2171.23 
315 2051.94 
316 2153.72 
317 2240.43 
318 1336.95 
319 2128.14 
320 2177.02 
321 2140.19 
322 2040.18 
323 2140.29 
324 2181.35 
325 2145.37 
326 2135.84 
327 2149.44 
328 2240.03 
329 2222.12 
330 2095.76 
331 2179.23 
332 2196.41 
333 2156.33 
334 2196.99 
335 2203.54 
336 2124.62 
337 2175.60 
338 2144.64 
339 2136.36 
340 2171.01 
341 2144.77 
342 2118.56 
343 2216.79 
344 2169.99 
345 2192.07 
346 2153.15 
347 2197.15 
348 2206.74 
349 2092.46 
350 2066.95 
351 2191.81 
352 2283.36 
353 2141.58 
354 2043.91 
355 2193.57 
356 2187.30 
357 2170.79 
358 2094.06 
359 2162.90 
360 2204.53 
361 2150.18 
362 2114.30 
363 2156.05 
364 2205.98 
365 2112.22 
366 2202.73 
367 2219.33 
368 2208.62 
369 2194.63 
370 2126.91 
371 2032.76 
372 2087.69 
373 2171.37 
374 2254.08 
375 2157.72 
376 2133.77 
377 2109.08 
378 2202.36 
379 2050.72 
380 2175.29 
381 2087.02 
382 2206.81 
383 2131.47 
384 2096.69 
385 2121.70 
386 2155.50 
387 2209.60 
388 2127.50 
389 2212.00 
390 2196.54 
391 2005.29 
392 2103.54 
393 2225.14 
394 2158.36 
395 2170.50 
396 2058.91 
397 2205.33 
398 2184.24 
399 2115.91 
400 2197.23 
401 2231.31 
402 2091.96 
403 2174.55 
404 2124.29 
405 2148.11 
406 2181.03 
407 2148.57 
408 2138.08 
409 2196.67 
410 2178.92 
411 2117.64 
412 2132.16 
413 2149.02 
414 2203.15 
415 2177.61 
416 2172.40 
417 2167.49 
418 2153.88 
419 2091.75 
420 2192.53 
421 2207.10 
422 2208.05 
423 2248.26 
424 2177.75 
425 2095.44 
426 2118.88 
427 2197.65 
428 2088.43 
429 2084.26 
430 2188.81 
431 2269.88 
432 2094.55 
433 2170.90 
434 2233.92 
435 2116.74 
436 2141.31 
437 2180.87 
438 2174.57 
439 2235.87 
440 2236.13 
441 2207.63 
442 2201.57 
443 2101.49 
444 2118.44 
445 2227.20 
446 2159.99 
447 2111.08 
448 2166.30 
449 2102.82 
450 2146.65 
451 2123.93 
452 2167.13 
453 1831.36 
454 2100.91 
455 2138.11 
456 2036.72 
457 1984.12 
458 2216.29 
459 2220.48 
460 2121.03 
461 2123.05 
462 2183.95 
463 2149.28 
464 2087.60 
465 2177.21 
466 2141.52 
467 2192.46 
468 2043.89 
469 2047.12 
470 2107.47 
471 2199.63 
472 2126.85 
473 2144.18 
474 2124.37 
475 2214.70 
476 2193.22 
477 2144.58 
478 2182.49 
479 2164.25 
480 2209.92 
481 2100.47 
482 2188.13 
483 2150.22 
484 2177.90 
485 2159.72 
486 2148.08 
487 2178.94 
488 2205.86 
489 2155.60 
490 2214.44 
491 2133.22 
492 2128.70 
493 2221.01 
494 2206.04 
495 2106.84 
496 2166.09 
497 2145.36 
498 2147.13 
499 2122.87 
500 2220.54 
501 2131.41 
502 2255.75 
503 2256.67 
504 2155.67 
505 2159.36 
506 2146.43 
507 2166.02 
508 2151.06 
509 2142.54 
510 2208.59 
511 2131.98 
512 2211.29 
513 2194.22 
514 2117.06 
515 2112.95 
516 2247.39 
517 2190.01 
518 2306.78 
519 2115.57 
520 2126.46 
521 2170.02 
522 2186.95 
523 2191.16 
524 2148.55 
525 2193.46 
526 2141.70 
527 2197.57 
528 2266.04 
529 2181.93 
530 2099.64 
531 2161.26 
532 2125.07 
533 2218.28 
534 2143.83 
535 2250.83 
536 2163.37 
537 2139.19 
538 2231.10 
539 2174.26 
540 2243.36 
541 2176.81 
542 2169.14 
543 2194.20 
544 2171.76 
545 2209.92 
546 2182.93 
547 2186.46 
548 2105.26 
549 2026.92 
550 2156.81 
551 2100.76 
552 2067.58 
553 2207.43 
554 2168.73 
555 2175.40 
556 2256.42 
557 2110.99 
558 2183.79 
559 2076.75 
560 2151.90 
561 2176.89 
562 2220.62 
563 2215.10 
564 2158.86 
565 2064.58 
566 2223.67 
567 2134.24 
568 2165.40 
569 2134.83 
570 2169.92 
571 2179.57 
572 2162.41 
573 2143.22 
574 2156.24 
575 2222.98 
576 2185.23 
577 2212.46 
578 2194.69 
579 2248.96 
580 2184.73 
581 2222.51 
582 2251.46 
583 2196.84 
584 2142.22 
585 2165.55 
586 2178.05 
587 2188.52 
588 2165.93 
589 2048.58 
590 2113.06 
591 2112.34 
592 2159.21 
593 2202.31 
594 2190.44 
595 2265.93 
596 2268.21 
597 2235.81 
598 2168.59 
599 2123.95 
600 2267.20 
601 1855.72 
602 2215.17 
603 2192.21 
604 2230.68 
605 2129.99 
606 2186.61 
607 2180.11 
608 2101.74 
609 2122.70 
610 2139.38 
611 2258.69 
612 2279.29 
613 2235.07 
614 2172.20 
615 2177.07 
616 2155.10 
617 2137.72 
618 2160.38 
619 2224.88 
620 2204.63 
621 2152.61 
622 2164.06 
623 2264.47 
624 2155.32 
625 2157.03 
626 2145.26 
627 2216.27 
628 2084.60 
629 2093.79 
630 2242.40 
631 2247.76 
632 2123.48 
633 2109.89 
634 2158.35 
635 2173.88 
636 2128.37 
637 2217.50 
638 2221.28 
639 2157.75 
640 2103.00 
641 2205.96 
642 2158.90 
643 2160.00 
644 2176.02 
645 2057.00 
646 2163.95 
647 2207.87 
648 2280.49 
649 2246.35 
650 2202.63 
651 2094.00 
652 2187.48 
653 2061.50 
654 2164.26 
655 2153.78 
656 2122.67 
657 2165.52 
658 2181.18 
659 2172.86 
660 2234.91 
661 2140.54 
662 2182.22 
663 2214.81 
664 2091.50 
665 2167.72 
666 2234.81 
667 2236.93 
668 2217.16 
669 2092.03 
670 2212.91 
671 2168.79 
672 2199.55 
673 2145.40 
674 2112.82 
675 2196.41 
676 2138.62 
677 2166.30 
678 2102.15 
679 2113.23 
680 2242.36 
681 2149.39 
682 2210.15 
683 2185.22 
684 2193.83 
685 2242.51 
686 2179.29 
687 2117.90 
688 2158.68 
689 2154.34 
690 2146.95 
691 2206.25 
692 2125.33 
693 2132.39 
694 2096.62 
695 2100.83 
696 2155.06 
697 2184.67 
698 2147.43 
699 2229.50 
700 2273.78 
701 2118.41 
702 2155.09 
703 2244.93 
704 2187.10 
705 2232.61 
706 2156.44 
707 2202.25 
708 2113.18 
709 2211.12 
710 2199.10 
711 2186.56 
712 2187.58 
713 2223.64 
714 2151.93 
715 2115.48 
716 2200.00 
717 2095.93 
718 2194.09 
719 2198.58 
720 2063.10 
721 2120.49 
722 2176.07 
723 2137.94 
724 2078.97 
725 2194.14 
726 2205.25 
727 2242.73 
728 2144.32 
729 2180.27 
730 2136.21 
731 2232.84 
732 2232.40 
733 2150.62 
734 2171.48 
735 2148.52 
736 2193.91 
737 2244.38 
738 2184.32 
739 2169.00 
740 2178.22 
741 2214.35 
742 2151.30 
743 2152.82 
744 2111.10 
745 2271.21 
746 2191.49 
747 2158.26 
748 2199.82 
749 2218.72 
750 2229.71 
751 2185.99 
752 2210.09 
753 2169.82 
754 2171.60 
755 2220.45 
756 2122.78 
757 2167.35 
758 2114.38 
759 2131.16 
760 2136.37 
761 2139.98 
762 2228.09 
763 2241.31 
764 2123.27 
765 2135.22 
766 2157.51 
767 2237.72 
768 2234.28 
769 2238.61 
770 2163.02 
771 2186.33 
772 2167.58 
773 2223.70 
774 2177.94 
775 2162.44 
776 2171.24 
777 2158.99 
778 2218.98 
779 2245.85 
780 2180.13 
781 2170.63 
782 2077.25 
783 2244.40 
784 2040.30 
785 2197.80 
786 2150.81 
787 2228.92 
788 2068.78 
789 2139.70 
790 2127.44 
791 2198.82 
792 2141.35 
793 2259.60 
794 2103.95 
795 2154.81 
796 2012.40 
797 2200.79 
798 2159.66 
799 2188.13 
800 2226.31 
801 583.66 
802 2174.85 
803 2177.68 
804 2198.91 
805 2233.40 
806 2203.20 
807 2171.40 
808 2279.46 
809 2153.54 
810 2058.03 
811 2177.47 
812 2139.31 
813 2219.75 
814 2174.80 
815 2121.02 
816 2168.75 
817 2117.41 
818 2164.50 
819 2192.94 
820 2134.58 
821 2179.33 
822 2171.94 
823 2127.31 
824 2169.54 
825 2228.19 
826 2224.79 
827 2044.03 
828 2131.66 
829 2236.39 
830 2126.48 
831 2142.35 
832 2037.90 
833 2153.68 
834 2175.92 
835 2138.45 
836 2142.28 
837 2160.00 
838 2171.20 
839 2170.16 
840 2218.49 
841 2042.89 
842 2186.43 
843 2165.23 
844 2194.78 
845 2202.65 
846 2166.30 
847 2264.06 
848 2171.00 
849 2100.97 
850 2093.72 
851 2234.44 
852 2189.67 
853 2240.24 
854 2102.83 
855 2203.93 
856 2178.18 
857 2181.45 
858 2190.91 
859 2136.48 
860 2169.82 
861 2231.44 
862 2165.25 
863 2277.44 
864 2205.98 
865 2180.50 
866 2142.26 
867 2170.75 
868 2174.34 
869 2187.75 
870 2157.77 
871 2216.03 
872 2189.57 
873 2008.69 
874 2206.81 
875 2185.75 
876 2174.05 
877 2129.14 
878 2211.50 
879 2175.19 
880 2135.32 
881 2249.89 
882 2114.69 
883 2155.39 
884 1939.36 
885 2105.59 
886 2175.60 
887 2152.08 
888 2137.67 
889 2236.26 
890 2227.05 
891 2206.12 
892 2161.23 
893 2129.00 
894 2165.28 
895 2117.74 
896 2175.28 
897 2142.53 
898 2202.60 
899 2239.41 
900 2079.88 
901 2183.19 
902 2163.15 
903 2279.76 
904 2246.18 
905 2189.91 
906 2092.91 
907 2265.61 
908 2103.77 
909 2185.57 
910 2199.56 
911 2190.87 
912 2172.66 
913 2229.12 
914 2121.84 
915 2261.92 
916 2217.80 
917 2213.04 
918 2189.49 
919 2176.08 
920 2167.45 
921 2176.07 
922 2167.36 
923 2264.60 
924 2037.23 
925 2115.33 
926 2146.93 
927 2122.70 
928 2092.69 
929 2123.10 
930 2178.32 
931 2101.05 
932 2155.91 
933 2145.22 
934 2205.13 
935 2199.39 
936 2198.79 
937 2179.65 
938 2097.84 
939 2237.08 
940 2171.92 
941 2220.39 
942 2210.72 
943 2137.86 
944 2195.46 
945 2144.74 
946 2118.50 
947 2212.40 
948 2121.07 
949 2064.27 
950 2170.89 
951 2177.21 
952 2180.36 
953 2217.54 
954 2148.20 
955 2102.73 
956 2153.61 
957 2171.45 
958 2115.40 
959 2100.54 
960 2196.26 
961 2095.92 
962 2220.94 
963 2170.40 
964 2105.93 
965 2154.18 
966 2218.02 
967 2222.87 
968 2078.86 
969 2061.68 
970 2198.30 
971 2202.43 
972 2223.06 
973 2118.48 
974 2169.10 
975 2198.96 
976 2141.94 
977 2221.52 
978 2143.55 
979 2119.57 
980 2182.02 
981 2161.34 
982 2192.31 
983 2128.84 
984 2155.50 
985 2203.32 
986 2116.74 
987 2087.97 
988 2141.95 
989 2188.19 
990 2186.81 
991 2207.29 
992 2173.92 
993 2208.51 
994 2211.74 
995 2222.99 
996 2129.85 
997 2123.54 
998 2259.93 
999 2235.33 
1000 2280.31 
1001 2191.96 
1002 2125.54 
1003 2112.93 
1004 2161.14 
1005 2163.23 
1006 2107.00 
1007 2155.47 
1008 2201.10 
1009 2176.84 
1010 2193.34 
1011 2121.20 
1012 2204.14 
1013 2109.44 
1014 2224.13 
1015 2187.31 
1016 2158.57 
