Seed 8:
0 -500.00 
1 -500.00 
2 -500.00 
3 -500.00 
4 -500.00 
5 -500.00 
6 -500.00 
7 -500.00 
8 -500.00 
9 -500.00 
10 -208.00 
11 -71.00 
12 -74.00 
13 -102.00 
14 -84.00 
15 -77.00 
16 -77.00 
17 -78.00 
18 -65.00 
19 -93.00 
20 -66.00 
21 -90.00 
22 -75.00 
23 -95.00 
24 -76.00 
25 -80.00 
26 -89.00 
27 -102.00 
28 -75.00 
29 -104.00 
30 -73.00 
31 -87.00 
32 -75.00 
33 -87.00 
34 -88.00 
35 -90.00 
36 -75.00 
37 -89.00 
38 -82.00 
39 -72.00 
40 -85.00 
41 -90.00 
42 -65.00 
43 -85.00 
44 -84.00 
45 -79.00 
46 -87.00 
47 -81.00 
48 -72.00 
49 -73.00 
50 -65.00 
51 -77.00 
52 -108.00 
53 -82.00 
54 -65.00 
55 -74.00 
56 -72.00 
57 -73.00 
58 -90.00 
59 -83.00 
60 -82.00 
61 -78.00 
62 -78.00 
63 -73.00 
64 -66.00 
65 -82.00 
66 -99.00 
67 -64.00 
68 -84.00 
69 -86.00 
70 -67.00 
71 -64.00 
72 -73.00 
73 -65.00 
74 -85.00 
75 -89.00 
76 -99.00 
77 -78.00 
78 -91.00 
79 -78.00 
80 -79.00 
81 -73.00 
82 -72.00 
83 -75.00 
84 -96.00 
85 -88.00 
86 -79.00 
87 -80.00 
88 -86.00 
89 -65.00 
90 -74.00 
91 -88.00 
92 -88.00 
93 -73.00 
94 -92.00 
95 -89.00 
96 -94.00 
97 -80.00 
98 -64.00 
99 -64.00 
100 -160.00 
101 -64.00 
102 -167.00 
103 -73.00 
104 -111.00 
105 -77.00 
106 -79.00 
107 -96.00 
108 -81.00 
109 -86.00 
110 -78.00 
111 -82.00 
112 -64.00 
113 -79.00 
114 -78.00 
115 -94.00 
116 -91.00 
117 -66.00 
118 -169.00 
119 -78.00 
120 -77.00 
121 -112.00 
122 -73.00 
123 -78.00 
124 -78.00 
125 -73.00 
126 -81.00 
127 -64.00 
128 -66.00 
129 -91.00 
130 -73.00 
131 -76.00 
132 -73.00 
133 -79.00 
134 -84.00 
135 -65.00 
136 -73.00 
137 -79.00 
138 -77.00 
139 -77.00 
140 -92.00 
141 -79.00 
142 -65.00 
143 -91.00 
144 -83.00 
145 -90.00 
146 -94.00 
147 -79.00 
148 -81.00 
149 -84.00 
150 -85.00 
151 -94.00 
152 -80.00 
153 -84.00 
154 -81.00 
155 -92.00 
156 -86.00 
157 -64.00 
158 -72.00 
159 -72.00 
160 -79.00 
161 -81.00 
162 -74.00 
163 -84.00 
164 -79.00 
165 -86.00 
166 -73.00 
167 -114.00 
168 -73.00 
169 -86.00 
170 -86.00 
171 -78.00 
172 -72.00 
173 -74.00 
174 -86.00 
175 -80.00 
176 -78.00 
177 -99.00 
178 -80.00 
179 -96.00 
180 -74.00 
181 -79.00 
182 -73.00 
183 -82.00 
184 -90.00 
185 -79.00 
186 -84.00 
187 -74.00 
188 -77.00 
189 -86.00 
190 -72.00 
191 -81.00 
192 -70.00 
193 -75.00 
194 -77.00 
195 -78.00 
196 -103.00 
197 -92.00 
198 -65.00 
199 -79.00 
200 -85.00 
201 -85.00 
202 -81.00 
203 -80.00 
204 -78.00 
205 -79.00 
206 -94.00 
207 -86.00 
208 -72.00 
209 -78.00 
210 -140.00 
211 -103.00 
212 -84.00 
213 -81.00 
214 -82.00 
215 -74.00 
216 -112.00 
217 -80.00 
218 -67.00 
219 -64.00 
220 -80.00 
221 -95.00 
222 -79.00 
223 -94.00 
224 -82.00 
225 -84.00 
226 -72.00 
227 -87.00 
228 -81.00 
229 -94.00 
230 -88.00 
231 -80.00 
232 -85.00 
233 -79.00 
234 -78.00 
235 -70.00 
236 -95.00 
237 -81.00 
238 -78.00 
239 -86.00 
240 -91.00 
241 -79.00 
242 -65.00 
243 -76.00 
244 -161.00 
245 -72.00 
246 -86.00 
247 -77.00 
248 -78.00 
249 -65.00 
250 -74.00 
251 -81.00 
252 -94.00 
253 -71.00 
254 -78.00 
255 -82.00 
256 -73.00 
257 -64.00 
258 -94.00 
259 -88.00 
260 -76.00 
261 -89.00 
262 -80.00 
263 -79.00 
264 -74.00 
265 -73.00 
266 -72.00 
267 -95.00 
268 -90.00 
269 -79.00 
270 -73.00 
271 -78.00 
272 -93.00 
273 -86.00 
274 -91.00 
275 -88.00 
276 -83.00 
277 -84.00 
278 -82.00 
279 -78.00 
280 -79.00 
281 -78.00 
282 -80.00 
283 -93.00 
284 -90.00 
285 -71.00 
286 -65.00 
287 -83.00 
288 -84.00 
289 -94.00 
290 -81.00 
291 -65.00 
292 -71.00 
293 -74.00 
294 -83.00 
295 -85.00 
296 -104.00 
297 -97.00 
298 -90.00 
299 -65.00 
300 -79.00 
301 -80.00 
302 -133.00 
303 -81.00 
304 -91.00 
305 -95.00 
306 -79.00 
307 -65.00 
308 -73.00 
309 -74.00 
310 -64.00 
311 -73.00 
312 -145.00 
313 -78.00 
314 -142.00 
315 -90.00 
316 -87.00 
317 -90.00 
318 -79.00 
319 -65.00 
320 -84.00 
321 -77.00 
322 -64.00 
323 -93.00 
324 -84.00 
325 -72.00 
326 -79.00 
327 -81.00 
328 -90.00 
329 -71.00 
330 -86.00 
331 -74.00 
332 -73.00 
333 -87.00 
334 -84.00 
335 -84.00 
336 -65.00 
337 -73.00 
338 -79.00 
339 -72.00 
340 -71.00 
341 -73.00 
342 -82.00 
343 -89.00 
344 -86.00 
345 -85.00 
346 -73.00 
347 -78.00 
348 -86.00 
349 -76.00 
350 -81.00 
351 -74.00 
352 -95.00 
353 -94.00 
354 -89.00 
355 -89.00 
356 -77.00 
357 -90.00 
358 -66.00 
359 -79.00 
360 -80.00 
361 -77.00 
362 -97.00 
363 -77.00 
364 -73.00 
365 -74.00 
366 -89.00 
367 -93.00 
368 -86.00 
369 -73.00 
370 -64.00 
371 -86.00 
372 -74.00 
373 -78.00 
374 -79.00 
375 -71.00 
376 -73.00 
377 -100.00 
378 -79.00 
379 -72.00 
380 -78.00 
381 -105.00 
382 -84.00 
383 -89.00 
384 -73.00 
385 -95.00 
386 -73.00 
387 -73.00 
388 -91.00 
389 -78.00 
390 -77.00 
391 -86.00 
392 -73.00 
393 -65.00 
394 -73.00 
395 -78.00 
396 -77.00 
397 -72.00 
398 -90.00 
399 -84.00 
400 -64.00 
401 -79.00 
402 -83.00 
403 -74.00 
404 -84.00 
405 -70.00 
406 -85.00 
407 -124.00 
408 -90.00 
409 -73.00 
410 -84.00 
411 -78.00 
412 -74.00 
413 -72.00 
414 -72.00 
415 -88.00 
416 -85.00 
417 -78.00 
418 -79.00 
419 -86.00 
420 -80.00 
421 -88.00 
422 -64.00 
423 -81.00 
424 -113.00 
425 -65.00 
426 -83.00 
427 -79.00 
428 -65.00 
429 -82.00 
430 -86.00 
431 -65.00 
432 -77.00 
433 -78.00 
434 -79.00 
435 -73.00 
436 -97.00 
437 -74.00 
438 -78.00 
439 -73.00 
440 -80.00 
441 -79.00 
442 -117.00 
443 -95.00 
444 -95.00 
445 -64.00 
446 -73.00 
447 -72.00 
448 -78.00 
449 -79.00 
450 -81.00 
451 -73.00 
452 -64.00 
453 -100.00 
454 -73.00 
455 -84.00 
456 -86.00 
457 -79.00 
458 -87.00 
459 -83.00 
460 -79.00 
461 -77.00 
462 -74.00 
463 -92.00 
464 -167.00 
465 -81.00 
466 -85.00 
467 -89.00 
468 -88.00 
469 -78.00 
470 -72.00 
471 -72.00 
472 -76.00 
473 -90.00 
474 -87.00 
475 -65.00 
476 -79.00 
477 -92.00 
478 -78.00 
479 -92.00 
480 -84.00 
481 -78.00 
482 -72.00 
483 -84.00 
484 -79.00 
485 -83.00 
486 -73.00 
487 -74.00 
488 -73.00 
489 -74.00 
490 -76.00 
491 -79.00 
492 -87.00 
493 -65.00 
494 -86.00 
495 -90.00 
496 -74.00 
497 -79.00 
498 -123.00 
499 -82.00 
500 -94.00 
