Seed 0:
0 -99.48 
1 -99.51 
2 -99.48 
3 -99.48 
4 -99.50 
5 -69.42 
6 -54.82 
7 65.36 
8 -32.59 
9 -34.42 
10 -33.11 
11 -33.08 
12 -34.04 
13 -33.86 
14 -34.73 
15 -35.28 
16 -34.15 
17 -33.57 
18 -33.14 
19 -33.44 
20 -32.91 
21 -32.96 
22 66.72 
23 -33.00 
24 -34.73 
25 -34.27 
26 -35.14 
27 -34.42 
28 -34.01 
29 -33.76 
30 -31.95 
31 -31.72 
32 -34.40 
33 -33.61 
34 -32.27 
35 66.67 
36 -33.01 
37 -33.96 
38 -33.34 
39 69.77 
40 -32.01 
41 -32.89 
42 -34.31 
43 -32.76 
44 -33.26 
45 -33.30 
46 -33.41 
47 66.67 
48 -31.34 
49 -29.93 
50 -32.89 
51 -33.30 
52 -31.55 
53 -32.79 
54 -33.66 
55 -33.30 
56 -33.96 
57 -32.53 
58 -30.57 
59 -34.30 
60 -30.16 
61 -31.77 
62 -32.37 
63 -30.43 
64 -34.02 
65 -32.25 
66 -32.39 
67 71.24 
68 -31.11 
69 -34.16 
70 -29.85 
71 -30.94 
72 -32.66 
73 -31.66 
74 -30.34 
75 -31.54 
76 -31.04 
77 -29.53 
78 -30.02 
79 68.24 
80 -31.95 
81 -29.42 
82 -26.95 
83 -30.38 
84 -28.06 
85 -28.57 
86 78.17 
87 -28.45 
88 -25.64 
89 -27.27 
90 77.26 
91 76.42 
92 70.31 
93 -27.33 
94 -26.91 
95 77.82 
96 -25.83 
97 75.26 
98 -29.50 
99 74.85 
100 -27.37 
101 -25.35 
102 -25.77 
103 75.50 
104 -25.68 
105 72.76 
106 -26.55 
107 74.27 
108 85.95 
109 81.00 
110 -25.97 
111 85.23 
112 -24.32 
113 -25.48 
114 79.05 
115 79.13 
116 -29.79 
117 82.54 
118 82.20 
119 -29.21 
120 79.46 
121 80.52 
122 81.89 
123 -28.47 
124 72.98 
125 -30.72 
126 80.71 
127 79.60 
128 73.83 
129 70.37 
130 82.84 
131 -30.62 
132 76.33 
133 72.56 
134 74.96 
135 82.19 
136 87.68 
137 78.20 
138 79.76 
139 -31.80 
140 69.79 
141 82.55 
142 74.49 
143 75.58 
144 82.25 
145 75.48 
146 71.05 
147 74.10 
148 70.15 
149 83.76 
150 81.02 
151 82.17 
152 75.90 
153 85.61 
154 79.24 
155 78.68 
156 74.77 
157 84.57 
158 88.16 
159 84.12 
160 82.38 
161 78.01 
162 87.03 
163 76.85 
164 -31.93 
165 70.40 
166 69.03 
167 81.85 
168 84.49 
169 85.26 
170 86.77 
171 72.98 
172 73.19 
173 79.26 
174 80.67 
175 76.96 
176 69.44 
177 79.46 
178 85.23 
179 70.13 
180 -32.66 
181 79.11 
182 82.64 
183 78.36 
184 82.66 
185 82.22 
186 78.67 
187 84.87 
188 80.66 
189 83.50 
190 86.37 
191 71.10 
192 73.98 
193 73.79 
194 83.40 
195 72.32 
196 80.24 
197 82.33 
198 82.65 
199 79.99 
200 84.96 
201 83.00 
202 78.63 
203 84.81 
204 88.37 
205 70.45 
206 86.63 
207 80.05 
208 82.47 
209 81.99 
210 -34.45 
211 84.17 
212 -33.94 
213 79.63 
214 68.35 
215 76.70 
216 85.12 
217 82.77 
218 75.90 
219 79.37 
220 83.08 
221 81.37 
222 68.41 
223 88.33 
224 81.31 
225 73.79 
226 80.73 
227 83.32 
228 82.93 
229 86.69 
230 79.97 
231 81.93 
232 83.52 
233 81.46 
234 79.83 
235 74.88 
236 70.08 
237 87.28 
238 77.93 
239 84.92 
240 75.30 
241 76.76 
242 78.76 
243 89.88 
244 82.30 
245 81.16 
246 76.79 
247 76.07 
248 80.49 
249 84.58 
250 78.12 
251 81.16 
252 -34.24 
253 83.18 
254 86.03 
255 85.35 
256 80.13 
257 80.66 
258 77.42 
259 73.71 
260 88.44 
261 86.07 
262 82.63 
263 86.95 
264 84.44 
265 68.18 
266 71.70 
267 70.80 
268 84.24 
269 86.05 
270 86.22 
271 -33.50 
272 87.45 
273 76.04 
274 87.37 
275 77.33 
276 -33.43 
277 85.97 
278 80.83 
279 85.84 
280 75.18 
281 -33.62 
282 90.16 
283 77.28 
284 87.65 
285 84.21 
286 82.31 
287 82.52 
288 84.84 
289 86.92 
290 88.13 
291 86.96 
292 69.26 
293 82.06 
294 88.13 
295 84.41 
296 85.31 
297 76.83 
298 73.49 
299 74.33 
300 87.13 
301 85.95 
302 85.92 
303 73.49 
304 77.20 
305 75.20 
306 82.60 
307 81.05 
308 84.31 
309 81.50 
310 87.24 
311 70.52 
312 78.84 
313 76.31 
314 70.70 
315 78.15 
316 74.65 
317 68.13 
318 80.83 
319 81.52 
320 89.72 
321 74.39 
322 -33.40 
323 74.23 
324 83.12 
325 74.67 
326 80.60 
327 89.18 
328 75.14 
329 77.22 
330 82.24 
331 78.52 
332 86.45 
333 82.68 
334 86.14 
335 -33.17 
336 90.00 
337 81.88 
338 90.11 
339 86.82 
340 80.44 
341 86.13 
342 85.21 
343 84.85 
344 87.44 
345 82.43 
346 86.00 
347 81.59 
348 83.26 
349 68.13 
350 84.99 
351 86.28 
352 88.96 
353 85.06 
354 80.37 
355 84.68 
356 80.18 
357 84.49 
358 86.38 
359 73.35 
360 77.53 
361 81.43 
362 87.75 
363 82.87 
364 72.31 
365 82.63 
366 81.11 
367 82.64 
368 83.16 
369 79.07 
370 72.13 
371 90.33 
372 74.19 
373 83.58 
374 81.84 
375 84.15 
376 76.37 
377 79.16 
378 85.09 
379 76.75 
380 81.39 
381 83.08 
382 78.40 
383 86.20 
384 87.96 
385 77.55 
386 73.82 
387 78.97 
388 82.38 
389 82.51 
390 84.65 
391 77.32 
392 84.65 
393 82.37 
394 72.41 
395 74.28 
396 75.93 
397 88.35 
398 73.65 
399 76.11 
400 72.91 
401 87.65 
402 87.08 
403 84.99 
404 82.62 
405 85.68 
406 89.32 
407 87.35 
408 79.37 
409 84.29 
410 78.07 
411 83.86 
412 90.10 
413 82.76 
414 75.98 
415 73.53 
416 82.02 
417 82.48 
418 79.89 
419 73.74 
420 83.93 
421 89.90 
422 78.65 
423 87.67 
424 78.69 
425 80.35 
426 83.92 
427 86.65 
428 74.69 
429 73.52 
430 83.31 
431 85.01 
432 88.09 
433 84.22 
434 68.30 
435 81.55 
436 77.32 
437 81.03 
438 85.04 
439 80.63 
440 84.01 
441 76.72 
442 86.82 
443 87.59 
444 70.43 
445 79.24 
446 81.25 
447 81.22 
448 82.29 
449 71.28 
450 86.49 
451 90.21 
452 70.20 
453 79.49 
454 79.61 
455 85.14 
456 -33.70 
457 84.32 
458 81.85 
459 84.35 
460 82.79 
461 82.80 
462 84.75 
463 72.45 
464 86.64 
465 74.20 
466 76.39 
467 74.55 
468 81.75 
469 78.24 
470 73.47 
471 82.29 
472 86.90 
473 83.69 
474 81.14 
475 80.47 
476 87.61 
477 86.97 
478 90.21 
479 81.04 
480 80.55 
481 89.63 
482 79.18 
483 84.30 
484 88.23 
485 89.81 
486 76.15 
487 82.00 
488 75.13 
489 75.28 
490 83.34 
491 84.85 
492 88.43 
493 87.62 
494 89.93 
495 72.97 
496 86.34 
497 84.80 
498 84.11 
499 -30.44 
500 78.05 
