Seed 9:
0 -38.56 
1 -34.82 
2 -35.15 
3 -31.12 
4 -30.70 
5 -30.45 
6 -30.09 
7 -29.92 
8 -29.70 
9 -26.99 
10 -26.13 
11 -25.54 
12 -28.40 
13 -26.85 
14 -26.65 
15 -26.07 
16 -25.22 
17 -27.61 
18 -25.21 
19 -25.14 
20 -25.60 
21 -27.49 
22 -26.09 
23 -25.79 
24 -26.26 
25 -26.94 
26 -25.23 
27 -26.39 
28 -25.28 
29 -27.69 
30 -23.63 
31 -24.96 
32 -25.90 
33 -26.95 
34 -24.85 
35 -24.59 
36 -25.40 
37 -26.09 
38 -24.22 
39 -24.88 
40 -26.58 
41 -25.62 
42 -24.52 
43 -26.31 
44 -24.33 
45 -23.88 
46 -24.70 
47 -26.12 
48 -26.43 
49 -25.48 
50 -24.88 
51 -26.14 
52 -26.14 
53 -26.36 
54 -26.78 
55 -25.85 
56 -24.68 
57 -23.83 
58 -24.21 
59 -23.57 
60 -25.81 
61 -23.53 
62 -25.21 
63 -25.02 
64 -24.76 
65 -27.32 
66 -25.49 
67 -26.15 
68 -26.18 
69 -25.56 
70 -25.51 
71 -26.26 
72 -24.91 
73 -26.69 
74 -25.86 
75 -24.19 
76 -26.01 
77 -24.99 
78 -24.19 
79 -25.59 
80 -25.57 
81 -27.44 
82 -25.76 
83 -24.21 
84 -25.15 
85 -26.38 
86 -25.96 
87 -25.40 
88 -25.58 
89 -25.44 
90 -26.52 
91 -24.91 
92 -24.75 
93 -25.67 
94 -25.50 
95 -25.48 
96 -24.92 
97 -25.88 
98 -25.32 
99 -24.39 
100 -25.15 
101 -24.99 
102 -25.89 
103 -26.35 
104 -25.72 
105 -24.54 
106 -25.69 
107 -25.93 
108 -26.49 
109 -25.31 
110 -23.85 
111 -24.34 
112 -25.16 
113 -23.32 
114 -25.43 
115 -25.17 
116 -25.36 
117 -27.21 
118 -26.54 
119 -25.68 
120 -25.67 
121 -25.05 
122 -25.48 
123 -26.49 
124 -26.05 
125 -26.21 
126 -26.79 
127 -23.79 
128 -25.28 
129 -25.04 
130 -25.34 
131 -24.67 
132 -24.29 
133 -25.75 
134 -25.57 
135 -26.26 
136 -24.54 
137 -24.04 
138 -24.57 
139 -24.96 
140 -25.25 
141 -26.07 
142 -24.91 
143 -26.36 
144 -25.58 
145 -26.59 
146 -25.12 
147 -24.62 
148 -26.02 
149 -24.31 
150 -26.92 
151 -25.66 
152 -25.90 
153 -23.64 
154 -25.85 
155 -25.82 
156 -25.33 
157 -24.77 
158 -25.87 
159 -24.82 
160 -25.66 
161 -25.40 
162 -25.63 
163 -25.22 
164 -25.89 
165 -27.85 
166 -26.10 
167 -26.17 
168 -26.92 
169 -24.11 
170 -23.99 
171 -26.83 
172 -23.88 
173 -26.25 
174 -25.43 
175 -27.29 
176 -25.90 
177 -25.80 
178 -23.93 
179 -24.64 
180 -24.41 
181 -24.81 
182 -24.61 
183 -26.25 
184 -25.39 
185 -25.73 
186 -26.63 
187 -25.04 
188 -24.20 
189 -25.89 
190 -26.41 
191 -25.24 
192 -25.19 
193 -24.19 
194 -25.99 
195 -27.21 
196 -24.93 
197 -24.54 
198 -25.12 
199 -25.76 
200 -26.24 
201 -28.77 
202 -25.52 
203 -25.21 
204 -26.60 
205 -26.02 
206 -25.10 
207 -25.85 
208 -25.86 
209 -26.16 
210 -26.53 
211 -26.86 
212 -24.62 
213 -27.72 
214 -25.30 
215 -26.07 
216 -24.86 
217 -25.28 
218 -25.88 
219 -24.24 
220 -24.74 
221 -25.62 
222 -24.92 
223 -26.76 
224 -25.62 
225 -26.11 
226 -23.62 
227 -24.73 
228 -26.85 
229 -26.54 
230 -25.64 
231 -27.05 
232 -25.32 
233 -25.15 
234 -24.51 
235 -26.77 
236 -25.14 
237 -25.08 
238 -25.42 
239 -25.49 
240 -25.18 
241 -26.86 
242 -25.26 
243 -26.17 
244 -24.84 
245 -26.59 
246 -25.37 
247 -24.54 
248 -24.68 
249 -25.28 
250 -26.12 
251 -26.91 
252 -24.55 
253 -25.61 
254 -25.88 
255 -25.78 
256 -25.38 
257 -25.22 
258 -24.18 
259 -25.09 
260 -25.62 
261 -25.80 
262 -25.95 
263 -25.39 
264 -24.18 
265 -24.24 
266 -25.50 
267 -26.37 
268 -27.58 
269 -24.73 
270 -25.59 
271 -24.01 
272 -24.27 
273 -26.76 
274 -26.03 
275 -26.61 
276 -26.58 
277 -26.46 
278 -24.77 
279 -26.10 
280 -26.13 
281 -26.59 
282 -25.51 
283 -25.45 
284 -24.89 
285 -24.96 
286 -24.98 
287 -25.40 
288 -25.40 
289 -25.45 
290 -26.12 
291 -25.94 
292 -24.24 
293 -23.69 
294 -25.68 
295 -24.79 
296 -24.44 
297 -25.69 
298 -26.82 
299 -26.19 
300 -24.78 
301 -26.10 
302 -22.91 
303 -24.89 
304 -26.17 
305 -24.86 
306 -25.19 
307 -26.29 
308 -24.16 
309 -25.13 
310 -26.03 
311 -26.23 
312 -25.67 
313 -26.51 
314 -25.24 
315 -25.42 
316 -25.94 
317 -26.06 
318 -24.48 
319 -25.72 
320 -24.31 
321 -25.78 
322 -25.00 
323 -25.05 
324 -26.05 
325 -26.08 
326 -23.58 
327 -25.69 
328 -25.51 
329 -26.38 
330 -26.24 
331 -25.87 
332 -25.46 
333 -24.70 
334 -24.25 
335 -22.83 
336 -26.25 
337 -25.57 
338 -25.70 
339 -27.24 
340 -25.06 
341 -24.83 
342 -26.60 
343 -25.55 
344 -24.26 
345 -26.22 
346 -25.52 
347 -24.49 
348 -25.16 
349 -25.64 
350 -25.17 
351 -24.72 
352 -25.88 
353 -25.38 
354 -26.26 
355 -24.96 
356 -23.95 
357 -25.70 
358 -25.52 
359 -25.32 
360 -24.77 
361 -26.72 
362 -24.91 
363 -25.75 
364 -25.71 
365 -24.94 
366 -26.37 
367 -26.67 
368 -25.66 
369 -26.08 
370 -26.34 
371 -27.02 
372 -24.90 
373 -26.87 
374 -26.12 
375 -25.36 
376 -23.38 
377 -24.64 
378 -26.09 
379 -24.78 
380 -23.90 
381 -25.14 
382 -25.17 
383 -25.33 
384 -25.77 
385 -25.07 
386 -26.00 
387 -24.95 
388 -25.20 
389 -24.25 
390 -25.02 
391 -26.43 
392 -25.35 
393 -27.35 
394 -24.08 
395 -25.46 
396 -26.75 
397 -25.91 
398 -26.40 
399 -26.31 
400 -25.74 
401 -23.43 
402 -26.11 
403 -26.24 
404 -24.87 
405 -24.12 
406 -25.63 
407 -25.12 
408 -26.50 
409 -25.08 
410 -24.32 
411 -24.60 
412 -26.57 
413 -27.67 
414 -24.13 
415 -24.54 
416 -25.53 
417 -25.23 
418 -25.32 
419 -25.87 
420 -26.28 
421 -25.82 
422 -24.90 
423 -25.11 
424 -24.88 
425 -26.24 
426 -24.86 
427 -25.57 
428 -24.75 
429 -24.33 
430 -24.56 
431 -25.27 
432 -25.34 
433 -25.08 
434 -25.01 
435 -25.09 
436 -25.46 
437 -25.07 
438 -24.78 
439 -23.85 
440 -25.19 
441 -24.96 
442 -23.30 
443 -24.75 
444 -24.85 
445 -24.64 
446 -24.89 
447 -25.43 
448 -26.70 
449 -25.14 
450 -26.56 
451 -25.14 
452 -27.56 
453 -26.07 
454 -25.01 
455 -26.24 
456 -25.08 
457 -24.22 
458 -25.59 
459 -24.89 
460 -25.83 
461 -24.44 
462 -24.74 
463 -25.36 
464 -24.86 
465 -26.82 
466 -24.36 
467 -25.49 
468 -25.79 
469 -26.46 
470 -25.32 
471 -24.64 
472 -24.35 
473 -26.32 
474 -25.13 
475 -25.49 
476 -24.68 
477 -25.65 
478 -26.51 
479 -24.48 
480 -26.17 
481 -25.07 
482 -27.40 
483 -24.91 
484 -26.63 
485 -25.74 
486 -25.45 
487 -24.10 
488 -24.64 
489 -25.93 
490 -26.96 
491 -25.11 
492 -25.80 
493 -26.23 
494 -25.79 
495 -26.36 
496 -24.59 
497 -25.55 
498 -25.62 
499 -25.77 
500 -23.79 
